"stim1_name","stim1_file","stim1_pair","stim1_deact_file","stim1_step2_name","stim1_step2_file","stim1_step2_basket_name","stim1_step2_basket_file","stim2_name","stim2_file","stim2_pair","stim2_deact_file","stim2_step2_name","stim2_step2_file","stim2_step2_basket_name","stim2_step2_basket_file","stim3_name","stim3_file","stim3_pair","stim3_deact_file","stim3_step2_name","stim3_step2_file","stim3_step2_basket_name","stim3_step2_basket_file","stim4_name","stim4_file","stim4_pair","stim4_deact_file","stim4_step2_name","stim4_step2_file","stim4_step2_basket_name","stim4_step2_basket_file","participant","session","date","expName","psychopyVersion","OS","frameRate","PROLIFIC_PID","STUDY_ID","SESSION_ID","consent_keyresp.keys","consent_keyresp.rt","consent_keyresp.duration","global_instructions1_key.keys","global_instructions1_key.rt","global_instructions1_key.duration","global_instructions2_key.keys","global_instructions2_key.rt","global_instructions2_key.duration","global_instructions3_key.keys","global_instructions3_key.rt","global_instructions3_key.duration","global_instructions4_key.keys","global_instructions4_key.rt","global_instructions4_key.duration","global_instructions5_key.keys","global_instructions5_key.rt","global_instructions5_key.duration","p_fixation_2.started","p_fixation_2.stopped","p_step1_keyresp.keys","p_failStep1_keyresp.keys","p_failStep1_keyresp.rt","p_failStep1_keyresp.duration","p_step1_pair_index","p_step1_stimLeft_name","p_step1_stimLeft_pair","p_step1_stimLeft_reward","p_step1_stimLeft_step2Stim","p_step1_stimLeft_step2Basket","p_step1_stimRight_name","p_step1_stimRight_pair","p_step1_stimRight_reward","p_step1_stimRight_step2Stim","p_step1_stimRight_step2Basket","p_points","p_fail_step1","p_fail_step2","p_reward_flag","p_step1_choice","p_step2_stim","p_step2_basket","p_score","practice.thisRepN","practice.thisTrialN","practice.thisN","practice.thisIndex","practice.ran","pair_index","p_step1_keyresp.rt","p_step1_keyresp.duration","p_step2_keyresp.keys","p_step2_keyresp.rt","p_step2_keyresp.duration","p_failStep2_keyresp.keys","p_failStep2_keyresp.rt","p_failStep2_keyresp.duration","t_instructions_keyresp.keys","t_instructions_keyresp.rt","t_instructions_keyresp.duration","t_step1_keyresp.keys","t_step1_keyresp.rt","t_step1_keyresp.duration","t_step2_keyresp.keys","t_step2_keyresp.rt","t_step2_keyresp.duration","t_step1_pair_index","t_step1_stimLeft_name","t_step1_stimLeft_pair","t_step1_stimLeft_reward","t_step1_stimLeft_step2Stim","t_step1_stimLeft_step2Basket","t_step1_stimRight_name","t_step1_stimRight_pair","t_step1_stimRight_reward","t_step1_stimRight_step2Stim","t_step1_stimRight_step2Basket","t_points","t_fail_step1","t_fail_step2","t_reward_flag","t_step1_choice","t_step2_stim","t_step2_basket","globa_score","t_data_stimWalk0","t_data_stimWalk1","trials.thisRepN","trials.thisTrialN","trials.thisN","trials.thisIndex","trials.ran","pl_global_instructions_keyresp.keys","pl_global_instructions_keyresp.rt","pl_global_instructions_keyresp.duration","vb_instructions_keyresp.keys","vb_instructions_keyresp.rt","vb_instructions_keyresp.duration","vb_textbox.text","vb_mouse.x","vb_mouse.y","vb_mouse.leftButton","vb_mouse.midButton","vb_mouse.rightButton","vb_mouse.time","vb_mouse.clicked_name","pl1_instructions1_keyresp.keys","pl1_instructions1_keyresp.rt","pl1_instructions1_keyresp.duration","pl1_instructions2_keyresp.keys","pl1_instructions2_keyresp.rt","pl1_instructions2_keyresp.duration","pl1_instructions3_keyresp.keys","pl1_instructions3_keyresp.rt","pl1_instructions3_keyresp.duration","pl1_instructions4_keyresp.keys","pl1_instructions4_keyresp.rt","pl1_instructions4_keyresp.duration","pl1_task_lickert.response","pl1_task_lickert.rt","pl1_task_confidence_lickert.response","pl1_task_confidence_lickert.rt","pl1_task_keyresp.keys","pl1_task_keyresp.rt","pl1_task_keyresp.duration","pl1_task_stimLeft","pl1_task_stimRight","pl1_loop.thisRepN","pl1_loop.thisTrialN","pl1_loop.thisN","pl1_loop.thisIndex","pl1_loop.ran","stimLeft_index","stimRight_index","pl2_instructions_keyresp.keys","pl2_instructions_keyresp.rt","pl2_instructions_keyresp.duration","pl2_task_lickert.response","pl2_task_lickert.rt","pl2_task_confidence_lickert.response","pl2_task_confidence_lickert.rt","pl2_task_keyresp.keys","pl2_task_keyresp.rt","pl2_task_keyresp.duration","pl2_task_gnome","pl2_task_forest","pl2_task_basket","pl2_loop.thisRepN","pl2_loop.thisTrialN","pl2_loop.thisN","pl2_loop.thisIndex","pl2_loop.ran","gnome_id","forest_id","pl3_instructions_keyresp.keys","pl3_instructions_keyresp.rt","pl3_instructions_keyresp.duration","pl3_task_lickert.response","pl3_task_lickert.rt","pl3_task_keyresp.keys","pl3_task_keyresp.rt","pl3_task_keyresp.duration","pl3_task_confidence_lickert.response","pl3_task_confidence_lickert.rt","pl3_task_stimLeftBg","pl3_task_stimRightBg","pl3_task_stimLeft","pl3_task_stimRight","pl3_loop.thisRepN","pl3_loop.thisTrialN","pl3_loop.thisN","pl3_loop.thisIndex","pl3_loop.ran","pl4_instructions_keyresp.keys","pl4_instructions_keyresp.rt","pl4_instructions_keyresp.duration","pl4_task_lickert.response","pl4_task_lickert.rt","pl4_task_keyresp.keys","pl4_task_keyresp.rt","pl4_task_keyresp.duration","pl4_task_confidence_lickert.response","pl4_task_confidence_lickert.rt","pl4_task_stimLeft","pl4_task_stimRight","pl4_loop.thisRepN","pl4_loop.thisTrialN","pl4_loop.thisN","pl4_loop.thisIndex","pl4_loop.ran","end_keyresp.keys","end_keyresp.rt","end_keyresp.duration","show_trials.thisRepN","show_trials.thisTrialN","show_trials.thisN","show_trials.thisIndex","show_trials.ran"
"brown_gnomes","ressources/step1_stim1.png",2,"ressources/step1_stim1_deact.png","bright_forest","ressources/step2_background1.png","yellow_basket","ressources/step2_stim1.png","purple_gnome","ressources/step1_stim2.png",1,"ressources/step1_stim2_deact.png","dark_forest","ressources/step2_background2.png","red_basket","ressources/step2_stim2.png","red_gnome","ressources/step1_stim3.png",2,"ressources/step1_stim3_deact.png","dark_forest","ressources/step2_background2.png","red_basket","ressources/step2_stim2.png","green_gnome","ressources/step1_stim4.png",1,"ressources/step1_stim4_deact.png","bright_forest","ressources/step2_background1.png","yellow_basket","ressources/step2_stim1.png",974381,1,"2024-02-08_14h44.32.787","experiment","2023.2.3","Win32",59.52380952,"6101ab943961ab6022c9d969","65c4d99ac54131abf9bf5100","65c4e8ab5500ab66e682f6ed","",NA,NA,"",NA,NA,"",NA,NA,"",NA,NA,"",NA,NA,"",NA,NA,NA,NA,"","",NA,NA,NA,"",NA,NA,"","","",NA,NA,"","",NA,NA,NA,NA,"","","",NA,NA,NA,NA,NA,NA,NA,NA,NA,"",NA,NA,"",NA,NA,"",NA,NA,"",NA,NA,"",NA,NA,NA,"",NA,NA,"","","",NA,NA,"","",NA,NA,NA,NA,"","","",NA,NA,NA,NA,NA,NA,NA,NA,"",NA,NA,"",NA,NA,"",NA,NA,NA,NA,NA,NA,"","",NA,NA,"",NA,NA,"",NA,NA,"",NA,NA,NA,NA,NA,NA,"",NA,NA,"","",NA,NA,NA,NA,NA,NA,NA,"",NA,NA,NA,NA,NA,NA,"",NA,NA,"","","",NA,NA,NA,NA,NA,NA,NA,"",NA,NA,NA,NA,"",NA,NA,NA,NA,"","","","",NA,NA,NA,NA,NA,"",NA,NA,NA,NA,"",NA,NA,NA,NA,"","",NA,NA,NA,NA,NA,"",NA,NA,NA,NA,NA,NA,NA
"","",NA,"","","","","","","",NA,"","","","","","","",NA,"","","","","","","",NA,"","","","","",974381,1,"2024-02-08_14h44.32.787","experiment","2023.2.3","Win32",59.52380952,"6101ab943961ab6022c9d969","65c4d99ac54131abf9bf5100","65c4e8ab5500ab66e682f6ed","y",6.6342,NA,"",NA,NA,"",NA,NA,"",NA,NA,"",NA,NA,"",NA,NA,NA,NA,"","",NA,NA,NA,"",NA,NA,"","","",NA,NA,"","",NA,NA,NA,NA,"","","",NA,NA,NA,NA,NA,NA,NA,NA,NA,"",NA,NA,"",NA,NA,"",NA,NA,"",NA,NA,"",NA,NA,NA,"",NA,NA,"","","",NA,NA,"","",NA,NA,NA,NA,"","","",NA,NA,NA,NA,NA,NA,NA,NA,"",NA,NA,"",NA,NA,"",NA,NA,NA,NA,NA,NA,"","",NA,NA,"",NA,NA,"",NA,NA,"",NA,NA,NA,NA,NA,NA,"",NA,NA,"","",NA,NA,NA,NA,NA,NA,NA,"",NA,NA,NA,NA,NA,NA,"",NA,NA,"","","",NA,NA,NA,NA,NA,NA,NA,"",NA,NA,NA,NA,"",NA,NA,NA,NA,"","","","",NA,NA,NA,NA,NA,"",NA,NA,NA,NA,"",NA,NA,NA,NA,"","",NA,NA,NA,NA,NA,"",NA,NA,NA,NA,NA,NA,NA
"","",NA,"","","","","","","",NA,"","","","","","","",NA,"","","","","","","",NA,"","","","","",974381,1,"2024-02-08_14h44.32.787","experiment","2023.2.3","Win32",59.52380952,"6101ab943961ab6022c9d969","65c4d99ac54131abf9bf5100","65c4e8ab5500ab66e682f6ed","",NA,NA,"space",7.696,NA,"space",13.4536,NA,"space",22.7936,NA,"space",18.8038,NA,"space",18.3018,NA,89.247,89.7638,"","space",2.3127,NA,2,"p_green_gnome",2,0,"p_green_forest","p_blue_basket","p_orange_gnome",2,5,"p_yellow_forest","p_green_basket",0,1,0,0,"","","",0,0,0,0,1,1,2,NA,NA,"",NA,NA,"",NA,NA,"",NA,NA,"",NA,NA,"",NA,NA,NA,"",NA,NA,"","","",NA,NA,"","",NA,NA,NA,NA,"","","",NA,NA,NA,NA,NA,NA,NA,NA,"",NA,NA,"",NA,NA,"",NA,NA,NA,NA,NA,NA,"","",NA,NA,"",NA,NA,"",NA,NA,"",NA,NA,NA,NA,NA,NA,"",NA,NA,"","",NA,NA,NA,NA,NA,NA,NA,"",NA,NA,NA,NA,NA,NA,"",NA,NA,"","","",NA,NA,NA,NA,NA,NA,NA,"",NA,NA,NA,NA,"",NA,NA,NA,NA,"","","","",NA,NA,NA,NA,NA,"",NA,NA,NA,NA,"",NA,NA,NA,NA,"","",NA,NA,NA,NA,NA,"",NA,NA,NA,NA,NA,NA,NA
"","",NA,"","","","","","","",NA,"","","","","","","",NA,"","","","","","","",NA,"","","","","",974381,1,"2024-02-08_14h44.32.787","experiment","2023.2.3","Win32",59.52380952,"6101ab943961ab6022c9d969","65c4d99ac54131abf9bf5100","65c4e8ab5500ab66e682f6ed","",NA,NA,"",NA,NA,"",NA,NA,"",NA,NA,"",NA,NA,"",NA,NA,93.6053,94.1182,"s","",NA,NA,2,"p_green_gnome",2,0,"p_green_forest","p_blue_basket","p_orange_gnome",2,5,"p_yellow_forest","p_green_basket",0,0,0,1,"p_green_gnome","p_green_forest","p_blue_basket",0,0,1,1,1,1,2,0.8215,NA,"space",1.0741,NA,"",NA,NA,"",NA,NA,"",NA,NA,"",NA,NA,NA,"",NA,NA,"","","",NA,NA,"","",NA,NA,NA,NA,"","","",NA,NA,NA,NA,NA,NA,NA,NA,"",NA,NA,"",NA,NA,"",NA,NA,NA,NA,NA,NA,"","",NA,NA,"",NA,NA,"",NA,NA,"",NA,NA,NA,NA,NA,NA,"",NA,NA,"","",NA,NA,NA,NA,NA,NA,NA,"",NA,NA,NA,NA,NA,NA,"",NA,NA,"","","",NA,NA,NA,NA,NA,NA,NA,"",NA,NA,NA,NA,"",NA,NA,NA,NA,"","","","",NA,NA,NA,NA,NA,"",NA,NA,NA,NA,"",NA,NA,NA,NA,"","",NA,NA,NA,NA,NA,"",NA,NA,NA,NA,NA,NA,NA
"","",NA,"","","","","","","",NA,"","","","","","","",NA,"","","","","","","",NA,"","","","","",974381,1,"2024-02-08_14h44.32.787","experiment","2023.2.3","Win32",59.52380952,"6101ab943961ab6022c9d969","65c4d99ac54131abf9bf5100","65c4e8ab5500ab66e682f6ed","",NA,NA,"",NA,NA,"",NA,NA,"",NA,NA,"",NA,NA,"",NA,NA,99.1373,99.6457,"","space",2.3962,NA,1,"p_blue_gnome",1,1,"p_green_forest","p_blue_basket","p_pink_gnomes",1,6,"p_yellow_forest","p_green_basket",0,1,0,0,"p_green_gnome","p_green_forest","p_blue_basket",0,1,0,2,0,1,1,NA,NA,"",NA,NA,"",NA,NA,"",NA,NA,"",NA,NA,"",NA,NA,NA,"",NA,NA,"","","",NA,NA,"","",NA,NA,NA,NA,"","","",NA,NA,NA,NA,NA,NA,NA,NA,"",NA,NA,"",NA,NA,"",NA,NA,NA,NA,NA,NA,"","",NA,NA,"",NA,NA,"",NA,NA,"",NA,NA,NA,NA,NA,NA,"",NA,NA,"","",NA,NA,NA,NA,NA,NA,NA,"",NA,NA,NA,NA,NA,NA,"",NA,NA,"","","",NA,NA,NA,NA,NA,NA,NA,"",NA,NA,NA,NA,"",NA,NA,NA,NA,"","","","",NA,NA,NA,NA,NA,"",NA,NA,NA,NA,"",NA,NA,NA,NA,"","",NA,NA,NA,NA,NA,"",NA,NA,NA,NA,NA,NA,NA
"","",NA,"","","","","","","",NA,"","","","","","","",NA,"","","","","","","",NA,"","","","","",974381,1,"2024-02-08_14h44.32.787","experiment","2023.2.3","Win32",59.52380952,"6101ab943961ab6022c9d969","65c4d99ac54131abf9bf5100","65c4e8ab5500ab66e682f6ed","",NA,NA,"",NA,NA,"",NA,NA,"",NA,NA,"",NA,NA,"",NA,NA,103.569,104.0791,"k","",NA,NA,1,"p_pink_gnomes",1,6,"p_yellow_forest","p_green_basket","p_blue_gnome",1,1,"p_green_forest","p_blue_basket",1,0,0,1,"p_blue_gnome","p_green_forest","p_blue_basket",1,1,1,3,0,1,1,0.3398,NA,"space",0.9834,NA,"",NA,NA,"",NA,NA,"",NA,NA,"",NA,NA,NA,"",NA,NA,"","","",NA,NA,"","",NA,NA,NA,NA,"","","",NA,NA,NA,NA,NA,NA,NA,NA,"",NA,NA,"",NA,NA,"",NA,NA,NA,NA,NA,NA,"","",NA,NA,"",NA,NA,"",NA,NA,"",NA,NA,NA,NA,NA,NA,"",NA,NA,"","",NA,NA,NA,NA,NA,NA,NA,"",NA,NA,NA,NA,NA,NA,"",NA,NA,"","","",NA,NA,NA,NA,NA,NA,NA,"",NA,NA,NA,NA,"",NA,NA,NA,NA,"","","","",NA,NA,NA,NA,NA,"",NA,NA,NA,NA,"",NA,NA,NA,NA,"","",NA,NA,NA,NA,NA,"",NA,NA,NA,NA,NA,NA,NA
"","",NA,"","","","","","","",NA,"","","","","","","",NA,"","","","","","","",NA,"","","","","",974381,1,"2024-02-08_14h44.32.787","experiment","2023.2.3","Win32",59.52380952,"6101ab943961ab6022c9d969","65c4d99ac54131abf9bf5100","65c4e8ab5500ab66e682f6ed","",NA,NA,"",NA,NA,"",NA,NA,"",NA,NA,"",NA,NA,"",NA,NA,109.105,109.6122,"s","",NA,NA,2,"p_orange_gnome",2,7,"p_yellow_forest","p_green_basket","p_green_gnome",2,2,"p_green_forest","p_blue_basket",7,0,0,1,"p_orange_gnome","p_yellow_forest","p_green_basket",8,2,0,4,1,1,2,1.3751,NA,"space",1.0154,NA,"",NA,NA,"",NA,NA,"",NA,NA,"",NA,NA,NA,"",NA,NA,"","","",NA,NA,"","",NA,NA,NA,NA,"","","",NA,NA,NA,NA,NA,NA,NA,NA,"",NA,NA,"",NA,NA,"",NA,NA,NA,NA,NA,NA,"","",NA,NA,"",NA,NA,"",NA,NA,"",NA,NA,NA,NA,NA,NA,"",NA,NA,"","",NA,NA,NA,NA,NA,NA,NA,"",NA,NA,NA,NA,NA,NA,"",NA,NA,"","","",NA,NA,NA,NA,NA,NA,NA,"",NA,NA,NA,NA,"",NA,NA,NA,NA,"","","","",NA,NA,NA,NA,NA,"",NA,NA,NA,NA,"",NA,NA,NA,NA,"","",NA,NA,NA,NA,NA,"",NA,NA,NA,NA,NA,NA,NA
"","",NA,"","","","","","","",NA,"","","","","","","",NA,"","","","","","","",NA,"","","","","",974381,1,"2024-02-08_14h44.32.787","experiment","2023.2.3","Win32",59.52380952,"6101ab943961ab6022c9d969","65c4d99ac54131abf9bf5100","65c4e8ab5500ab66e682f6ed","",NA,NA,"",NA,NA,"",NA,NA,"",NA,NA,"",NA,NA,"",NA,NA,114.6366,115.151,"k","",NA,NA,2,"p_orange_gnome",2,7,"p_yellow_forest","p_green_basket","p_green_gnome",2,2,"p_green_forest","p_blue_basket",0,0,1,0,"p_green_gnome","p_green_forest","p_blue_basket",8,2,1,5,1,1,2,1.1751,NA,"",NA,NA,"space",0.2851,NA,"",NA,NA,"",NA,NA,"",NA,NA,NA,"",NA,NA,"","","",NA,NA,"","",NA,NA,NA,NA,"","","",NA,NA,NA,NA,NA,NA,NA,NA,"",NA,NA,"",NA,NA,"",NA,NA,NA,NA,NA,NA,"","",NA,NA,"",NA,NA,"",NA,NA,"",NA,NA,NA,NA,NA,NA,"",NA,NA,"","",NA,NA,NA,NA,NA,NA,NA,"",NA,NA,NA,NA,NA,NA,"",NA,NA,"","","",NA,NA,NA,NA,NA,NA,NA,"",NA,NA,NA,NA,"",NA,NA,NA,NA,"","","","",NA,NA,NA,NA,NA,"",NA,NA,NA,NA,"",NA,NA,NA,NA,"","",NA,NA,NA,NA,NA,"",NA,NA,NA,NA,NA,NA,NA
"","",NA,"","","","","","","",NA,"","","","","","","",NA,"","","","","","","",NA,"","","","","",974381,1,"2024-02-08_14h44.32.787","experiment","2023.2.3","Win32",59.52380952,"6101ab943961ab6022c9d969","65c4d99ac54131abf9bf5100","65c4e8ab5500ab66e682f6ed","",NA,NA,"",NA,NA,"",NA,NA,"",NA,NA,"",NA,NA,"",NA,NA,118.4518,118.9625,"k","",NA,NA,1,"p_pink_gnomes",1,8,"p_yellow_forest","p_green_basket","p_blue_gnome",1,3,"p_green_forest","p_blue_basket",3,0,0,1,"p_blue_gnome","p_green_forest","p_blue_basket",11,3,0,6,0,1,1,0.6569,NA,"space",0.3308,NA,"",NA,NA,"",NA,NA,"",NA,NA,"",NA,NA,NA,"",NA,NA,"","","",NA,NA,"","",NA,NA,NA,NA,"","","",NA,NA,NA,NA,NA,NA,NA,NA,"",NA,NA,"",NA,NA,"",NA,NA,NA,NA,NA,NA,"","",NA,NA,"",NA,NA,"",NA,NA,"",NA,NA,NA,NA,NA,NA,"",NA,NA,"","",NA,NA,NA,NA,NA,NA,NA,"",NA,NA,NA,NA,NA,NA,"",NA,NA,"","","",NA,NA,NA,NA,NA,NA,NA,"",NA,NA,NA,NA,"",NA,NA,NA,NA,"","","","",NA,NA,NA,NA,NA,"",NA,NA,NA,NA,"",NA,NA,NA,NA,"","",NA,NA,NA,NA,NA,"",NA,NA,NA,NA,NA,NA,NA
"","",NA,"","","","","","","",NA,"","","","","","","",NA,"","","","","","","",NA,"","","","","",974381,1,"2024-02-08_14h44.32.787","experiment","2023.2.3","Win32",59.52380952,"6101ab943961ab6022c9d969","65c4d99ac54131abf9bf5100","65c4e8ab5500ab66e682f6ed","",NA,NA,"",NA,NA,"",NA,NA,"",NA,NA,"",NA,NA,"",NA,NA,123.9956,124.5122,"k","",NA,NA,2,"p_orange_gnome",2,8,"p_yellow_forest","p_green_basket","p_green_gnome",2,3,"p_green_forest","p_blue_basket",3,0,0,1,"p_green_gnome","p_green_forest","p_blue_basket",14,3,1,7,1,1,2,0.606,NA,"space",0.4984,NA,"",NA,NA,"",NA,NA,"",NA,NA,"",NA,NA,NA,"",NA,NA,"","","",NA,NA,"","",NA,NA,NA,NA,"","","",NA,NA,NA,NA,NA,NA,NA,NA,"",NA,NA,"",NA,NA,"",NA,NA,NA,NA,NA,NA,"","",NA,NA,"",NA,NA,"",NA,NA,"",NA,NA,NA,NA,NA,NA,"",NA,NA,"","",NA,NA,NA,NA,NA,NA,NA,"",NA,NA,NA,NA,NA,NA,"",NA,NA,"","","",NA,NA,NA,NA,NA,NA,NA,"",NA,NA,NA,NA,"",NA,NA,NA,NA,"","","","",NA,NA,NA,NA,NA,"",NA,NA,NA,NA,"",NA,NA,NA,NA,"","",NA,NA,NA,NA,NA,"",NA,NA,NA,NA,NA,NA,NA
"","",NA,"","","","","","","",NA,"","","","","","","",NA,"","","","","","","",NA,"","","","","",974381,1,"2024-02-08_14h44.32.787","experiment","2023.2.3","Win32",59.52380952,"6101ab943961ab6022c9d969","65c4d99ac54131abf9bf5100","65c4e8ab5500ab66e682f6ed","",NA,NA,"",NA,NA,"",NA,NA,"",NA,NA,"",NA,NA,"",NA,NA,129.5402,130.0459,"k","",NA,NA,1,"p_pink_gnomes",1,9,"p_yellow_forest","p_green_basket","p_blue_gnome",1,4,"p_green_forest","p_blue_basket",4,0,0,1,"p_blue_gnome","p_green_forest","p_blue_basket",18,4,0,8,0,1,1,0.3881,NA,"space",0.879,NA,"",NA,NA,"",NA,NA,"",NA,NA,"",NA,NA,NA,"",NA,NA,"","","",NA,NA,"","",NA,NA,NA,NA,"","","",NA,NA,NA,NA,NA,NA,NA,NA,"",NA,NA,"",NA,NA,"",NA,NA,NA,NA,NA,NA,"","",NA,NA,"",NA,NA,"",NA,NA,"",NA,NA,NA,NA,NA,NA,"",NA,NA,"","",NA,NA,NA,NA,NA,NA,NA,"",NA,NA,NA,NA,NA,NA,"",NA,NA,"","","",NA,NA,NA,NA,NA,NA,NA,"",NA,NA,NA,NA,"",NA,NA,NA,NA,"","","","",NA,NA,NA,NA,NA,"",NA,NA,NA,NA,"",NA,NA,NA,NA,"","",NA,NA,NA,NA,NA,"",NA,NA,NA,NA,NA,NA,NA
"","",NA,"","","","","","","",NA,"","","","","","","",NA,"","","","","","","",NA,"","","","","",974381,1,"2024-02-08_14h44.32.787","experiment","2023.2.3","Win32",59.52380952,"6101ab943961ab6022c9d969","65c4d99ac54131abf9bf5100","65c4e8ab5500ab66e682f6ed","",NA,NA,"",NA,NA,"",NA,NA,"",NA,NA,"",NA,NA,"",NA,NA,135.0695,135.5792,"s","",NA,NA,1,"p_blue_gnome",1,4,"p_green_forest","p_blue_basket","p_pink_gnomes",1,9,"p_yellow_forest","p_green_basket",4,0,0,1,"p_blue_gnome","p_green_forest","p_blue_basket",22,4,1,9,0,1,1,0.6041,NA,"space",0.4451,NA,"",NA,NA,"",NA,NA,"",NA,NA,"",NA,NA,NA,"",NA,NA,"","","",NA,NA,"","",NA,NA,NA,NA,"","","",NA,NA,NA,NA,NA,NA,NA,NA,"",NA,NA,"",NA,NA,"",NA,NA,NA,NA,NA,NA,"","",NA,NA,"",NA,NA,"",NA,NA,"",NA,NA,NA,NA,NA,NA,"",NA,NA,"","",NA,NA,NA,NA,NA,NA,NA,"",NA,NA,NA,NA,NA,NA,"",NA,NA,"","","",NA,NA,NA,NA,NA,NA,NA,"",NA,NA,NA,NA,"",NA,NA,NA,NA,"","","","",NA,NA,NA,NA,NA,"",NA,NA,NA,NA,"",NA,NA,NA,NA,"","",NA,NA,NA,NA,NA,"",NA,NA,NA,NA,NA,NA,NA
"","",NA,"","","","","","","",NA,"","","","","","","",NA,"","","","","","","",NA,"","","","","",974381,1,"2024-02-08_14h44.32.787","experiment","2023.2.3","Win32",59.52380952,"6101ab943961ab6022c9d969","65c4d99ac54131abf9bf5100","65c4e8ab5500ab66e682f6ed","",NA,NA,"",NA,NA,"",NA,NA,"",NA,NA,"",NA,NA,"",NA,NA,NA,NA,"","",NA,NA,NA,"",NA,NA,"","","",NA,NA,"","",NA,NA,NA,NA,"","","",NA,NA,NA,NA,NA,NA,1,NA,NA,"",NA,NA,"",NA,NA,"space",20.651,NA,"s",0.4147,NA,"space",0.4699,NA,1,"purple_gnome",1,1,"dark_forest","red_basket","green_gnome",1,8,"bright_forest","yellow_basket",1,0,0,1,"purple_gnome","dark_forest","red_basket",1,1,2,0,0,0,0,1,"",NA,NA,"",NA,NA,"",NA,NA,NA,NA,NA,NA,"","",NA,NA,"",NA,NA,"",NA,NA,"",NA,NA,NA,NA,NA,NA,"",NA,NA,"","",NA,NA,NA,NA,NA,NA,NA,"",NA,NA,NA,NA,NA,NA,"",NA,NA,"","","",NA,NA,NA,NA,NA,NA,NA,"",NA,NA,NA,NA,"",NA,NA,NA,NA,"","","","",NA,NA,NA,NA,NA,"",NA,NA,NA,NA,"",NA,NA,NA,NA,"","",NA,NA,NA,NA,NA,"",NA,NA,NA,NA,NA,NA,NA
"","",NA,"","","","","","","",NA,"","","","","","","",NA,"","","","","","","",NA,"","","","","",974381,1,"2024-02-08_14h44.32.787","experiment","2023.2.3","Win32",59.52380952,"6101ab943961ab6022c9d969","65c4d99ac54131abf9bf5100","65c4e8ab5500ab66e682f6ed","",NA,NA,"",NA,NA,"",NA,NA,"",NA,NA,"",NA,NA,"",NA,NA,NA,NA,"","",NA,NA,NA,"",NA,NA,"","","",NA,NA,"","",NA,NA,NA,NA,"","","",NA,NA,NA,NA,NA,NA,1,NA,NA,"",NA,NA,"",NA,NA,"",NA,NA,"k",0.6391,NA,"space",0.6067,NA,1,"green_gnome",1,9,"bright_forest","yellow_basket","purple_gnome",1,3,"dark_forest","red_basket",3,0,0,1,"purple_gnome","dark_forest","red_basket",4,1,-2,0,1,1,0,1,"",NA,NA,"",NA,NA,"",NA,NA,NA,NA,NA,NA,"","",NA,NA,"",NA,NA,"",NA,NA,"",NA,NA,NA,NA,NA,NA,"",NA,NA,"","",NA,NA,NA,NA,NA,NA,NA,"",NA,NA,NA,NA,NA,NA,"",NA,NA,"","","",NA,NA,NA,NA,NA,NA,NA,"",NA,NA,NA,NA,"",NA,NA,NA,NA,"","","","",NA,NA,NA,NA,NA,"",NA,NA,NA,NA,"",NA,NA,NA,NA,"","",NA,NA,NA,NA,NA,"",NA,NA,NA,NA,NA,NA,NA
"","",NA,"","","","","","","",NA,"","","","","","","",NA,"","","","","","","",NA,"","","","","",974381,1,"2024-02-08_14h44.32.787","experiment","2023.2.3","Win32",59.52380952,"6101ab943961ab6022c9d969","65c4d99ac54131abf9bf5100","65c4e8ab5500ab66e682f6ed","",NA,NA,"",NA,NA,"",NA,NA,"",NA,NA,"",NA,NA,"",NA,NA,NA,NA,"","",NA,NA,NA,"",NA,NA,"","","",NA,NA,"","",NA,NA,NA,NA,"","","",NA,NA,NA,NA,NA,NA,1,NA,NA,"",NA,NA,"",NA,NA,"",NA,NA,"k",0.4162,NA,"",NA,NA,1,"purple_gnome",1,1,"dark_forest","red_basket","green_gnome",1,8,"bright_forest","yellow_basket",0,0,1,0,"green_gnome","bright_forest","yellow_basket",4,-1,2,1,0,2,0,1,"",NA,NA,"",NA,NA,"",NA,NA,NA,NA,NA,NA,"","",NA,NA,"",NA,NA,"",NA,NA,"",NA,NA,NA,NA,NA,NA,"",NA,NA,"","",NA,NA,NA,NA,NA,NA,NA,"",NA,NA,NA,NA,NA,NA,"",NA,NA,"","","",NA,NA,NA,NA,NA,NA,NA,"",NA,NA,NA,NA,"",NA,NA,NA,NA,"","","","",NA,NA,NA,NA,NA,"",NA,NA,NA,NA,"",NA,NA,NA,NA,"","",NA,NA,NA,NA,NA,"",NA,NA,NA,NA,NA,NA,NA
"","",NA,"","","","","","","",NA,"","","","","","","",NA,"","","","","","","",NA,"","","","","",974381,1,"2024-02-08_14h44.32.787","experiment","2023.2.3","Win32",59.52380952,"6101ab943961ab6022c9d969","65c4d99ac54131abf9bf5100","65c4e8ab5500ab66e682f6ed","",NA,NA,"",NA,NA,"",NA,NA,"",NA,NA,"",NA,NA,"",NA,NA,NA,NA,"","",NA,NA,NA,"",NA,NA,"","","",NA,NA,"","",NA,NA,NA,NA,"","","",NA,NA,NA,NA,NA,NA,2,NA,NA,"",NA,NA,"",NA,NA,"",NA,NA,"s",1.1816,NA,"space",0.3679,NA,2,"brown_gnomes",2,7,"bright_forest","yellow_basket","red_gnome",2,3,"dark_forest","red_basket",7,0,0,1,"brown_gnomes","bright_forest","yellow_basket",11,1,1,1,1,3,1,1,"",NA,NA,"",NA,NA,"",NA,NA,NA,NA,NA,NA,"","",NA,NA,"",NA,NA,"",NA,NA,"",NA,NA,NA,NA,NA,NA,"",NA,NA,"","",NA,NA,NA,NA,NA,NA,NA,"",NA,NA,NA,NA,NA,NA,"",NA,NA,"","","",NA,NA,NA,NA,NA,NA,NA,"",NA,NA,NA,NA,"",NA,NA,NA,NA,"","","","",NA,NA,NA,NA,NA,"",NA,NA,NA,NA,"",NA,NA,NA,NA,"","",NA,NA,NA,NA,NA,"",NA,NA,NA,NA,NA,NA,NA
"","",NA,"","","","","","","",NA,"","","","","","","",NA,"","","","","","","",NA,"","","","","",974381,1,"2024-02-08_14h44.32.787","experiment","2023.2.3","Win32",59.52380952,"6101ab943961ab6022c9d969","65c4d99ac54131abf9bf5100","65c4e8ab5500ab66e682f6ed","",NA,NA,"",NA,NA,"",NA,NA,"",NA,NA,"",NA,NA,"",NA,NA,NA,NA,"","",NA,NA,NA,"",NA,NA,"","","",NA,NA,"","",NA,NA,NA,NA,"","","",NA,NA,NA,NA,NA,NA,2,NA,NA,"",NA,NA,"",NA,NA,"",NA,NA,"s",0.6666,NA,"space",0.4573,NA,2,"brown_gnomes",2,8,"bright_forest","yellow_basket","red_gnome",2,4,"dark_forest","red_basket",8,0,0,1,"brown_gnomes","bright_forest","yellow_basket",19,2,-1,2,0,4,1,1,"",NA,NA,"",NA,NA,"",NA,NA,NA,NA,NA,NA,"","",NA,NA,"",NA,NA,"",NA,NA,"",NA,NA,NA,NA,NA,NA,"",NA,NA,"","",NA,NA,NA,NA,NA,NA,NA,"",NA,NA,NA,NA,NA,NA,"",NA,NA,"","","",NA,NA,NA,NA,NA,NA,NA,"",NA,NA,NA,NA,"",NA,NA,NA,NA,"","","","",NA,NA,NA,NA,NA,"",NA,NA,NA,NA,"",NA,NA,NA,NA,"","",NA,NA,NA,NA,NA,"",NA,NA,NA,NA,NA,NA,NA
"","",NA,"","","","","","","",NA,"","","","","","","",NA,"","","","","","","",NA,"","","","","",974381,1,"2024-02-08_14h44.32.787","experiment","2023.2.3","Win32",59.52380952,"6101ab943961ab6022c9d969","65c4d99ac54131abf9bf5100","65c4e8ab5500ab66e682f6ed","",NA,NA,"",NA,NA,"",NA,NA,"",NA,NA,"",NA,NA,"",NA,NA,NA,NA,"","",NA,NA,NA,"",NA,NA,"","","",NA,NA,"","",NA,NA,NA,NA,"","","",NA,NA,NA,NA,NA,NA,2,NA,NA,"",NA,NA,"",NA,NA,"",NA,NA,"k",0.4882,NA,"space",0.3001,NA,2,"red_gnome",2,3,"dark_forest","red_basket","brown_gnomes",2,8,"bright_forest","yellow_basket",8,0,0,1,"brown_gnomes","bright_forest","yellow_basket",27,0,-3,2,1,5,1,1,"",NA,NA,"",NA,NA,"",NA,NA,NA,NA,NA,NA,"","",NA,NA,"",NA,NA,"",NA,NA,"",NA,NA,NA,NA,NA,NA,"",NA,NA,"","",NA,NA,NA,NA,NA,NA,NA,"",NA,NA,NA,NA,NA,NA,"",NA,NA,"","","",NA,NA,NA,NA,NA,NA,NA,"",NA,NA,NA,NA,"",NA,NA,NA,NA,"","","","",NA,NA,NA,NA,NA,"",NA,NA,NA,NA,"",NA,NA,NA,NA,"","",NA,NA,NA,NA,NA,"",NA,NA,NA,NA,NA,NA,NA
"","",NA,"","","","","","","",NA,"","","","","","","",NA,"","","","","","","",NA,"","","","","",974381,1,"2024-02-08_14h44.32.787","experiment","2023.2.3","Win32",59.52380952,"6101ab943961ab6022c9d969","65c4d99ac54131abf9bf5100","65c4e8ab5500ab66e682f6ed","",NA,NA,"",NA,NA,"",NA,NA,"",NA,NA,"",NA,NA,"",NA,NA,NA,NA,"","",NA,NA,NA,"",NA,NA,"","","",NA,NA,"","",NA,NA,NA,NA,"","","",NA,NA,NA,NA,NA,NA,1,NA,NA,"",NA,NA,"",NA,NA,"",NA,NA,"k",0.5136,NA,"space",0.3175,NA,1,"green_gnome",1,8,"bright_forest","yellow_basket","purple_gnome",1,0,"dark_forest","red_basket",0,0,0,1,"purple_gnome","dark_forest","red_basket",27,1,1,3,0,6,0,1,"",NA,NA,"",NA,NA,"",NA,NA,NA,NA,NA,NA,"","",NA,NA,"",NA,NA,"",NA,NA,"",NA,NA,NA,NA,NA,NA,"",NA,NA,"","",NA,NA,NA,NA,NA,NA,NA,"",NA,NA,NA,NA,NA,NA,"",NA,NA,"","","",NA,NA,NA,NA,NA,NA,NA,"",NA,NA,NA,NA,"",NA,NA,NA,NA,"","","","",NA,NA,NA,NA,NA,"",NA,NA,NA,NA,"",NA,NA,NA,NA,"","",NA,NA,NA,NA,NA,"",NA,NA,NA,NA,NA,NA,NA
"","",NA,"","","","","","","",NA,"","","","","","","",NA,"","","","","","","",NA,"","","","","",974381,1,"2024-02-08_14h44.32.787","experiment","2023.2.3","Win32",59.52380952,"6101ab943961ab6022c9d969","65c4d99ac54131abf9bf5100","65c4e8ab5500ab66e682f6ed","",NA,NA,"",NA,NA,"",NA,NA,"",NA,NA,"",NA,NA,"",NA,NA,NA,NA,"","",NA,NA,NA,"",NA,NA,"","","",NA,NA,"","",NA,NA,NA,NA,"","","",NA,NA,NA,NA,NA,NA,1,NA,NA,"",NA,NA,"",NA,NA,"",NA,NA,"k",0.7113,NA,"",NA,NA,1,"green_gnome",1,9,"bright_forest","yellow_basket","purple_gnome",1,1,"dark_forest","red_basket",0,0,1,0,"purple_gnome","dark_forest","red_basket",27,3,0,3,1,7,0,1,"",NA,NA,"",NA,NA,"",NA,NA,NA,NA,NA,NA,"","",NA,NA,"",NA,NA,"",NA,NA,"",NA,NA,NA,NA,NA,NA,"",NA,NA,"","",NA,NA,NA,NA,NA,NA,NA,"",NA,NA,NA,NA,NA,NA,"",NA,NA,"","","",NA,NA,NA,NA,NA,NA,NA,"",NA,NA,NA,NA,"",NA,NA,NA,NA,"","","","",NA,NA,NA,NA,NA,"",NA,NA,NA,NA,"",NA,NA,NA,NA,"","",NA,NA,NA,NA,NA,"",NA,NA,NA,NA,NA,NA,NA
"","",NA,"","","","","","","",NA,"","","","","","","",NA,"","","","","","","",NA,"","","","","",974381,1,"2024-02-08_14h44.32.787","experiment","2023.2.3","Win32",59.52380952,"6101ab943961ab6022c9d969","65c4d99ac54131abf9bf5100","65c4e8ab5500ab66e682f6ed","",NA,NA,"",NA,NA,"",NA,NA,"",NA,NA,"",NA,NA,"",NA,NA,NA,NA,"","",NA,NA,NA,"",NA,NA,"","","",NA,NA,"","",NA,NA,NA,NA,"","","",NA,NA,NA,NA,NA,NA,2,NA,NA,"",NA,NA,"",NA,NA,"",NA,NA,"k",0.5391,NA,"space",0.3886,NA,2,"red_gnome",2,1,"dark_forest","red_basket","brown_gnomes",2,6,"bright_forest","yellow_basket",6,0,0,1,"brown_gnomes","bright_forest","yellow_basket",33,2,-2,4,0,8,1,1,"",NA,NA,"",NA,NA,"",NA,NA,NA,NA,NA,NA,"","",NA,NA,"",NA,NA,"",NA,NA,"",NA,NA,NA,NA,NA,NA,"",NA,NA,"","",NA,NA,NA,NA,NA,NA,NA,"",NA,NA,NA,NA,NA,NA,"",NA,NA,"","","",NA,NA,NA,NA,NA,NA,NA,"",NA,NA,NA,NA,"",NA,NA,NA,NA,"","","","",NA,NA,NA,NA,NA,"",NA,NA,NA,NA,"",NA,NA,NA,NA,"","",NA,NA,NA,NA,NA,"",NA,NA,NA,NA,NA,NA,NA
"","",NA,"","","","","","","",NA,"","","","","","","",NA,"","","","","","","",NA,"","","","","",974381,1,"2024-02-08_14h44.32.787","experiment","2023.2.3","Win32",59.52380952,"6101ab943961ab6022c9d969","65c4d99ac54131abf9bf5100","65c4e8ab5500ab66e682f6ed","",NA,NA,"",NA,NA,"",NA,NA,"",NA,NA,"",NA,NA,"",NA,NA,NA,NA,"","",NA,NA,NA,"",NA,NA,"","","",NA,NA,"","",NA,NA,NA,NA,"","","",NA,NA,NA,NA,NA,NA,1,NA,NA,"",NA,NA,"",NA,NA,"",NA,NA,"k",0.6548,NA,"space",1.433,NA,1,"green_gnome",1,8,"bright_forest","yellow_basket","purple_gnome",1,1,"dark_forest","red_basket",1,0,0,1,"purple_gnome","dark_forest","red_basket",34,-2,0,4,1,9,0,1,"",NA,NA,"",NA,NA,"",NA,NA,NA,NA,NA,NA,"","",NA,NA,"",NA,NA,"",NA,NA,"",NA,NA,NA,NA,NA,NA,"",NA,NA,"","",NA,NA,NA,NA,NA,NA,NA,"",NA,NA,NA,NA,NA,NA,"",NA,NA,"","","",NA,NA,NA,NA,NA,NA,NA,"",NA,NA,NA,NA,"",NA,NA,NA,NA,"","","","",NA,NA,NA,NA,NA,"",NA,NA,NA,NA,"",NA,NA,NA,NA,"","",NA,NA,NA,NA,NA,"",NA,NA,NA,NA,NA,NA,NA
"","",NA,"","","","","","","",NA,"","","","","","","",NA,"","","","","","","",NA,"","","","","",974381,1,"2024-02-08_14h44.32.787","experiment","2023.2.3","Win32",59.52380952,"6101ab943961ab6022c9d969","65c4d99ac54131abf9bf5100","65c4e8ab5500ab66e682f6ed","",NA,NA,"",NA,NA,"",NA,NA,"",NA,NA,"",NA,NA,"",NA,NA,NA,NA,"","",NA,NA,NA,"",NA,NA,"","","",NA,NA,"","",NA,NA,NA,NA,"","","",NA,NA,NA,NA,NA,NA,1,NA,NA,"",NA,NA,"",NA,NA,"",NA,NA,"s",0.7629,NA,"space",0.8312,NA,1,"green_gnome",1,6,"bright_forest","yellow_basket","purple_gnome",1,1,"dark_forest","red_basket",6,0,0,1,"green_gnome","bright_forest","yellow_basket",40,-1,0,5,0,10,0,1,"",NA,NA,"",NA,NA,"",NA,NA,NA,NA,NA,NA,"","",NA,NA,"",NA,NA,"",NA,NA,"",NA,NA,NA,NA,NA,NA,"",NA,NA,"","",NA,NA,NA,NA,NA,NA,NA,"",NA,NA,NA,NA,NA,NA,"",NA,NA,"","","",NA,NA,NA,NA,NA,NA,NA,"",NA,NA,NA,NA,"",NA,NA,NA,NA,"","","","",NA,NA,NA,NA,NA,"",NA,NA,NA,NA,"",NA,NA,NA,NA,"","",NA,NA,NA,NA,NA,"",NA,NA,NA,NA,NA,NA,NA
"","",NA,"","","","","","","",NA,"","","","","","","",NA,"","","","","","","",NA,"","","","","",974381,1,"2024-02-08_14h44.32.787","experiment","2023.2.3","Win32",59.52380952,"6101ab943961ab6022c9d969","65c4d99ac54131abf9bf5100","65c4e8ab5500ab66e682f6ed","",NA,NA,"",NA,NA,"",NA,NA,"",NA,NA,"",NA,NA,"",NA,NA,NA,NA,"","",NA,NA,NA,"",NA,NA,"","","",NA,NA,"","",NA,NA,NA,NA,"","","",NA,NA,NA,NA,NA,NA,2,NA,NA,"",NA,NA,"",NA,NA,"",NA,NA,"s",0.2729,NA,"space",1.3227,NA,2,"red_gnome",2,1,"dark_forest","red_basket","brown_gnomes",2,5,"bright_forest","yellow_basket",1,0,0,1,"red_gnome","dark_forest","red_basket",41,-2,2,5,1,11,1,1,"",NA,NA,"",NA,NA,"",NA,NA,NA,NA,NA,NA,"","",NA,NA,"",NA,NA,"",NA,NA,"",NA,NA,NA,NA,NA,NA,"",NA,NA,"","",NA,NA,NA,NA,NA,NA,NA,"",NA,NA,NA,NA,NA,NA,"",NA,NA,"","","",NA,NA,NA,NA,NA,NA,NA,"",NA,NA,NA,NA,"",NA,NA,NA,NA,"","","","",NA,NA,NA,NA,NA,"",NA,NA,NA,NA,"",NA,NA,NA,NA,"","",NA,NA,NA,NA,NA,"",NA,NA,NA,NA,NA,NA,NA
"","",NA,"","","","","","","",NA,"","","","","","","",NA,"","","","","","","",NA,"","","","","",974381,1,"2024-02-08_14h44.32.787","experiment","2023.2.3","Win32",59.52380952,"6101ab943961ab6022c9d969","65c4d99ac54131abf9bf5100","65c4e8ab5500ab66e682f6ed","",NA,NA,"",NA,NA,"",NA,NA,"",NA,NA,"",NA,NA,"",NA,NA,NA,NA,"","",NA,NA,NA,"",NA,NA,"","","",NA,NA,"","",NA,NA,NA,NA,"","","",NA,NA,NA,NA,NA,NA,1,NA,NA,"",NA,NA,"",NA,NA,"",NA,NA,"s",0.4101,NA,"space",0.5149,NA,1,"purple_gnome",1,3,"dark_forest","red_basket","green_gnome",1,3,"bright_forest","yellow_basket",3,0,0,1,"purple_gnome","dark_forest","red_basket",44,-2,-1,6,0,12,0,1,"",NA,NA,"",NA,NA,"",NA,NA,NA,NA,NA,NA,"","",NA,NA,"",NA,NA,"",NA,NA,"",NA,NA,NA,NA,NA,NA,"",NA,NA,"","",NA,NA,NA,NA,NA,NA,NA,"",NA,NA,NA,NA,NA,NA,"",NA,NA,"","","",NA,NA,NA,NA,NA,NA,NA,"",NA,NA,NA,NA,"",NA,NA,NA,NA,"","","","",NA,NA,NA,NA,NA,"",NA,NA,NA,NA,"",NA,NA,NA,NA,"","",NA,NA,NA,NA,NA,"",NA,NA,NA,NA,NA,NA,NA
"","",NA,"","","","","","","",NA,"","","","","","","",NA,"","","","","","","",NA,"","","","","",974381,1,"2024-02-08_14h44.32.787","experiment","2023.2.3","Win32",59.52380952,"6101ab943961ab6022c9d969","65c4d99ac54131abf9bf5100","65c4e8ab5500ab66e682f6ed","",NA,NA,"",NA,NA,"",NA,NA,"",NA,NA,"",NA,NA,"",NA,NA,NA,NA,"","",NA,NA,NA,"",NA,NA,"","","",NA,NA,"","",NA,NA,NA,NA,"","","",NA,NA,NA,NA,NA,NA,2,NA,NA,"",NA,NA,"",NA,NA,"",NA,NA,"k",0.3282,NA,"space",0.2991,NA,2,"brown_gnomes",2,1,"bright_forest","yellow_basket","red_gnome",2,2,"dark_forest","red_basket",2,0,0,1,"red_gnome","dark_forest","red_basket",46,-1,0,6,1,13,1,1,"",NA,NA,"",NA,NA,"",NA,NA,NA,NA,NA,NA,"","",NA,NA,"",NA,NA,"",NA,NA,"",NA,NA,NA,NA,NA,NA,"",NA,NA,"","",NA,NA,NA,NA,NA,NA,NA,"",NA,NA,NA,NA,NA,NA,"",NA,NA,"","","",NA,NA,NA,NA,NA,NA,NA,"",NA,NA,NA,NA,"",NA,NA,NA,NA,"","","","",NA,NA,NA,NA,NA,"",NA,NA,NA,NA,"",NA,NA,NA,NA,"","",NA,NA,NA,NA,NA,"",NA,NA,NA,NA,NA,NA,NA
"","",NA,"","","","","","","",NA,"","","","","","","",NA,"","","","","","","",NA,"","","","","",974381,1,"2024-02-08_14h44.32.787","experiment","2023.2.3","Win32",59.52380952,"6101ab943961ab6022c9d969","65c4d99ac54131abf9bf5100","65c4e8ab5500ab66e682f6ed","",NA,NA,"",NA,NA,"",NA,NA,"",NA,NA,"",NA,NA,"",NA,NA,NA,NA,"","",NA,NA,NA,"",NA,NA,"","","",NA,NA,"","",NA,NA,NA,NA,"","","",NA,NA,NA,NA,NA,NA,1,NA,NA,"",NA,NA,"",NA,NA,"",NA,NA,"s",0.2477,NA,"space",1.1258,NA,1,"purple_gnome",1,2,"dark_forest","red_basket","green_gnome",1,0,"bright_forest","yellow_basket",2,0,0,1,"purple_gnome","dark_forest","red_basket",48,1,4,7,0,14,0,1,"",NA,NA,"",NA,NA,"",NA,NA,NA,NA,NA,NA,"","",NA,NA,"",NA,NA,"",NA,NA,"",NA,NA,NA,NA,NA,NA,"",NA,NA,"","",NA,NA,NA,NA,NA,NA,NA,"",NA,NA,NA,NA,NA,NA,"",NA,NA,"","","",NA,NA,NA,NA,NA,NA,NA,"",NA,NA,NA,NA,"",NA,NA,NA,NA,"","","","",NA,NA,NA,NA,NA,"",NA,NA,NA,NA,"",NA,NA,NA,NA,"","",NA,NA,NA,NA,NA,"",NA,NA,NA,NA,NA,NA,NA
"","",NA,"","","","","","","",NA,"","","","","","","",NA,"","","","","","","",NA,"","","","","",974381,1,"2024-02-08_14h44.32.787","experiment","2023.2.3","Win32",59.52380952,"6101ab943961ab6022c9d969","65c4d99ac54131abf9bf5100","65c4e8ab5500ab66e682f6ed","",NA,NA,"",NA,NA,"",NA,NA,"",NA,NA,"",NA,NA,"",NA,NA,NA,NA,"","",NA,NA,NA,"",NA,NA,"","","",NA,NA,"","",NA,NA,NA,NA,"","","",NA,NA,NA,NA,NA,NA,2,NA,NA,"",NA,NA,"",NA,NA,"",NA,NA,"k",0.4974,NA,"space",0.6562,NA,2,"red_gnome",2,6,"dark_forest","red_basket","brown_gnomes",2,1,"bright_forest","yellow_basket",1,0,0,1,"brown_gnomes","bright_forest","yellow_basket",49,0,2,7,1,15,1,1,"",NA,NA,"",NA,NA,"",NA,NA,NA,NA,NA,NA,"","",NA,NA,"",NA,NA,"",NA,NA,"",NA,NA,NA,NA,NA,NA,"",NA,NA,"","",NA,NA,NA,NA,NA,NA,NA,"",NA,NA,NA,NA,NA,NA,"",NA,NA,"","","",NA,NA,NA,NA,NA,NA,NA,"",NA,NA,NA,NA,"",NA,NA,NA,NA,"","","","",NA,NA,NA,NA,NA,"",NA,NA,NA,NA,"",NA,NA,NA,NA,"","",NA,NA,NA,NA,NA,"",NA,NA,NA,NA,NA,NA,NA
"","",NA,"","","","","","","",NA,"","","","","","","",NA,"","","","","","","",NA,"","","","","",974381,1,"2024-02-08_14h44.32.787","experiment","2023.2.3","Win32",59.52380952,"6101ab943961ab6022c9d969","65c4d99ac54131abf9bf5100","65c4e8ab5500ab66e682f6ed","",NA,NA,"",NA,NA,"",NA,NA,"",NA,NA,"",NA,NA,"",NA,NA,NA,NA,"","",NA,NA,NA,"",NA,NA,"","","",NA,NA,"","",NA,NA,NA,NA,"","","",NA,NA,NA,NA,NA,NA,1,NA,NA,"",NA,NA,"",NA,NA,"",NA,NA,"k",0.2363,NA,"space",0.615,NA,1,"green_gnome",1,1,"bright_forest","yellow_basket","purple_gnome",1,8,"dark_forest","red_basket",8,0,0,1,"purple_gnome","dark_forest","red_basket",57,2,-3,8,0,16,0,1,"",NA,NA,"",NA,NA,"",NA,NA,NA,NA,NA,NA,"","",NA,NA,"",NA,NA,"",NA,NA,"",NA,NA,NA,NA,NA,NA,"",NA,NA,"","",NA,NA,NA,NA,NA,NA,NA,"",NA,NA,NA,NA,NA,NA,"",NA,NA,"","","",NA,NA,NA,NA,NA,NA,NA,"",NA,NA,NA,NA,"",NA,NA,NA,NA,"","","","",NA,NA,NA,NA,NA,"",NA,NA,NA,NA,"",NA,NA,NA,NA,"","",NA,NA,NA,NA,NA,"",NA,NA,NA,NA,NA,NA,NA
"","",NA,"","","","","","","",NA,"","","","","","","",NA,"","","","","","","",NA,"","","","","",974381,1,"2024-02-08_14h44.32.787","experiment","2023.2.3","Win32",59.52380952,"6101ab943961ab6022c9d969","65c4d99ac54131abf9bf5100","65c4e8ab5500ab66e682f6ed","",NA,NA,"",NA,NA,"",NA,NA,"",NA,NA,"",NA,NA,"",NA,NA,NA,NA,"","",NA,NA,NA,"",NA,NA,"","","",NA,NA,"","",NA,NA,NA,NA,"","","",NA,NA,NA,NA,NA,NA,1,NA,NA,"",NA,NA,"",NA,NA,"",NA,NA,"k",0.7059,NA,"space",0.5712,NA,1,"green_gnome",1,3,"bright_forest","yellow_basket","purple_gnome",1,5,"dark_forest","red_basket",5,0,0,1,"purple_gnome","dark_forest","red_basket",62,1,2,8,1,17,0,1,"",NA,NA,"",NA,NA,"",NA,NA,NA,NA,NA,NA,"","",NA,NA,"",NA,NA,"",NA,NA,"",NA,NA,NA,NA,NA,NA,"",NA,NA,"","",NA,NA,NA,NA,NA,NA,NA,"",NA,NA,NA,NA,NA,NA,"",NA,NA,"","","",NA,NA,NA,NA,NA,NA,NA,"",NA,NA,NA,NA,"",NA,NA,NA,NA,"","","","",NA,NA,NA,NA,NA,"",NA,NA,NA,NA,"",NA,NA,NA,NA,"","",NA,NA,NA,NA,NA,"",NA,NA,NA,NA,NA,NA,NA
"","",NA,"","","","","","","",NA,"","","","","","","",NA,"","","","","","","",NA,"","","","","",974381,1,"2024-02-08_14h44.32.787","experiment","2023.2.3","Win32",59.52380952,"6101ab943961ab6022c9d969","65c4d99ac54131abf9bf5100","65c4e8ab5500ab66e682f6ed","",NA,NA,"",NA,NA,"",NA,NA,"",NA,NA,"",NA,NA,"",NA,NA,NA,NA,"","",NA,NA,NA,"",NA,NA,"","","",NA,NA,"","",NA,NA,NA,NA,"","","",NA,NA,NA,NA,NA,NA,2,NA,NA,"",NA,NA,"",NA,NA,"",NA,NA,"s",0.7684,NA,"space",0.5653,NA,2,"brown_gnomes",2,4,"bright_forest","yellow_basket","red_gnome",2,7,"dark_forest","red_basket",4,0,0,1,"brown_gnomes","bright_forest","yellow_basket",66,-1,-2,9,0,18,1,1,"",NA,NA,"",NA,NA,"",NA,NA,NA,NA,NA,NA,"","",NA,NA,"",NA,NA,"",NA,NA,"",NA,NA,NA,NA,NA,NA,"",NA,NA,"","",NA,NA,NA,NA,NA,NA,NA,"",NA,NA,NA,NA,NA,NA,"",NA,NA,"","","",NA,NA,NA,NA,NA,NA,NA,"",NA,NA,NA,NA,"",NA,NA,NA,NA,"","","","",NA,NA,NA,NA,NA,"",NA,NA,NA,NA,"",NA,NA,NA,NA,"","",NA,NA,NA,NA,NA,"",NA,NA,NA,NA,NA,NA,NA
"","",NA,"","","","","","","",NA,"","","","","","","",NA,"","","","","","","",NA,"","","","","",974381,1,"2024-02-08_14h44.32.787","experiment","2023.2.3","Win32",59.52380952,"6101ab943961ab6022c9d969","65c4d99ac54131abf9bf5100","65c4e8ab5500ab66e682f6ed","",NA,NA,"",NA,NA,"",NA,NA,"",NA,NA,"",NA,NA,"",NA,NA,NA,NA,"","",NA,NA,NA,"",NA,NA,"","","",NA,NA,"","",NA,NA,NA,NA,"","","",NA,NA,NA,NA,NA,NA,1,NA,NA,"",NA,NA,"",NA,NA,"",NA,NA,"k",0.4883,NA,"space",0.3813,NA,1,"green_gnome",1,3,"bright_forest","yellow_basket","purple_gnome",1,5,"dark_forest","red_basket",5,0,0,1,"purple_gnome","dark_forest","red_basket",71,-1,-2,9,1,19,0,1,"",NA,NA,"",NA,NA,"",NA,NA,NA,NA,NA,NA,"","",NA,NA,"",NA,NA,"",NA,NA,"",NA,NA,NA,NA,NA,NA,"",NA,NA,"","",NA,NA,NA,NA,NA,NA,NA,"",NA,NA,NA,NA,NA,NA,"",NA,NA,"","","",NA,NA,NA,NA,NA,NA,NA,"",NA,NA,NA,NA,"",NA,NA,NA,NA,"","","","",NA,NA,NA,NA,NA,"",NA,NA,NA,NA,"",NA,NA,NA,NA,"","",NA,NA,NA,NA,NA,"",NA,NA,NA,NA,NA,NA,NA
"","",NA,"","","","","","","",NA,"","","","","","","",NA,"","","","","","","",NA,"","","","","",974381,1,"2024-02-08_14h44.32.787","experiment","2023.2.3","Win32",59.52380952,"6101ab943961ab6022c9d969","65c4d99ac54131abf9bf5100","65c4e8ab5500ab66e682f6ed","",NA,NA,"",NA,NA,"",NA,NA,"",NA,NA,"",NA,NA,"",NA,NA,NA,NA,"","",NA,NA,NA,"",NA,NA,"","","",NA,NA,"","",NA,NA,NA,NA,"","","",NA,NA,NA,NA,NA,NA,1,NA,NA,"",NA,NA,"",NA,NA,"",NA,NA,"k",0.405,NA,"space",0.2656,NA,1,"green_gnome",1,2,"bright_forest","yellow_basket","purple_gnome",1,3,"dark_forest","red_basket",3,0,0,1,"purple_gnome","dark_forest","red_basket",74,2,4,10,0,20,0,1,"",NA,NA,"",NA,NA,"",NA,NA,NA,NA,NA,NA,"","",NA,NA,"",NA,NA,"",NA,NA,"",NA,NA,NA,NA,NA,NA,"",NA,NA,"","",NA,NA,NA,NA,NA,NA,NA,"",NA,NA,NA,NA,NA,NA,"",NA,NA,"","","",NA,NA,NA,NA,NA,NA,NA,"",NA,NA,NA,NA,"",NA,NA,NA,NA,"","","","",NA,NA,NA,NA,NA,"",NA,NA,NA,NA,"",NA,NA,NA,NA,"","",NA,NA,NA,NA,NA,"",NA,NA,NA,NA,NA,NA,NA
"","",NA,"","","","","","","",NA,"","","","","","","",NA,"","","","","","","",NA,"","","","","",974381,1,"2024-02-08_14h44.32.787","experiment","2023.2.3","Win32",59.52380952,"6101ab943961ab6022c9d969","65c4d99ac54131abf9bf5100","65c4e8ab5500ab66e682f6ed","",NA,NA,"",NA,NA,"",NA,NA,"",NA,NA,"",NA,NA,"",NA,NA,NA,NA,"","",NA,NA,NA,"",NA,NA,"","","",NA,NA,"","",NA,NA,NA,NA,"","","",NA,NA,NA,NA,NA,NA,2,NA,NA,"",NA,NA,"",NA,NA,"",NA,NA,"k",0.5154,NA,"space",0.3364,NA,2,"red_gnome",2,7,"dark_forest","red_basket","brown_gnomes",2,4,"bright_forest","yellow_basket",4,0,0,1,"brown_gnomes","bright_forest","yellow_basket",78,1,0,10,1,21,1,1,"",NA,NA,"",NA,NA,"",NA,NA,NA,NA,NA,NA,"","",NA,NA,"",NA,NA,"",NA,NA,"",NA,NA,NA,NA,NA,NA,"",NA,NA,"","",NA,NA,NA,NA,NA,NA,NA,"",NA,NA,NA,NA,NA,NA,"",NA,NA,"","","",NA,NA,NA,NA,NA,NA,NA,"",NA,NA,NA,NA,"",NA,NA,NA,NA,"","","","",NA,NA,NA,NA,NA,"",NA,NA,NA,NA,"",NA,NA,NA,NA,"","",NA,NA,NA,NA,NA,"",NA,NA,NA,NA,NA,NA,NA
"","",NA,"","","","","","","",NA,"","","","","","","",NA,"","","","","","","",NA,"","","","","",974381,1,"2024-02-08_14h44.32.787","experiment","2023.2.3","Win32",59.52380952,"6101ab943961ab6022c9d969","65c4d99ac54131abf9bf5100","65c4e8ab5500ab66e682f6ed","",NA,NA,"",NA,NA,"",NA,NA,"",NA,NA,"",NA,NA,"",NA,NA,NA,NA,"","",NA,NA,NA,"",NA,NA,"","","",NA,NA,"","",NA,NA,NA,NA,"","","",NA,NA,NA,NA,NA,NA,1,NA,NA,"",NA,NA,"",NA,NA,"",NA,NA,"k",0.4055,NA,"space",0.5491,NA,1,"green_gnome",1,5,"bright_forest","yellow_basket","purple_gnome",1,7,"dark_forest","red_basket",7,0,0,1,"purple_gnome","dark_forest","red_basket",85,-1,0,11,0,22,0,1,"",NA,NA,"",NA,NA,"",NA,NA,NA,NA,NA,NA,"","",NA,NA,"",NA,NA,"",NA,NA,"",NA,NA,NA,NA,NA,NA,"",NA,NA,"","",NA,NA,NA,NA,NA,NA,NA,"",NA,NA,NA,NA,NA,NA,"",NA,NA,"","","",NA,NA,NA,NA,NA,NA,NA,"",NA,NA,NA,NA,"",NA,NA,NA,NA,"","","","",NA,NA,NA,NA,NA,"",NA,NA,NA,NA,"",NA,NA,NA,NA,"","",NA,NA,NA,NA,NA,"",NA,NA,NA,NA,NA,NA,NA
"","",NA,"","","","","","","",NA,"","","","","","","",NA,"","","","","","","",NA,"","","","","",974381,1,"2024-02-08_14h44.32.787","experiment","2023.2.3","Win32",59.52380952,"6101ab943961ab6022c9d969","65c4d99ac54131abf9bf5100","65c4e8ab5500ab66e682f6ed","",NA,NA,"",NA,NA,"",NA,NA,"",NA,NA,"",NA,NA,"",NA,NA,NA,NA,"","",NA,NA,NA,"",NA,NA,"","","",NA,NA,"","",NA,NA,NA,NA,"","","",NA,NA,NA,NA,NA,NA,2,NA,NA,"",NA,NA,"",NA,NA,"",NA,NA,"k",0.2721,NA,"space",0.5147,NA,2,"brown_gnomes",2,4,"bright_forest","yellow_basket","red_gnome",2,7,"dark_forest","red_basket",7,0,0,1,"red_gnome","dark_forest","red_basket",92,-1,-2,11,1,23,1,1,"",NA,NA,"",NA,NA,"",NA,NA,NA,NA,NA,NA,"","",NA,NA,"",NA,NA,"",NA,NA,"",NA,NA,NA,NA,NA,NA,"",NA,NA,"","",NA,NA,NA,NA,NA,NA,NA,"",NA,NA,NA,NA,NA,NA,"",NA,NA,"","","",NA,NA,NA,NA,NA,NA,NA,"",NA,NA,NA,NA,"",NA,NA,NA,NA,"","","","",NA,NA,NA,NA,NA,"",NA,NA,NA,NA,"",NA,NA,NA,NA,"","",NA,NA,NA,NA,NA,"",NA,NA,NA,NA,NA,NA,NA
"","",NA,"","","","","","","",NA,"","","","","","","",NA,"","","","","","","",NA,"","","","","",974381,1,"2024-02-08_14h44.32.787","experiment","2023.2.3","Win32",59.52380952,"6101ab943961ab6022c9d969","65c4d99ac54131abf9bf5100","65c4e8ab5500ab66e682f6ed","",NA,NA,"",NA,NA,"",NA,NA,"",NA,NA,"",NA,NA,"",NA,NA,NA,NA,"","",NA,NA,NA,"",NA,NA,"","","",NA,NA,"","",NA,NA,NA,NA,"","","",NA,NA,NA,NA,NA,NA,2,NA,NA,"",NA,NA,"",NA,NA,"",NA,NA,"k",0.2065,NA,"",NA,NA,2,"brown_gnomes",2,3,"bright_forest","yellow_basket","red_gnome",2,5,"dark_forest","red_basket",0,0,1,0,"red_gnome","dark_forest","red_basket",92,-1,3,12,0,24,1,1,"",NA,NA,"",NA,NA,"",NA,NA,NA,NA,NA,NA,"","",NA,NA,"",NA,NA,"",NA,NA,"",NA,NA,NA,NA,NA,NA,"",NA,NA,"","",NA,NA,NA,NA,NA,NA,NA,"",NA,NA,NA,NA,NA,NA,"",NA,NA,"","","",NA,NA,NA,NA,NA,NA,NA,"",NA,NA,NA,NA,"",NA,NA,NA,NA,"","","","",NA,NA,NA,NA,NA,"",NA,NA,NA,NA,"",NA,NA,NA,NA,"","",NA,NA,NA,NA,NA,"",NA,NA,NA,NA,NA,NA,NA
"","",NA,"","","","","","","",NA,"","","","","","","",NA,"","","","","","","",NA,"","","","","",974381,1,"2024-02-08_14h44.32.787","experiment","2023.2.3","Win32",59.52380952,"6101ab943961ab6022c9d969","65c4d99ac54131abf9bf5100","65c4e8ab5500ab66e682f6ed","",NA,NA,"",NA,NA,"",NA,NA,"",NA,NA,"",NA,NA,"",NA,NA,NA,NA,"","",NA,NA,NA,"",NA,NA,"","","",NA,NA,"","",NA,NA,NA,NA,"","","",NA,NA,NA,NA,NA,NA,1,NA,NA,"",NA,NA,"",NA,NA,"",NA,NA,"k",1.3216,NA,"space",0.4507,NA,1,"green_gnome",1,2,"bright_forest","yellow_basket","purple_gnome",1,8,"dark_forest","red_basket",8,0,0,1,"purple_gnome","dark_forest","red_basket",100,0,-2,12,1,25,0,1,"",NA,NA,"",NA,NA,"",NA,NA,NA,NA,NA,NA,"","",NA,NA,"",NA,NA,"",NA,NA,"",NA,NA,NA,NA,NA,NA,"",NA,NA,"","",NA,NA,NA,NA,NA,NA,NA,"",NA,NA,NA,NA,NA,NA,"",NA,NA,"","","",NA,NA,NA,NA,NA,NA,NA,"",NA,NA,NA,NA,"",NA,NA,NA,NA,"","","","",NA,NA,NA,NA,NA,"",NA,NA,NA,NA,"",NA,NA,NA,NA,"","",NA,NA,NA,NA,NA,"",NA,NA,NA,NA,NA,NA,NA
"","",NA,"","","","","","","",NA,"","","","","","","",NA,"","","","","","","",NA,"","","","","",974381,1,"2024-02-08_14h44.32.787","experiment","2023.2.3","Win32",59.52380952,"6101ab943961ab6022c9d969","65c4d99ac54131abf9bf5100","65c4e8ab5500ab66e682f6ed","",NA,NA,"",NA,NA,"",NA,NA,"",NA,NA,"",NA,NA,"",NA,NA,NA,NA,"","",NA,NA,NA,"",NA,NA,"","","",NA,NA,"","",NA,NA,NA,NA,"","","",NA,NA,NA,NA,NA,NA,1,NA,NA,"",NA,NA,"",NA,NA,"",NA,NA,"k",0.0349,NA,"space",0.5333,NA,1,"purple_gnome",1,6,"dark_forest","red_basket","green_gnome",1,2,"bright_forest","yellow_basket",2,0,0,1,"green_gnome","bright_forest","yellow_basket",102,0,1,13,0,26,0,1,"",NA,NA,"",NA,NA,"",NA,NA,NA,NA,NA,NA,"","",NA,NA,"",NA,NA,"",NA,NA,"",NA,NA,NA,NA,NA,NA,"",NA,NA,"","",NA,NA,NA,NA,NA,NA,NA,"",NA,NA,NA,NA,NA,NA,"",NA,NA,"","","",NA,NA,NA,NA,NA,NA,NA,"",NA,NA,NA,NA,"",NA,NA,NA,NA,"","","","",NA,NA,NA,NA,NA,"",NA,NA,NA,NA,"",NA,NA,NA,NA,"","",NA,NA,NA,NA,NA,"",NA,NA,NA,NA,NA,NA,NA
"","",NA,"","","","","","","",NA,"","","","","","","",NA,"","","","","","","",NA,"","","","","",974381,1,"2024-02-08_14h44.32.787","experiment","2023.2.3","Win32",59.52380952,"6101ab943961ab6022c9d969","65c4d99ac54131abf9bf5100","65c4e8ab5500ab66e682f6ed","",NA,NA,"",NA,NA,"",NA,NA,"",NA,NA,"",NA,NA,"",NA,NA,NA,NA,"","",NA,NA,NA,"",NA,NA,"","","",NA,NA,"","",NA,NA,NA,NA,"","","",NA,NA,NA,NA,NA,NA,1,NA,NA,"",NA,NA,"",NA,NA,"",NA,NA,"k",0.8423,NA,"space",0.988,NA,1,"green_gnome",1,2,"bright_forest","yellow_basket","purple_gnome",1,7,"dark_forest","red_basket",7,0,0,1,"purple_gnome","dark_forest","red_basket",109,2,5,13,1,27,0,1,"",NA,NA,"",NA,NA,"",NA,NA,NA,NA,NA,NA,"","",NA,NA,"",NA,NA,"",NA,NA,"",NA,NA,NA,NA,NA,NA,"",NA,NA,"","",NA,NA,NA,NA,NA,NA,NA,"",NA,NA,NA,NA,NA,NA,"",NA,NA,"","","",NA,NA,NA,NA,NA,NA,NA,"",NA,NA,NA,NA,"",NA,NA,NA,NA,"","","","",NA,NA,NA,NA,NA,"",NA,NA,NA,NA,"",NA,NA,NA,NA,"","",NA,NA,NA,NA,NA,"",NA,NA,NA,NA,NA,NA,NA
"","",NA,"","","","","","","",NA,"","","","","","","",NA,"","","","","","","",NA,"","","","","",974381,1,"2024-02-08_14h44.32.787","experiment","2023.2.3","Win32",59.52380952,"6101ab943961ab6022c9d969","65c4d99ac54131abf9bf5100","65c4e8ab5500ab66e682f6ed","",NA,NA,"",NA,NA,"",NA,NA,"",NA,NA,"",NA,NA,"",NA,NA,NA,NA,"","",NA,NA,NA,"",NA,NA,"","","",NA,NA,"","",NA,NA,NA,NA,"","","",NA,NA,NA,NA,NA,NA,1,NA,NA,"",NA,NA,"",NA,NA,"",NA,NA,"k",0.3394,NA,"space",0.4389,NA,1,"purple_gnome",1,6,"dark_forest","red_basket","green_gnome",1,4,"bright_forest","yellow_basket",4,0,0,1,"green_gnome","bright_forest","yellow_basket",113,2,-2,14,0,28,0,1,"",NA,NA,"",NA,NA,"",NA,NA,NA,NA,NA,NA,"","",NA,NA,"",NA,NA,"",NA,NA,"",NA,NA,NA,NA,NA,NA,"",NA,NA,"","",NA,NA,NA,NA,NA,NA,NA,"",NA,NA,NA,NA,NA,NA,"",NA,NA,"","","",NA,NA,NA,NA,NA,NA,NA,"",NA,NA,NA,NA,"",NA,NA,NA,NA,"","","","",NA,NA,NA,NA,NA,"",NA,NA,NA,NA,"",NA,NA,NA,NA,"","",NA,NA,NA,NA,NA,"",NA,NA,NA,NA,NA,NA,NA
"","",NA,"","","","","","","",NA,"","","","","","","",NA,"","","","","","","",NA,"","","","","",974381,1,"2024-02-08_14h44.32.787","experiment","2023.2.3","Win32",59.52380952,"6101ab943961ab6022c9d969","65c4d99ac54131abf9bf5100","65c4e8ab5500ab66e682f6ed","",NA,NA,"",NA,NA,"",NA,NA,"",NA,NA,"",NA,NA,"",NA,NA,NA,NA,"","",NA,NA,NA,"",NA,NA,"","","",NA,NA,"","",NA,NA,NA,NA,"","","",NA,NA,NA,NA,NA,NA,1,NA,NA,"",NA,NA,"",NA,NA,"",NA,NA,"s",0.5895,NA,"space",0.3778,NA,1,"purple_gnome",1,4,"dark_forest","red_basket","green_gnome",1,6,"bright_forest","yellow_basket",4,0,0,1,"purple_gnome","dark_forest","red_basket",117,1,-1,14,1,29,0,1,"",NA,NA,"",NA,NA,"",NA,NA,NA,NA,NA,NA,"","",NA,NA,"",NA,NA,"",NA,NA,"",NA,NA,NA,NA,NA,NA,"",NA,NA,"","",NA,NA,NA,NA,NA,NA,NA,"",NA,NA,NA,NA,NA,NA,"",NA,NA,"","","",NA,NA,NA,NA,NA,NA,NA,"",NA,NA,NA,NA,"",NA,NA,NA,NA,"","","","",NA,NA,NA,NA,NA,"",NA,NA,NA,NA,"",NA,NA,NA,NA,"","",NA,NA,NA,NA,NA,"",NA,NA,NA,NA,NA,NA,NA
"","",NA,"","","","","","","",NA,"","","","","","","",NA,"","","","","","","",NA,"","","","","",974381,1,"2024-02-08_14h44.32.787","experiment","2023.2.3","Win32",59.52380952,"6101ab943961ab6022c9d969","65c4d99ac54131abf9bf5100","65c4e8ab5500ab66e682f6ed","",NA,NA,"",NA,NA,"",NA,NA,"",NA,NA,"",NA,NA,"",NA,NA,NA,NA,"","",NA,NA,NA,"",NA,NA,"","","",NA,NA,"","",NA,NA,NA,NA,"","","",NA,NA,NA,NA,NA,NA,1,NA,NA,"",NA,NA,"",NA,NA,"",NA,NA,"s",0.2894,NA,"space",0.3134,NA,1,"green_gnome",1,7,"bright_forest","yellow_basket","purple_gnome",1,3,"dark_forest","red_basket",7,0,0,1,"green_gnome","bright_forest","yellow_basket",124,-1,0,15,0,30,0,1,"",NA,NA,"",NA,NA,"",NA,NA,NA,NA,NA,NA,"","",NA,NA,"",NA,NA,"",NA,NA,"",NA,NA,NA,NA,NA,NA,"",NA,NA,"","",NA,NA,NA,NA,NA,NA,NA,"",NA,NA,NA,NA,NA,NA,"",NA,NA,"","","",NA,NA,NA,NA,NA,NA,NA,"",NA,NA,NA,NA,"",NA,NA,NA,NA,"","","","",NA,NA,NA,NA,NA,"",NA,NA,NA,NA,"",NA,NA,NA,NA,"","",NA,NA,NA,NA,NA,"",NA,NA,NA,NA,NA,NA,NA
"","",NA,"","","","","","","",NA,"","","","","","","",NA,"","","","","","","",NA,"","","","","",974381,1,"2024-02-08_14h44.32.787","experiment","2023.2.3","Win32",59.52380952,"6101ab943961ab6022c9d969","65c4d99ac54131abf9bf5100","65c4e8ab5500ab66e682f6ed","",NA,NA,"",NA,NA,"",NA,NA,"",NA,NA,"",NA,NA,"",NA,NA,NA,NA,"","",NA,NA,NA,"",NA,NA,"","","",NA,NA,"","",NA,NA,NA,NA,"","","",NA,NA,NA,NA,NA,NA,2,NA,NA,"",NA,NA,"",NA,NA,"",NA,NA,"s",0.5193,NA,"space",0.2653,NA,2,"brown_gnomes",2,6,"bright_forest","yellow_basket","red_gnome",2,3,"dark_forest","red_basket",6,0,0,1,"brown_gnomes","bright_forest","yellow_basket",130,-5,-2,15,1,31,1,1,"",NA,NA,"",NA,NA,"",NA,NA,NA,NA,NA,NA,"","",NA,NA,"",NA,NA,"",NA,NA,"",NA,NA,NA,NA,NA,NA,"",NA,NA,"","",NA,NA,NA,NA,NA,NA,NA,"",NA,NA,NA,NA,NA,NA,"",NA,NA,"","","",NA,NA,NA,NA,NA,NA,NA,"",NA,NA,NA,NA,"",NA,NA,NA,NA,"","","","",NA,NA,NA,NA,NA,"",NA,NA,NA,NA,"",NA,NA,NA,NA,"","",NA,NA,NA,NA,NA,"",NA,NA,NA,NA,NA,NA,NA
"","",NA,"","","","","","","",NA,"","","","","","","",NA,"","","","","","","",NA,"","","","","",974381,1,"2024-02-08_14h44.32.787","experiment","2023.2.3","Win32",59.52380952,"6101ab943961ab6022c9d969","65c4d99ac54131abf9bf5100","65c4e8ab5500ab66e682f6ed","",NA,NA,"",NA,NA,"",NA,NA,"",NA,NA,"",NA,NA,"",NA,NA,NA,NA,"","",NA,NA,NA,"",NA,NA,"","","",NA,NA,"","",NA,NA,NA,NA,"","","",NA,NA,NA,NA,NA,NA,2,NA,NA,"",NA,NA,"",NA,NA,"",NA,NA,"s",0.1207,NA,"",NA,NA,2,"brown_gnomes",2,1,"bright_forest","yellow_basket","red_gnome",2,1,"dark_forest","red_basket",0,0,1,0,"brown_gnomes","bright_forest","yellow_basket",130,-2,-3,16,0,32,1,1,"",NA,NA,"",NA,NA,"",NA,NA,NA,NA,NA,NA,"","",NA,NA,"",NA,NA,"",NA,NA,"",NA,NA,NA,NA,NA,NA,"",NA,NA,"","",NA,NA,NA,NA,NA,NA,NA,"",NA,NA,NA,NA,NA,NA,"",NA,NA,"","","",NA,NA,NA,NA,NA,NA,NA,"",NA,NA,NA,NA,"",NA,NA,NA,NA,"","","","",NA,NA,NA,NA,NA,"",NA,NA,NA,NA,"",NA,NA,NA,NA,"","",NA,NA,NA,NA,NA,"",NA,NA,NA,NA,NA,NA,NA
"","",NA,"","","","","","","",NA,"","","","","","","",NA,"","","","","","","",NA,"","","","","",974381,1,"2024-02-08_14h44.32.787","experiment","2023.2.3","Win32",59.52380952,"6101ab943961ab6022c9d969","65c4d99ac54131abf9bf5100","65c4e8ab5500ab66e682f6ed","",NA,NA,"",NA,NA,"",NA,NA,"",NA,NA,"",NA,NA,"",NA,NA,NA,NA,"","",NA,NA,NA,"",NA,NA,"","","",NA,NA,"","",NA,NA,NA,NA,"","","",NA,NA,NA,NA,NA,NA,1,NA,NA,"",NA,NA,"",NA,NA,"",NA,NA,"k",0.0652,NA,"space",0.2578,NA,1,"green_gnome",1,1,"bright_forest","yellow_basket","purple_gnome",1,2,"dark_forest","red_basket",2,0,0,1,"purple_gnome","dark_forest","red_basket",132,2,-2,16,1,33,0,1,"",NA,NA,"",NA,NA,"",NA,NA,NA,NA,NA,NA,"","",NA,NA,"",NA,NA,"",NA,NA,"",NA,NA,NA,NA,NA,NA,"",NA,NA,"","",NA,NA,NA,NA,NA,NA,NA,"",NA,NA,NA,NA,NA,NA,"",NA,NA,"","","",NA,NA,NA,NA,NA,NA,NA,"",NA,NA,NA,NA,"",NA,NA,NA,NA,"","","","",NA,NA,NA,NA,NA,"",NA,NA,NA,NA,"",NA,NA,NA,NA,"","",NA,NA,NA,NA,NA,"",NA,NA,NA,NA,NA,NA,NA
"","",NA,"","","","","","","",NA,"","","","","","","",NA,"","","","","","","",NA,"","","","","",974381,1,"2024-02-08_14h44.32.787","experiment","2023.2.3","Win32",59.52380952,"6101ab943961ab6022c9d969","65c4d99ac54131abf9bf5100","65c4e8ab5500ab66e682f6ed","",NA,NA,"",NA,NA,"",NA,NA,"",NA,NA,"",NA,NA,"",NA,NA,NA,NA,"","",NA,NA,NA,"",NA,NA,"","","",NA,NA,"","",NA,NA,NA,NA,"","","",NA,NA,NA,NA,NA,NA,2,NA,NA,"",NA,NA,"",NA,NA,"",NA,NA,"s",1.1009,NA,"space",0.3689,NA,2,"brown_gnomes",2,3,"bright_forest","yellow_basket","red_gnome",2,0,"dark_forest","red_basket",3,0,0,1,"brown_gnomes","bright_forest","yellow_basket",135,6,-4,17,0,34,1,1,"",NA,NA,"",NA,NA,"",NA,NA,NA,NA,NA,NA,"","",NA,NA,"",NA,NA,"",NA,NA,"",NA,NA,NA,NA,NA,NA,"",NA,NA,"","",NA,NA,NA,NA,NA,NA,NA,"",NA,NA,NA,NA,NA,NA,"",NA,NA,"","","",NA,NA,NA,NA,NA,NA,NA,"",NA,NA,NA,NA,"",NA,NA,NA,NA,"","","","",NA,NA,NA,NA,NA,"",NA,NA,NA,NA,"",NA,NA,NA,NA,"","",NA,NA,NA,NA,NA,"",NA,NA,NA,NA,NA,NA,NA
"","",NA,"","","","","","","",NA,"","","","","","","",NA,"","","","","","","",NA,"","","","","",974381,1,"2024-02-08_14h44.32.787","experiment","2023.2.3","Win32",59.52380952,"6101ab943961ab6022c9d969","65c4d99ac54131abf9bf5100","65c4e8ab5500ab66e682f6ed","",NA,NA,"",NA,NA,"",NA,NA,"",NA,NA,"",NA,NA,"",NA,NA,NA,NA,"","",NA,NA,NA,"",NA,NA,"","","",NA,NA,"","",NA,NA,NA,NA,"","","",NA,NA,NA,NA,NA,NA,1,NA,NA,"",NA,NA,"",NA,NA,"",NA,NA,"k",0.274,NA,"",NA,NA,1,"green_gnome",1,9,"bright_forest","yellow_basket","purple_gnome",1,4,"dark_forest","red_basket",0,0,1,0,"purple_gnome","dark_forest","red_basket",135,3,-4,17,1,35,0,1,"",NA,NA,"",NA,NA,"",NA,NA,NA,NA,NA,NA,"","",NA,NA,"",NA,NA,"",NA,NA,"",NA,NA,NA,NA,NA,NA,"",NA,NA,"","",NA,NA,NA,NA,NA,NA,NA,"",NA,NA,NA,NA,NA,NA,"",NA,NA,"","","",NA,NA,NA,NA,NA,NA,NA,"",NA,NA,NA,NA,"",NA,NA,NA,NA,"","","","",NA,NA,NA,NA,NA,"",NA,NA,NA,NA,"",NA,NA,NA,NA,"","",NA,NA,NA,NA,NA,"",NA,NA,NA,NA,NA,NA,NA
"","",NA,"","","","","","","",NA,"","","","","","","",NA,"","","","","","","",NA,"","","","","",974381,1,"2024-02-08_14h44.32.787","experiment","2023.2.3","Win32",59.52380952,"6101ab943961ab6022c9d969","65c4d99ac54131abf9bf5100","65c4e8ab5500ab66e682f6ed","",NA,NA,"",NA,NA,"",NA,NA,"",NA,NA,"",NA,NA,"",NA,NA,NA,NA,"","",NA,NA,NA,"",NA,NA,"","","",NA,NA,"","",NA,NA,NA,NA,"","","",NA,NA,NA,NA,NA,NA,1,NA,NA,"",NA,NA,"",NA,NA,"",NA,NA,"s",0.3247,NA,"space",0.3337,NA,1,"green_gnome",1,6,"bright_forest","yellow_basket","purple_gnome",1,0,"dark_forest","red_basket",6,0,0,1,"green_gnome","bright_forest","yellow_basket",141,-2,-2,18,0,36,0,1,"",NA,NA,"",NA,NA,"",NA,NA,NA,NA,NA,NA,"","",NA,NA,"",NA,NA,"",NA,NA,"",NA,NA,NA,NA,NA,NA,"",NA,NA,"","",NA,NA,NA,NA,NA,NA,NA,"",NA,NA,NA,NA,NA,NA,"",NA,NA,"","","",NA,NA,NA,NA,NA,NA,NA,"",NA,NA,NA,NA,"",NA,NA,NA,NA,"","","","",NA,NA,NA,NA,NA,"",NA,NA,NA,NA,"",NA,NA,NA,NA,"","",NA,NA,NA,NA,NA,"",NA,NA,NA,NA,NA,NA,NA
"","",NA,"","","","","","","",NA,"","","","","","","",NA,"","","","","","","",NA,"","","","","",974381,1,"2024-02-08_14h44.32.787","experiment","2023.2.3","Win32",59.52380952,"6101ab943961ab6022c9d969","65c4d99ac54131abf9bf5100","65c4e8ab5500ab66e682f6ed","",NA,NA,"",NA,NA,"",NA,NA,"",NA,NA,"",NA,NA,"",NA,NA,NA,NA,"","",NA,NA,NA,"",NA,NA,"","","",NA,NA,"","",NA,NA,NA,NA,"","","",NA,NA,NA,NA,NA,NA,2,NA,NA,"",NA,NA,"",NA,NA,"",NA,NA,"k",0.5236,NA,"space",0.3053,NA,2,"red_gnome",2,2,"dark_forest","red_basket","brown_gnomes",2,4,"bright_forest","yellow_basket",4,0,0,1,"brown_gnomes","bright_forest","yellow_basket",145,3,0,18,1,37,1,1,"",NA,NA,"",NA,NA,"",NA,NA,NA,NA,NA,NA,"","",NA,NA,"",NA,NA,"",NA,NA,"",NA,NA,NA,NA,NA,NA,"",NA,NA,"","",NA,NA,NA,NA,NA,NA,NA,"",NA,NA,NA,NA,NA,NA,"",NA,NA,"","","",NA,NA,NA,NA,NA,NA,NA,"",NA,NA,NA,NA,"",NA,NA,NA,NA,"","","","",NA,NA,NA,NA,NA,"",NA,NA,NA,NA,"",NA,NA,NA,NA,"","",NA,NA,NA,NA,NA,"",NA,NA,NA,NA,NA,NA,NA
"","",NA,"","","","","","","",NA,"","","","","","","",NA,"","","","","","","",NA,"","","","","",974381,1,"2024-02-08_14h44.32.787","experiment","2023.2.3","Win32",59.52380952,"6101ab943961ab6022c9d969","65c4d99ac54131abf9bf5100","65c4e8ab5500ab66e682f6ed","",NA,NA,"",NA,NA,"",NA,NA,"",NA,NA,"",NA,NA,"",NA,NA,NA,NA,"","",NA,NA,NA,"",NA,NA,"","","",NA,NA,"","",NA,NA,NA,NA,"","","",NA,NA,NA,NA,NA,NA,1,NA,NA,"",NA,NA,"",NA,NA,"",NA,NA,"k",0.273,NA,"space",0.2648,NA,1,"green_gnome",1,7,"bright_forest","yellow_basket","purple_gnome",1,2,"dark_forest","red_basket",2,0,0,1,"purple_gnome","dark_forest","red_basket",147,2,-1,19,0,38,0,1,"",NA,NA,"",NA,NA,"",NA,NA,NA,NA,NA,NA,"","",NA,NA,"",NA,NA,"",NA,NA,"",NA,NA,NA,NA,NA,NA,"",NA,NA,"","",NA,NA,NA,NA,NA,NA,NA,"",NA,NA,NA,NA,NA,NA,"",NA,NA,"","","",NA,NA,NA,NA,NA,NA,NA,"",NA,NA,NA,NA,"",NA,NA,NA,NA,"","","","",NA,NA,NA,NA,NA,"",NA,NA,NA,NA,"",NA,NA,NA,NA,"","",NA,NA,NA,NA,NA,"",NA,NA,NA,NA,NA,NA,NA
"","",NA,"","","","","","","",NA,"","","","","","","",NA,"","","","","","","",NA,"","","","","",974381,1,"2024-02-08_14h44.32.787","experiment","2023.2.3","Win32",59.52380952,"6101ab943961ab6022c9d969","65c4d99ac54131abf9bf5100","65c4e8ab5500ab66e682f6ed","",NA,NA,"",NA,NA,"",NA,NA,"",NA,NA,"",NA,NA,"",NA,NA,NA,NA,"","",NA,NA,NA,"",NA,NA,"","","",NA,NA,"","",NA,NA,NA,NA,"","","",NA,NA,NA,NA,NA,NA,2,NA,NA,"",NA,NA,"",NA,NA,"",NA,NA,"s",0.5962,NA,"space",0.6668,NA,2,"brown_gnomes",2,9,"bright_forest","yellow_basket","red_gnome",2,1,"dark_forest","red_basket",9,0,0,1,"brown_gnomes","bright_forest","yellow_basket",156,-1,-2,19,1,39,1,1,"",NA,NA,"",NA,NA,"",NA,NA,NA,NA,NA,NA,"","",NA,NA,"",NA,NA,"",NA,NA,"",NA,NA,NA,NA,NA,NA,"",NA,NA,"","",NA,NA,NA,NA,NA,NA,NA,"",NA,NA,NA,NA,NA,NA,"",NA,NA,"","","",NA,NA,NA,NA,NA,NA,NA,"",NA,NA,NA,NA,"",NA,NA,NA,NA,"","","","",NA,NA,NA,NA,NA,"",NA,NA,NA,NA,"",NA,NA,NA,NA,"","",NA,NA,NA,NA,NA,"",NA,NA,NA,NA,NA,NA,NA
"","",NA,"","","","","","","",NA,"","","","","","","",NA,"","","","","","","",NA,"","","","","",974381,1,"2024-02-08_14h44.32.787","experiment","2023.2.3","Win32",59.52380952,"6101ab943961ab6022c9d969","65c4d99ac54131abf9bf5100","65c4e8ab5500ab66e682f6ed","",NA,NA,"",NA,NA,"",NA,NA,"",NA,NA,"",NA,NA,"",NA,NA,NA,NA,"","",NA,NA,NA,"",NA,NA,"","","",NA,NA,"","",NA,NA,NA,NA,"","","",NA,NA,NA,NA,NA,NA,2,NA,NA,"",NA,NA,"",NA,NA,"",NA,NA,"s",0.4079,NA,"space",0.6219,NA,2,"brown_gnomes",2,8,"bright_forest","yellow_basket","red_gnome",2,1,"dark_forest","red_basket",8,0,0,1,"brown_gnomes","bright_forest","yellow_basket",164,0,-5,20,0,40,1,1,"",NA,NA,"",NA,NA,"",NA,NA,NA,NA,NA,NA,"","",NA,NA,"",NA,NA,"",NA,NA,"",NA,NA,NA,NA,NA,NA,"",NA,NA,"","",NA,NA,NA,NA,NA,NA,NA,"",NA,NA,NA,NA,NA,NA,"",NA,NA,"","","",NA,NA,NA,NA,NA,NA,NA,"",NA,NA,NA,NA,"",NA,NA,NA,NA,"","","","",NA,NA,NA,NA,NA,"",NA,NA,NA,NA,"",NA,NA,NA,NA,"","",NA,NA,NA,NA,NA,"",NA,NA,NA,NA,NA,NA,NA
"","",NA,"","","","","","","",NA,"","","","","","","",NA,"","","","","","","",NA,"","","","","",974381,1,"2024-02-08_14h44.32.787","experiment","2023.2.3","Win32",59.52380952,"6101ab943961ab6022c9d969","65c4d99ac54131abf9bf5100","65c4e8ab5500ab66e682f6ed","",NA,NA,"",NA,NA,"",NA,NA,"",NA,NA,"",NA,NA,"",NA,NA,NA,NA,"","",NA,NA,NA,"",NA,NA,"","","",NA,NA,"","",NA,NA,NA,NA,"","","",NA,NA,NA,NA,NA,NA,1,NA,NA,"",NA,NA,"",NA,NA,"",NA,NA,"",NA,NA,"",NA,NA,1,"green_gnome",1,8,"bright_forest","yellow_basket","purple_gnome",1,4,"dark_forest","red_basket",0,1,0,0,"brown_gnomes","bright_forest","yellow_basket",164,1,0,20,1,41,0,1,"",NA,NA,"",NA,NA,"",NA,NA,NA,NA,NA,NA,"","",NA,NA,"",NA,NA,"",NA,NA,"",NA,NA,NA,NA,NA,NA,"",NA,NA,"","",NA,NA,NA,NA,NA,NA,NA,"",NA,NA,NA,NA,NA,NA,"",NA,NA,"","","",NA,NA,NA,NA,NA,NA,NA,"",NA,NA,NA,NA,"",NA,NA,NA,NA,"","","","",NA,NA,NA,NA,NA,"",NA,NA,NA,NA,"",NA,NA,NA,NA,"","",NA,NA,NA,NA,NA,"",NA,NA,NA,NA,NA,NA,NA
"","",NA,"","","","","","","",NA,"","","","","","","",NA,"","","","","","","",NA,"","","","","",974381,1,"2024-02-08_14h44.32.787","experiment","2023.2.3","Win32",59.52380952,"6101ab943961ab6022c9d969","65c4d99ac54131abf9bf5100","65c4e8ab5500ab66e682f6ed","",NA,NA,"",NA,NA,"",NA,NA,"",NA,NA,"",NA,NA,"",NA,NA,NA,NA,"","",NA,NA,NA,"",NA,NA,"","","",NA,NA,"","",NA,NA,NA,NA,"","","",NA,NA,NA,NA,NA,NA,1,NA,NA,"",NA,NA,"",NA,NA,"",NA,NA,"k",0.6391,NA,"space",0.2949,NA,1,"green_gnome",1,9,"bright_forest","yellow_basket","purple_gnome",1,4,"dark_forest","red_basket",4,0,0,1,"purple_gnome","dark_forest","red_basket",168,-3,-3,21,0,42,0,1,"",NA,NA,"",NA,NA,"",NA,NA,NA,NA,NA,NA,"","",NA,NA,"",NA,NA,"",NA,NA,"",NA,NA,NA,NA,NA,NA,"",NA,NA,"","",NA,NA,NA,NA,NA,NA,NA,"",NA,NA,NA,NA,NA,NA,"",NA,NA,"","","",NA,NA,NA,NA,NA,NA,NA,"",NA,NA,NA,NA,"",NA,NA,NA,NA,"","","","",NA,NA,NA,NA,NA,"",NA,NA,NA,NA,"",NA,NA,NA,NA,"","",NA,NA,NA,NA,NA,"",NA,NA,NA,NA,NA,NA,NA
"","",NA,"","","","","","","",NA,"","","","","","","",NA,"","","","","","","",NA,"","","","","",974381,1,"2024-02-08_14h44.32.787","experiment","2023.2.3","Win32",59.52380952,"6101ab943961ab6022c9d969","65c4d99ac54131abf9bf5100","65c4e8ab5500ab66e682f6ed","",NA,NA,"",NA,NA,"",NA,NA,"",NA,NA,"",NA,NA,"",NA,NA,NA,NA,"","",NA,NA,NA,"",NA,NA,"","","",NA,NA,"","",NA,NA,NA,NA,"","","",NA,NA,NA,NA,NA,NA,2,NA,NA,"",NA,NA,"",NA,NA,"",NA,NA,"k",0.2103,NA,"space",0.4664,NA,2,"brown_gnomes",2,6,"bright_forest","yellow_basket","red_gnome",2,1,"dark_forest","red_basket",1,0,0,1,"red_gnome","dark_forest","red_basket",169,0,2,21,1,43,1,1,"",NA,NA,"",NA,NA,"",NA,NA,NA,NA,NA,NA,"","",NA,NA,"",NA,NA,"",NA,NA,"",NA,NA,NA,NA,NA,NA,"",NA,NA,"","",NA,NA,NA,NA,NA,NA,NA,"",NA,NA,NA,NA,NA,NA,"",NA,NA,"","","",NA,NA,NA,NA,NA,NA,NA,"",NA,NA,NA,NA,"",NA,NA,NA,NA,"","","","",NA,NA,NA,NA,NA,"",NA,NA,NA,NA,"",NA,NA,NA,NA,"","",NA,NA,NA,NA,NA,"",NA,NA,NA,NA,NA,NA,NA
"","",NA,"","","","","","","",NA,"","","","","","","",NA,"","","","","","","",NA,"","","","","",974381,1,"2024-02-08_14h44.32.787","experiment","2023.2.3","Win32",59.52380952,"6101ab943961ab6022c9d969","65c4d99ac54131abf9bf5100","65c4e8ab5500ab66e682f6ed","",NA,NA,"",NA,NA,"",NA,NA,"",NA,NA,"",NA,NA,"",NA,NA,NA,NA,"","",NA,NA,NA,"",NA,NA,"","","",NA,NA,"","",NA,NA,NA,NA,"","","",NA,NA,NA,NA,NA,NA,2,NA,NA,"",NA,NA,"",NA,NA,"",NA,NA,"s",0.4208,NA,"space",0.4677,NA,2,"brown_gnomes",2,6,"bright_forest","yellow_basket","red_gnome",2,3,"dark_forest","red_basket",6,0,0,1,"brown_gnomes","bright_forest","yellow_basket",175,1,0,22,0,44,1,1,"",NA,NA,"",NA,NA,"",NA,NA,NA,NA,NA,NA,"","",NA,NA,"",NA,NA,"",NA,NA,"",NA,NA,NA,NA,NA,NA,"",NA,NA,"","",NA,NA,NA,NA,NA,NA,NA,"",NA,NA,NA,NA,NA,NA,"",NA,NA,"","","",NA,NA,NA,NA,NA,NA,NA,"",NA,NA,NA,NA,"",NA,NA,NA,NA,"","","","",NA,NA,NA,NA,NA,"",NA,NA,NA,NA,"",NA,NA,NA,NA,"","",NA,NA,NA,NA,NA,"",NA,NA,NA,NA,NA,NA,NA
"","",NA,"","","","","","","",NA,"","","","","","","",NA,"","","","","","","",NA,"","","","","",974381,1,"2024-02-08_14h44.32.787","experiment","2023.2.3","Win32",59.52380952,"6101ab943961ab6022c9d969","65c4d99ac54131abf9bf5100","65c4e8ab5500ab66e682f6ed","",NA,NA,"",NA,NA,"",NA,NA,"",NA,NA,"",NA,NA,"",NA,NA,NA,NA,"","",NA,NA,NA,"",NA,NA,"","","",NA,NA,"","",NA,NA,NA,NA,"","","",NA,NA,NA,NA,NA,NA,1,NA,NA,"",NA,NA,"",NA,NA,"",NA,NA,"s",0.4828,NA,"space",0.3606,NA,1,"purple_gnome",1,3,"dark_forest","red_basket","green_gnome",1,7,"bright_forest","yellow_basket",3,0,0,1,"purple_gnome","dark_forest","red_basket",178,-2,-3,22,1,45,0,1,"",NA,NA,"",NA,NA,"",NA,NA,NA,NA,NA,NA,"","",NA,NA,"",NA,NA,"",NA,NA,"",NA,NA,NA,NA,NA,NA,"",NA,NA,"","",NA,NA,NA,NA,NA,NA,NA,"",NA,NA,NA,NA,NA,NA,"",NA,NA,"","","",NA,NA,NA,NA,NA,NA,NA,"",NA,NA,NA,NA,"",NA,NA,NA,NA,"","","","",NA,NA,NA,NA,NA,"",NA,NA,NA,NA,"",NA,NA,NA,NA,"","",NA,NA,NA,NA,NA,"",NA,NA,NA,NA,NA,NA,NA
"","",NA,"","","","","","","",NA,"","","","","","","",NA,"","","","","","","",NA,"","","","","",974381,1,"2024-02-08_14h44.32.787","experiment","2023.2.3","Win32",59.52380952,"6101ab943961ab6022c9d969","65c4d99ac54131abf9bf5100","65c4e8ab5500ab66e682f6ed","",NA,NA,"",NA,NA,"",NA,NA,"",NA,NA,"",NA,NA,"",NA,NA,NA,NA,"","",NA,NA,NA,"",NA,NA,"","","",NA,NA,"","",NA,NA,NA,NA,"","","",NA,NA,NA,NA,NA,NA,2,NA,NA,"",NA,NA,"",NA,NA,"",NA,NA,"s",0.719,NA,"space",0.3084,NA,2,"red_gnome",2,0,"dark_forest","red_basket","brown_gnomes",2,5,"bright_forest","yellow_basket",0,0,0,1,"red_gnome","dark_forest","red_basket",178,-1,-2,23,0,46,1,1,"",NA,NA,"",NA,NA,"",NA,NA,NA,NA,NA,NA,"","",NA,NA,"",NA,NA,"",NA,NA,"",NA,NA,NA,NA,NA,NA,"",NA,NA,"","",NA,NA,NA,NA,NA,NA,NA,"",NA,NA,NA,NA,NA,NA,"",NA,NA,"","","",NA,NA,NA,NA,NA,NA,NA,"",NA,NA,NA,NA,"",NA,NA,NA,NA,"","","","",NA,NA,NA,NA,NA,"",NA,NA,NA,NA,"",NA,NA,NA,NA,"","",NA,NA,NA,NA,NA,"",NA,NA,NA,NA,NA,NA,NA
"","",NA,"","","","","","","",NA,"","","","","","","",NA,"","","","","","","",NA,"","","","","",974381,1,"2024-02-08_14h44.32.787","experiment","2023.2.3","Win32",59.52380952,"6101ab943961ab6022c9d969","65c4d99ac54131abf9bf5100","65c4e8ab5500ab66e682f6ed","",NA,NA,"",NA,NA,"",NA,NA,"",NA,NA,"",NA,NA,"",NA,NA,NA,NA,"","",NA,NA,NA,"",NA,NA,"","","",NA,NA,"","",NA,NA,NA,NA,"","","",NA,NA,NA,NA,NA,NA,1,NA,NA,"",NA,NA,"",NA,NA,"",NA,NA,"s",0.2599,NA,"space",0.2941,NA,1,"purple_gnome",1,2,"dark_forest","red_basket","green_gnome",1,4,"bright_forest","yellow_basket",2,0,0,1,"purple_gnome","dark_forest","red_basket",180,0,-1,23,1,47,0,1,"",NA,NA,"",NA,NA,"",NA,NA,NA,NA,NA,NA,"","",NA,NA,"",NA,NA,"",NA,NA,"",NA,NA,NA,NA,NA,NA,"",NA,NA,"","",NA,NA,NA,NA,NA,NA,NA,"",NA,NA,NA,NA,NA,NA,"",NA,NA,"","","",NA,NA,NA,NA,NA,NA,NA,"",NA,NA,NA,NA,"",NA,NA,NA,NA,"","","","",NA,NA,NA,NA,NA,"",NA,NA,NA,NA,"",NA,NA,NA,NA,"","",NA,NA,NA,NA,NA,"",NA,NA,NA,NA,NA,NA,NA
"","",NA,"","","","","","","",NA,"","","","","","","",NA,"","","","","","","",NA,"","","","","",974381,1,"2024-02-08_14h44.32.787","experiment","2023.2.3","Win32",59.52380952,"6101ab943961ab6022c9d969","65c4d99ac54131abf9bf5100","65c4e8ab5500ab66e682f6ed","",NA,NA,"",NA,NA,"",NA,NA,"",NA,NA,"",NA,NA,"",NA,NA,NA,NA,"","",NA,NA,NA,"",NA,NA,"","","",NA,NA,"","",NA,NA,NA,NA,"","","",NA,NA,NA,NA,NA,NA,1,NA,NA,"",NA,NA,"",NA,NA,"",NA,NA,"s",0.4866,NA,"",NA,NA,1,"purple_gnome",1,1,"dark_forest","red_basket","green_gnome",1,4,"bright_forest","yellow_basket",0,0,1,0,"purple_gnome","dark_forest","red_basket",180,1,-1,24,0,48,0,1,"",NA,NA,"",NA,NA,"",NA,NA,NA,NA,NA,NA,"","",NA,NA,"",NA,NA,"",NA,NA,"",NA,NA,NA,NA,NA,NA,"",NA,NA,"","",NA,NA,NA,NA,NA,NA,NA,"",NA,NA,NA,NA,NA,NA,"",NA,NA,"","","",NA,NA,NA,NA,NA,NA,NA,"",NA,NA,NA,NA,"",NA,NA,NA,NA,"","","","",NA,NA,NA,NA,NA,"",NA,NA,NA,NA,"",NA,NA,NA,NA,"","",NA,NA,NA,NA,NA,"",NA,NA,NA,NA,NA,NA,NA
"","",NA,"","","","","","","",NA,"","","","","","","",NA,"","","","","","","",NA,"","","","","",974381,1,"2024-02-08_14h44.32.787","experiment","2023.2.3","Win32",59.52380952,"6101ab943961ab6022c9d969","65c4d99ac54131abf9bf5100","65c4e8ab5500ab66e682f6ed","",NA,NA,"",NA,NA,"",NA,NA,"",NA,NA,"",NA,NA,"",NA,NA,NA,NA,"","",NA,NA,NA,"",NA,NA,"","","",NA,NA,"","",NA,NA,NA,NA,"","","",NA,NA,NA,NA,NA,NA,1,NA,NA,"",NA,NA,"",NA,NA,"",NA,NA,"k",0.4225,NA,"space",0.2855,NA,1,"purple_gnome",1,0,"dark_forest","red_basket","green_gnome",1,5,"bright_forest","yellow_basket",5,0,0,1,"green_gnome","bright_forest","yellow_basket",185,0,-4,24,1,49,0,1,"",NA,NA,"",NA,NA,"",NA,NA,NA,NA,NA,NA,"","",NA,NA,"",NA,NA,"",NA,NA,"",NA,NA,NA,NA,NA,NA,"",NA,NA,"","",NA,NA,NA,NA,NA,NA,NA,"",NA,NA,NA,NA,NA,NA,"",NA,NA,"","","",NA,NA,NA,NA,NA,NA,NA,"",NA,NA,NA,NA,"",NA,NA,NA,NA,"","","","",NA,NA,NA,NA,NA,"",NA,NA,NA,NA,"",NA,NA,NA,NA,"","",NA,NA,NA,NA,NA,"",NA,NA,NA,NA,NA,NA,NA
"","",NA,"","","","","","","",NA,"","","","","","","",NA,"","","","","","","",NA,"","","","","",974381,1,"2024-02-08_14h44.32.787","experiment","2023.2.3","Win32",59.52380952,"6101ab943961ab6022c9d969","65c4d99ac54131abf9bf5100","65c4e8ab5500ab66e682f6ed","",NA,NA,"",NA,NA,"",NA,NA,"",NA,NA,"",NA,NA,"",NA,NA,NA,NA,"","",NA,NA,NA,"",NA,NA,"","","",NA,NA,"","",NA,NA,NA,NA,"","","",NA,NA,NA,NA,NA,NA,1,NA,NA,"",NA,NA,"",NA,NA,"",NA,NA,"s",0.2557,NA,"space",0.3729,NA,1,"green_gnome",1,5,"bright_forest","yellow_basket","purple_gnome",1,4,"dark_forest","red_basket",5,0,0,1,"green_gnome","bright_forest","yellow_basket",190,-1,2,25,0,50,0,1,"",NA,NA,"",NA,NA,"",NA,NA,NA,NA,NA,NA,"","",NA,NA,"",NA,NA,"",NA,NA,"",NA,NA,NA,NA,NA,NA,"",NA,NA,"","",NA,NA,NA,NA,NA,NA,NA,"",NA,NA,NA,NA,NA,NA,"",NA,NA,"","","",NA,NA,NA,NA,NA,NA,NA,"",NA,NA,NA,NA,"",NA,NA,NA,NA,"","","","",NA,NA,NA,NA,NA,"",NA,NA,NA,NA,"",NA,NA,NA,NA,"","",NA,NA,NA,NA,NA,"",NA,NA,NA,NA,NA,NA,NA
"","",NA,"","","","","","","",NA,"","","","","","","",NA,"","","","","","","",NA,"","","","","",974381,1,"2024-02-08_14h44.32.787","experiment","2023.2.3","Win32",59.52380952,"6101ab943961ab6022c9d969","65c4d99ac54131abf9bf5100","65c4e8ab5500ab66e682f6ed","",NA,NA,"",NA,NA,"",NA,NA,"",NA,NA,"",NA,NA,"",NA,NA,NA,NA,"","",NA,NA,NA,"",NA,NA,"","","",NA,NA,"","",NA,NA,NA,NA,"","","",NA,NA,NA,NA,NA,NA,1,NA,NA,"",NA,NA,"",NA,NA,"",NA,NA,"s",0.4787,NA,"space",0.6611,NA,1,"green_gnome",1,4,"bright_forest","yellow_basket","purple_gnome",1,6,"dark_forest","red_basket",4,0,0,1,"green_gnome","bright_forest","yellow_basket",194,-1,3,25,1,51,0,1,"",NA,NA,"",NA,NA,"",NA,NA,NA,NA,NA,NA,"","",NA,NA,"",NA,NA,"",NA,NA,"",NA,NA,NA,NA,NA,NA,"",NA,NA,"","",NA,NA,NA,NA,NA,NA,NA,"",NA,NA,NA,NA,NA,NA,"",NA,NA,"","","",NA,NA,NA,NA,NA,NA,NA,"",NA,NA,NA,NA,"",NA,NA,NA,NA,"","","","",NA,NA,NA,NA,NA,"",NA,NA,NA,NA,"",NA,NA,NA,NA,"","",NA,NA,NA,NA,NA,"",NA,NA,NA,NA,NA,NA,NA
"","",NA,"","","","","","","",NA,"","","","","","","",NA,"","","","","","","",NA,"","","","","",974381,1,"2024-02-08_14h44.32.787","experiment","2023.2.3","Win32",59.52380952,"6101ab943961ab6022c9d969","65c4d99ac54131abf9bf5100","65c4e8ab5500ab66e682f6ed","",NA,NA,"",NA,NA,"",NA,NA,"",NA,NA,"",NA,NA,"",NA,NA,NA,NA,"","",NA,NA,NA,"",NA,NA,"","","",NA,NA,"","",NA,NA,NA,NA,"","","",NA,NA,NA,NA,NA,NA,2,NA,NA,"",NA,NA,"",NA,NA,"",NA,NA,"k",0.244,NA,"space",0.5074,NA,2,"brown_gnomes",2,3,"bright_forest","yellow_basket","red_gnome",2,9,"dark_forest","red_basket",9,0,0,1,"red_gnome","dark_forest","red_basket",203,-2,7,26,0,52,1,1,"",NA,NA,"",NA,NA,"",NA,NA,NA,NA,NA,NA,"","",NA,NA,"",NA,NA,"",NA,NA,"",NA,NA,NA,NA,NA,NA,"",NA,NA,"","",NA,NA,NA,NA,NA,NA,NA,"",NA,NA,NA,NA,NA,NA,"",NA,NA,"","","",NA,NA,NA,NA,NA,NA,NA,"",NA,NA,NA,NA,"",NA,NA,NA,NA,"","","","",NA,NA,NA,NA,NA,"",NA,NA,NA,NA,"",NA,NA,NA,NA,"","",NA,NA,NA,NA,NA,"",NA,NA,NA,NA,NA,NA,NA
"","",NA,"","","","","","","",NA,"","","","","","","",NA,"","","","","","","",NA,"","","","","",974381,1,"2024-02-08_14h44.32.787","experiment","2023.2.3","Win32",59.52380952,"6101ab943961ab6022c9d969","65c4d99ac54131abf9bf5100","65c4e8ab5500ab66e682f6ed","",NA,NA,"",NA,NA,"",NA,NA,"",NA,NA,"",NA,NA,"",NA,NA,NA,NA,"","",NA,NA,NA,"",NA,NA,"","","",NA,NA,"","",NA,NA,NA,NA,"","","",NA,NA,NA,NA,NA,NA,1,NA,NA,"",NA,NA,"",NA,NA,"",NA,NA,"s",0.5241,NA,"space",0.4519,NA,1,"purple_gnome",1,2,"dark_forest","red_basket","green_gnome",1,1,"bright_forest","yellow_basket",2,0,0,1,"purple_gnome","dark_forest","red_basket",205,2,-3,26,1,53,0,1,"",NA,NA,"",NA,NA,"",NA,NA,NA,NA,NA,NA,"","",NA,NA,"",NA,NA,"",NA,NA,"",NA,NA,NA,NA,NA,NA,"",NA,NA,"","",NA,NA,NA,NA,NA,NA,NA,"",NA,NA,NA,NA,NA,NA,"",NA,NA,"","","",NA,NA,NA,NA,NA,NA,NA,"",NA,NA,NA,NA,"",NA,NA,NA,NA,"","","","",NA,NA,NA,NA,NA,"",NA,NA,NA,NA,"",NA,NA,NA,NA,"","",NA,NA,NA,NA,NA,"",NA,NA,NA,NA,NA,NA,NA
"","",NA,"","","","","","","",NA,"","","","","","","",NA,"","","","","","","",NA,"","","","","",974381,1,"2024-02-08_14h44.32.787","experiment","2023.2.3","Win32",59.52380952,"6101ab943961ab6022c9d969","65c4d99ac54131abf9bf5100","65c4e8ab5500ab66e682f6ed","",NA,NA,"",NA,NA,"",NA,NA,"",NA,NA,"",NA,NA,"",NA,NA,NA,NA,"","",NA,NA,NA,"",NA,NA,"","","",NA,NA,"","",NA,NA,NA,NA,"","","",NA,NA,NA,NA,NA,NA,2,NA,NA,"",NA,NA,"",NA,NA,"",NA,NA,"k",0.8138,NA,"space",0.4541,NA,2,"red_gnome",2,1,"dark_forest","red_basket","brown_gnomes",2,3,"bright_forest","yellow_basket",3,0,0,1,"brown_gnomes","bright_forest","yellow_basket",208,-3,3,27,0,54,1,1,"",NA,NA,"",NA,NA,"",NA,NA,NA,NA,NA,NA,"","",NA,NA,"",NA,NA,"",NA,NA,"",NA,NA,NA,NA,NA,NA,"",NA,NA,"","",NA,NA,NA,NA,NA,NA,NA,"",NA,NA,NA,NA,NA,NA,"",NA,NA,"","","",NA,NA,NA,NA,NA,NA,NA,"",NA,NA,NA,NA,"",NA,NA,NA,NA,"","","","",NA,NA,NA,NA,NA,"",NA,NA,NA,NA,"",NA,NA,NA,NA,"","",NA,NA,NA,NA,NA,"",NA,NA,NA,NA,NA,NA,NA
"","",NA,"","","","","","","",NA,"","","","","","","",NA,"","","","","","","",NA,"","","","","",974381,1,"2024-02-08_14h44.32.787","experiment","2023.2.3","Win32",59.52380952,"6101ab943961ab6022c9d969","65c4d99ac54131abf9bf5100","65c4e8ab5500ab66e682f6ed","",NA,NA,"",NA,NA,"",NA,NA,"",NA,NA,"",NA,NA,"",NA,NA,NA,NA,"","",NA,NA,NA,"",NA,NA,"","","",NA,NA,"","",NA,NA,NA,NA,"","","",NA,NA,NA,NA,NA,NA,1,NA,NA,"",NA,NA,"",NA,NA,"",NA,NA,"s",0.3377,NA,"space",0.2505,NA,1,"green_gnome",1,0,"bright_forest","yellow_basket","purple_gnome",1,4,"dark_forest","red_basket",0,0,0,1,"green_gnome","bright_forest","yellow_basket",208,0,0,27,1,55,0,1,"",NA,NA,"",NA,NA,"",NA,NA,NA,NA,NA,NA,"","",NA,NA,"",NA,NA,"",NA,NA,"",NA,NA,NA,NA,NA,NA,"",NA,NA,"","",NA,NA,NA,NA,NA,NA,NA,"",NA,NA,NA,NA,NA,NA,"",NA,NA,"","","",NA,NA,NA,NA,NA,NA,NA,"",NA,NA,NA,NA,"",NA,NA,NA,NA,"","","","",NA,NA,NA,NA,NA,"",NA,NA,NA,NA,"",NA,NA,NA,NA,"","",NA,NA,NA,NA,NA,"",NA,NA,NA,NA,NA,NA,NA
"","",NA,"","","","","","","",NA,"","","","","","","",NA,"","","","","","","",NA,"","","","","",974381,1,"2024-02-08_14h44.32.787","experiment","2023.2.3","Win32",59.52380952,"6101ab943961ab6022c9d969","65c4d99ac54131abf9bf5100","65c4e8ab5500ab66e682f6ed","",NA,NA,"",NA,NA,"",NA,NA,"",NA,NA,"",NA,NA,"",NA,NA,NA,NA,"","",NA,NA,NA,"",NA,NA,"","","",NA,NA,"","",NA,NA,NA,NA,"","","",NA,NA,NA,NA,NA,NA,1,NA,NA,"",NA,NA,"",NA,NA,"",NA,NA,"k",0.37,NA,"space",0.4139,NA,1,"green_gnome",1,0,"bright_forest","yellow_basket","purple_gnome",1,4,"dark_forest","red_basket",4,0,0,1,"purple_gnome","dark_forest","red_basket",212,-4,2,28,0,56,0,1,"",NA,NA,"",NA,NA,"",NA,NA,NA,NA,NA,NA,"","",NA,NA,"",NA,NA,"",NA,NA,"",NA,NA,NA,NA,NA,NA,"",NA,NA,"","",NA,NA,NA,NA,NA,NA,NA,"",NA,NA,NA,NA,NA,NA,"",NA,NA,"","","",NA,NA,NA,NA,NA,NA,NA,"",NA,NA,NA,NA,"",NA,NA,NA,NA,"","","","",NA,NA,NA,NA,NA,"",NA,NA,NA,NA,"",NA,NA,NA,NA,"","",NA,NA,NA,NA,NA,"",NA,NA,NA,NA,NA,NA,NA
"","",NA,"","","","","","","",NA,"","","","","","","",NA,"","","","","","","",NA,"","","","","",974381,1,"2024-02-08_14h44.32.787","experiment","2023.2.3","Win32",59.52380952,"6101ab943961ab6022c9d969","65c4d99ac54131abf9bf5100","65c4e8ab5500ab66e682f6ed","",NA,NA,"",NA,NA,"",NA,NA,"",NA,NA,"",NA,NA,"",NA,NA,NA,NA,"","",NA,NA,NA,"",NA,NA,"","","",NA,NA,"","",NA,NA,NA,NA,"","","",NA,NA,NA,NA,NA,NA,1,NA,NA,"",NA,NA,"",NA,NA,"",NA,NA,"k",0.2698,NA,"space",0.2158,NA,1,"green_gnome",1,4,"bright_forest","yellow_basket","purple_gnome",1,6,"dark_forest","red_basket",6,0,0,1,"purple_gnome","dark_forest","red_basket",218,1,1,28,1,57,0,1,"",NA,NA,"",NA,NA,"",NA,NA,NA,NA,NA,NA,"","",NA,NA,"",NA,NA,"",NA,NA,"",NA,NA,NA,NA,NA,NA,"",NA,NA,"","",NA,NA,NA,NA,NA,NA,NA,"",NA,NA,NA,NA,NA,NA,"",NA,NA,"","","",NA,NA,NA,NA,NA,NA,NA,"",NA,NA,NA,NA,"",NA,NA,NA,NA,"","","","",NA,NA,NA,NA,NA,"",NA,NA,NA,NA,"",NA,NA,NA,NA,"","",NA,NA,NA,NA,NA,"",NA,NA,NA,NA,NA,NA,NA
"","",NA,"","","","","","","",NA,"","","","","","","",NA,"","","","","","","",NA,"","","","","",974381,1,"2024-02-08_14h44.32.787","experiment","2023.2.3","Win32",59.52380952,"6101ab943961ab6022c9d969","65c4d99ac54131abf9bf5100","65c4e8ab5500ab66e682f6ed","",NA,NA,"",NA,NA,"",NA,NA,"",NA,NA,"",NA,NA,"",NA,NA,NA,NA,"","",NA,NA,NA,"",NA,NA,"","","",NA,NA,"","",NA,NA,NA,NA,"","","",NA,NA,NA,NA,NA,NA,1,NA,NA,"",NA,NA,"",NA,NA,"",NA,NA,"s",0.4635,NA,"space",0.3146,NA,1,"purple_gnome",1,7,"dark_forest","red_basket","green_gnome",1,5,"bright_forest","yellow_basket",7,0,0,1,"purple_gnome","dark_forest","red_basket",225,-2,-1,29,0,58,0,1,"",NA,NA,"",NA,NA,"",NA,NA,NA,NA,NA,NA,"","",NA,NA,"",NA,NA,"",NA,NA,"",NA,NA,NA,NA,NA,NA,"",NA,NA,"","",NA,NA,NA,NA,NA,NA,NA,"",NA,NA,NA,NA,NA,NA,"",NA,NA,"","","",NA,NA,NA,NA,NA,NA,NA,"",NA,NA,NA,NA,"",NA,NA,NA,NA,"","","","",NA,NA,NA,NA,NA,"",NA,NA,NA,NA,"",NA,NA,NA,NA,"","",NA,NA,NA,NA,NA,"",NA,NA,NA,NA,NA,NA,NA
"","",NA,"","","","","","","",NA,"","","","","","","",NA,"","","","","","","",NA,"","","","","",974381,1,"2024-02-08_14h44.32.787","experiment","2023.2.3","Win32",59.52380952,"6101ab943961ab6022c9d969","65c4d99ac54131abf9bf5100","65c4e8ab5500ab66e682f6ed","",NA,NA,"",NA,NA,"",NA,NA,"",NA,NA,"",NA,NA,"",NA,NA,NA,NA,"","",NA,NA,NA,"",NA,NA,"","","",NA,NA,"","",NA,NA,NA,NA,"","","",NA,NA,NA,NA,NA,NA,1,NA,NA,"",NA,NA,"",NA,NA,"",NA,NA,"k",0.4091,NA,"space",0.4075,NA,1,"green_gnome",1,3,"bright_forest","yellow_basket","purple_gnome",1,6,"dark_forest","red_basket",6,0,0,1,"purple_gnome","dark_forest","red_basket",231,0,1,29,1,59,0,1,"",NA,NA,"",NA,NA,"",NA,NA,NA,NA,NA,NA,"","",NA,NA,"",NA,NA,"",NA,NA,"",NA,NA,NA,NA,NA,NA,"",NA,NA,"","",NA,NA,NA,NA,NA,NA,NA,"",NA,NA,NA,NA,NA,NA,"",NA,NA,"","","",NA,NA,NA,NA,NA,NA,NA,"",NA,NA,NA,NA,"",NA,NA,NA,NA,"","","","",NA,NA,NA,NA,NA,"",NA,NA,NA,NA,"",NA,NA,NA,NA,"","",NA,NA,NA,NA,NA,"",NA,NA,NA,NA,NA,NA,NA
"","",NA,"","","","","","","",NA,"","","","","","","",NA,"","","","","","","",NA,"","","","","",974381,1,"2024-02-08_14h44.32.787","experiment","2023.2.3","Win32",59.52380952,"6101ab943961ab6022c9d969","65c4d99ac54131abf9bf5100","65c4e8ab5500ab66e682f6ed","",NA,NA,"",NA,NA,"",NA,NA,"",NA,NA,"",NA,NA,"",NA,NA,NA,NA,"","",NA,NA,NA,"",NA,NA,"","","",NA,NA,"","",NA,NA,NA,NA,"","","",NA,NA,NA,NA,NA,NA,2,NA,NA,"",NA,NA,"",NA,NA,"",NA,NA,"k",0.5754,NA,"space",0.3012,NA,2,"red_gnome",2,7,"dark_forest","red_basket","brown_gnomes",2,3,"bright_forest","yellow_basket",3,0,0,1,"brown_gnomes","bright_forest","yellow_basket",234,3,0,30,0,60,1,1,"",NA,NA,"",NA,NA,"",NA,NA,NA,NA,NA,NA,"","",NA,NA,"",NA,NA,"",NA,NA,"",NA,NA,NA,NA,NA,NA,"",NA,NA,"","",NA,NA,NA,NA,NA,NA,NA,"",NA,NA,NA,NA,NA,NA,"",NA,NA,"","","",NA,NA,NA,NA,NA,NA,NA,"",NA,NA,NA,NA,"",NA,NA,NA,NA,"","","","",NA,NA,NA,NA,NA,"",NA,NA,NA,NA,"",NA,NA,NA,NA,"","",NA,NA,NA,NA,NA,"",NA,NA,NA,NA,NA,NA,NA
"","",NA,"","","","","","","",NA,"","","","","","","",NA,"","","","","","","",NA,"","","","","",974381,1,"2024-02-08_14h44.32.787","experiment","2023.2.3","Win32",59.52380952,"6101ab943961ab6022c9d969","65c4d99ac54131abf9bf5100","65c4e8ab5500ab66e682f6ed","",NA,NA,"",NA,NA,"",NA,NA,"",NA,NA,"",NA,NA,"",NA,NA,NA,NA,"","",NA,NA,NA,"",NA,NA,"","","",NA,NA,"","",NA,NA,NA,NA,"","","",NA,NA,NA,NA,NA,NA,2,NA,NA,"",NA,NA,"",NA,NA,"",NA,NA,"k",0.4242,NA,"space",0.3893,NA,2,"red_gnome",2,7,"dark_forest","red_basket","brown_gnomes",2,6,"bright_forest","yellow_basket",6,0,0,1,"brown_gnomes","bright_forest","yellow_basket",240,-1,-1,30,1,61,1,1,"",NA,NA,"",NA,NA,"",NA,NA,NA,NA,NA,NA,"","",NA,NA,"",NA,NA,"",NA,NA,"",NA,NA,NA,NA,NA,NA,"",NA,NA,"","",NA,NA,NA,NA,NA,NA,NA,"",NA,NA,NA,NA,NA,NA,"",NA,NA,"","","",NA,NA,NA,NA,NA,NA,NA,"",NA,NA,NA,NA,"",NA,NA,NA,NA,"","","","",NA,NA,NA,NA,NA,"",NA,NA,NA,NA,"",NA,NA,NA,NA,"","",NA,NA,NA,NA,NA,"",NA,NA,NA,NA,NA,NA,NA
"","",NA,"","","","","","","",NA,"","","","","","","",NA,"","","","","","","",NA,"","","","","",974381,1,"2024-02-08_14h44.32.787","experiment","2023.2.3","Win32",59.52380952,"6101ab943961ab6022c9d969","65c4d99ac54131abf9bf5100","65c4e8ab5500ab66e682f6ed","",NA,NA,"",NA,NA,"",NA,NA,"",NA,NA,"",NA,NA,"",NA,NA,NA,NA,"","",NA,NA,NA,"",NA,NA,"","","",NA,NA,"","",NA,NA,NA,NA,"","","",NA,NA,NA,NA,NA,NA,2,NA,NA,"",NA,NA,"",NA,NA,"",NA,NA,"k",0.3088,NA,"space",0.468,NA,2,"brown_gnomes",2,5,"bright_forest","yellow_basket","red_gnome",2,6,"dark_forest","red_basket",6,0,0,1,"red_gnome","dark_forest","red_basket",246,-2,2,31,0,62,1,1,"",NA,NA,"",NA,NA,"",NA,NA,NA,NA,NA,NA,"","",NA,NA,"",NA,NA,"",NA,NA,"",NA,NA,NA,NA,NA,NA,"",NA,NA,"","",NA,NA,NA,NA,NA,NA,NA,"",NA,NA,NA,NA,NA,NA,"",NA,NA,"","","",NA,NA,NA,NA,NA,NA,NA,"",NA,NA,NA,NA,"",NA,NA,NA,NA,"","","","",NA,NA,NA,NA,NA,"",NA,NA,NA,NA,"",NA,NA,NA,NA,"","",NA,NA,NA,NA,NA,"",NA,NA,NA,NA,NA,NA,NA
"","",NA,"","","","","","","",NA,"","","","","","","",NA,"","","","","","","",NA,"","","","","",974381,1,"2024-02-08_14h44.32.787","experiment","2023.2.3","Win32",59.52380952,"6101ab943961ab6022c9d969","65c4d99ac54131abf9bf5100","65c4e8ab5500ab66e682f6ed","",NA,NA,"",NA,NA,"",NA,NA,"",NA,NA,"",NA,NA,"",NA,NA,NA,NA,"","",NA,NA,NA,"",NA,NA,"","","",NA,NA,"","",NA,NA,NA,NA,"","","",NA,NA,NA,NA,NA,NA,2,NA,NA,"",NA,NA,"",NA,NA,"",NA,NA,"k",0.4899,NA,"space",0.3148,NA,2,"brown_gnomes",2,3,"bright_forest","yellow_basket","red_gnome",2,8,"dark_forest","red_basket",8,0,0,1,"red_gnome","dark_forest","red_basket",254,2,-2,31,1,63,1,1,"",NA,NA,"",NA,NA,"",NA,NA,NA,NA,NA,NA,"","",NA,NA,"",NA,NA,"",NA,NA,"",NA,NA,NA,NA,NA,NA,"",NA,NA,"","",NA,NA,NA,NA,NA,NA,NA,"",NA,NA,NA,NA,NA,NA,"",NA,NA,"","","",NA,NA,NA,NA,NA,NA,NA,"",NA,NA,NA,NA,"",NA,NA,NA,NA,"","","","",NA,NA,NA,NA,NA,"",NA,NA,NA,NA,"",NA,NA,NA,NA,"","",NA,NA,NA,NA,NA,"",NA,NA,NA,NA,NA,NA,NA
"","",NA,"","","","","","","",NA,"","","","","","","",NA,"","","","","","","",NA,"","","","","",974381,1,"2024-02-08_14h44.32.787","experiment","2023.2.3","Win32",59.52380952,"6101ab943961ab6022c9d969","65c4d99ac54131abf9bf5100","65c4e8ab5500ab66e682f6ed","",NA,NA,"",NA,NA,"",NA,NA,"",NA,NA,"",NA,NA,"",NA,NA,NA,NA,"","",NA,NA,NA,"",NA,NA,"","","",NA,NA,"","",NA,NA,NA,NA,"","","",NA,NA,NA,NA,NA,NA,1,NA,NA,"",NA,NA,"",NA,NA,"",NA,NA,"s",0.8916,NA,"space",0.5325,NA,1,"purple_gnome",1,6,"dark_forest","red_basket","green_gnome",1,5,"bright_forest","yellow_basket",6,0,0,1,"purple_gnome","dark_forest","red_basket",260,0,-2,32,0,64,0,1,"",NA,NA,"",NA,NA,"",NA,NA,NA,NA,NA,NA,"","",NA,NA,"",NA,NA,"",NA,NA,"",NA,NA,NA,NA,NA,NA,"",NA,NA,"","",NA,NA,NA,NA,NA,NA,NA,"",NA,NA,NA,NA,NA,NA,"",NA,NA,"","","",NA,NA,NA,NA,NA,NA,NA,"",NA,NA,NA,NA,"",NA,NA,NA,NA,"","","","",NA,NA,NA,NA,NA,"",NA,NA,NA,NA,"",NA,NA,NA,NA,"","",NA,NA,NA,NA,NA,"",NA,NA,NA,NA,NA,NA,NA
"","",NA,"","","","","","","",NA,"","","","","","","",NA,"","","","","","","",NA,"","","","","",974381,1,"2024-02-08_14h44.32.787","experiment","2023.2.3","Win32",59.52380952,"6101ab943961ab6022c9d969","65c4d99ac54131abf9bf5100","65c4e8ab5500ab66e682f6ed","",NA,NA,"",NA,NA,"",NA,NA,"",NA,NA,"",NA,NA,"",NA,NA,NA,NA,"","",NA,NA,NA,"",NA,NA,"","","",NA,NA,"","",NA,NA,NA,NA,"","","",NA,NA,NA,NA,NA,NA,2,NA,NA,"",NA,NA,"",NA,NA,"",NA,NA,"s",0.5227,NA,"space",0.3598,NA,2,"brown_gnomes",2,5,"bright_forest","yellow_basket","red_gnome",2,4,"dark_forest","red_basket",5,0,0,1,"brown_gnomes","bright_forest","yellow_basket",265,1,1,32,1,65,1,1,"",NA,NA,"",NA,NA,"",NA,NA,NA,NA,NA,NA,"","",NA,NA,"",NA,NA,"",NA,NA,"",NA,NA,NA,NA,NA,NA,"",NA,NA,"","",NA,NA,NA,NA,NA,NA,NA,"",NA,NA,NA,NA,NA,NA,"",NA,NA,"","","",NA,NA,NA,NA,NA,NA,NA,"",NA,NA,NA,NA,"",NA,NA,NA,NA,"","","","",NA,NA,NA,NA,NA,"",NA,NA,NA,NA,"",NA,NA,NA,NA,"","",NA,NA,NA,NA,NA,"",NA,NA,NA,NA,NA,NA,NA
"","",NA,"","","","","","","",NA,"","","","","","","",NA,"","","","","","","",NA,"","","","","",974381,1,"2024-02-08_14h44.32.787","experiment","2023.2.3","Win32",59.52380952,"6101ab943961ab6022c9d969","65c4d99ac54131abf9bf5100","65c4e8ab5500ab66e682f6ed","",NA,NA,"",NA,NA,"",NA,NA,"",NA,NA,"",NA,NA,"",NA,NA,NA,NA,"","",NA,NA,NA,"",NA,NA,"","","",NA,NA,"","",NA,NA,NA,NA,"","","",NA,NA,NA,NA,NA,NA,2,NA,NA,"",NA,NA,"",NA,NA,"",NA,NA,"s",0.4196,NA,"space",0.3484,NA,2,"brown_gnomes",2,6,"bright_forest","yellow_basket","red_gnome",2,5,"dark_forest","red_basket",6,0,0,1,"brown_gnomes","bright_forest","yellow_basket",271,1,-1,33,0,66,1,1,"",NA,NA,"",NA,NA,"",NA,NA,NA,NA,NA,NA,"","",NA,NA,"",NA,NA,"",NA,NA,"",NA,NA,NA,NA,NA,NA,"",NA,NA,"","",NA,NA,NA,NA,NA,NA,NA,"",NA,NA,NA,NA,NA,NA,"",NA,NA,"","","",NA,NA,NA,NA,NA,NA,NA,"",NA,NA,NA,NA,"",NA,NA,NA,NA,"","","","",NA,NA,NA,NA,NA,"",NA,NA,NA,NA,"",NA,NA,NA,NA,"","",NA,NA,NA,NA,NA,"",NA,NA,NA,NA,NA,NA,NA
"","",NA,"","","","","","","",NA,"","","","","","","",NA,"","","","","","","",NA,"","","","","",974381,1,"2024-02-08_14h44.32.787","experiment","2023.2.3","Win32",59.52380952,"6101ab943961ab6022c9d969","65c4d99ac54131abf9bf5100","65c4e8ab5500ab66e682f6ed","",NA,NA,"",NA,NA,"",NA,NA,"",NA,NA,"",NA,NA,"",NA,NA,NA,NA,"","",NA,NA,NA,"",NA,NA,"","","",NA,NA,"","",NA,NA,NA,NA,"","","",NA,NA,NA,NA,NA,NA,2,NA,NA,"",NA,NA,"",NA,NA,"",NA,NA,"s",0.3983,NA,"space",0.4253,NA,2,"brown_gnomes",2,7,"bright_forest","yellow_basket","red_gnome",2,4,"dark_forest","red_basket",7,0,0,1,"brown_gnomes","bright_forest","yellow_basket",278,0,-4,33,1,67,1,1,"",NA,NA,"",NA,NA,"",NA,NA,NA,NA,NA,NA,"","",NA,NA,"",NA,NA,"",NA,NA,"",NA,NA,NA,NA,NA,NA,"",NA,NA,"","",NA,NA,NA,NA,NA,NA,NA,"",NA,NA,NA,NA,NA,NA,"",NA,NA,"","","",NA,NA,NA,NA,NA,NA,NA,"",NA,NA,NA,NA,"",NA,NA,NA,NA,"","","","",NA,NA,NA,NA,NA,"",NA,NA,NA,NA,"",NA,NA,NA,NA,"","",NA,NA,NA,NA,NA,"",NA,NA,NA,NA,NA,NA,NA
"","",NA,"","","","","","","",NA,"","","","","","","",NA,"","","","","","","",NA,"","","","","",974381,1,"2024-02-08_14h44.32.787","experiment","2023.2.3","Win32",59.52380952,"6101ab943961ab6022c9d969","65c4d99ac54131abf9bf5100","65c4e8ab5500ab66e682f6ed","",NA,NA,"",NA,NA,"",NA,NA,"",NA,NA,"",NA,NA,"",NA,NA,NA,NA,"","",NA,NA,NA,"",NA,NA,"","","",NA,NA,"","",NA,NA,NA,NA,"","","",NA,NA,NA,NA,NA,NA,2,NA,NA,"",NA,NA,"",NA,NA,"",NA,NA,"s",0.4902,NA,"space",0.6245,NA,2,"brown_gnomes",2,7,"bright_forest","yellow_basket","red_gnome",2,0,"dark_forest","red_basket",7,0,0,1,"brown_gnomes","bright_forest","yellow_basket",285,3,0,34,0,68,1,1,"",NA,NA,"",NA,NA,"",NA,NA,NA,NA,NA,NA,"","",NA,NA,"",NA,NA,"",NA,NA,"",NA,NA,NA,NA,NA,NA,"",NA,NA,"","",NA,NA,NA,NA,NA,NA,NA,"",NA,NA,NA,NA,NA,NA,"",NA,NA,"","","",NA,NA,NA,NA,NA,NA,NA,"",NA,NA,NA,NA,"",NA,NA,NA,NA,"","","","",NA,NA,NA,NA,NA,"",NA,NA,NA,NA,"",NA,NA,NA,NA,"","",NA,NA,NA,NA,NA,"",NA,NA,NA,NA,NA,NA,NA
"","",NA,"","","","","","","",NA,"","","","","","","",NA,"","","","","","","",NA,"","","","","",974381,1,"2024-02-08_14h44.32.787","experiment","2023.2.3","Win32",59.52380952,"6101ab943961ab6022c9d969","65c4d99ac54131abf9bf5100","65c4e8ab5500ab66e682f6ed","",NA,NA,"",NA,NA,"",NA,NA,"",NA,NA,"",NA,NA,"",NA,NA,NA,NA,"","",NA,NA,NA,"",NA,NA,"","","",NA,NA,"","",NA,NA,NA,NA,"","","",NA,NA,NA,NA,NA,NA,2,NA,NA,"",NA,NA,"",NA,NA,"",NA,NA,"s",0.448,NA,"space",0.8548,NA,2,"brown_gnomes",2,8,"bright_forest","yellow_basket","red_gnome",2,0,"dark_forest","red_basket",8,0,0,1,"brown_gnomes","bright_forest","yellow_basket",293,-1,1,34,1,69,1,1,"",NA,NA,"",NA,NA,"",NA,NA,NA,NA,NA,NA,"","",NA,NA,"",NA,NA,"",NA,NA,"",NA,NA,NA,NA,NA,NA,"",NA,NA,"","",NA,NA,NA,NA,NA,NA,NA,"",NA,NA,NA,NA,NA,NA,"",NA,NA,"","","",NA,NA,NA,NA,NA,NA,NA,"",NA,NA,NA,NA,"",NA,NA,NA,NA,"","","","",NA,NA,NA,NA,NA,"",NA,NA,NA,NA,"",NA,NA,NA,NA,"","",NA,NA,NA,NA,NA,"",NA,NA,NA,NA,NA,NA,NA
"","",NA,"","","","","","","",NA,"","","","","","","",NA,"","","","","","","",NA,"","","","","",974381,1,"2024-02-08_14h44.32.787","experiment","2023.2.3","Win32",59.52380952,"6101ab943961ab6022c9d969","65c4d99ac54131abf9bf5100","65c4e8ab5500ab66e682f6ed","",NA,NA,"",NA,NA,"",NA,NA,"",NA,NA,"",NA,NA,"",NA,NA,NA,NA,"","",NA,NA,NA,"",NA,NA,"","","",NA,NA,"","",NA,NA,NA,NA,"","","",NA,NA,NA,NA,NA,NA,2,NA,NA,"",NA,NA,"",NA,NA,"",NA,NA,"s",0.4058,NA,"space",0.4011,NA,2,"brown_gnomes",2,7,"bright_forest","yellow_basket","red_gnome",2,1,"dark_forest","red_basket",7,0,0,1,"brown_gnomes","bright_forest","yellow_basket",300,4,0,35,0,70,1,1,"",NA,NA,"",NA,NA,"",NA,NA,NA,NA,NA,NA,"","",NA,NA,"",NA,NA,"",NA,NA,"",NA,NA,NA,NA,NA,NA,"",NA,NA,"","",NA,NA,NA,NA,NA,NA,NA,"",NA,NA,NA,NA,NA,NA,"",NA,NA,"","","",NA,NA,NA,NA,NA,NA,NA,"",NA,NA,NA,NA,"",NA,NA,NA,NA,"","","","",NA,NA,NA,NA,NA,"",NA,NA,NA,NA,"",NA,NA,NA,NA,"","",NA,NA,NA,NA,NA,"",NA,NA,NA,NA,NA,NA,NA
"","",NA,"","","","","","","",NA,"","","","","","","",NA,"","","","","","","",NA,"","","","","",974381,1,"2024-02-08_14h44.32.787","experiment","2023.2.3","Win32",59.52380952,"6101ab943961ab6022c9d969","65c4d99ac54131abf9bf5100","65c4e8ab5500ab66e682f6ed","",NA,NA,"",NA,NA,"",NA,NA,"",NA,NA,"",NA,NA,"",NA,NA,NA,NA,"","",NA,NA,NA,"",NA,NA,"","","",NA,NA,"","",NA,NA,NA,NA,"","","",NA,NA,NA,NA,NA,NA,2,NA,NA,"",NA,NA,"",NA,NA,"",NA,NA,"s",0.2812,NA,"space",0.3882,NA,2,"red_gnome",2,1,"dark_forest","red_basket","brown_gnomes",2,7,"bright_forest","yellow_basket",1,0,0,1,"red_gnome","dark_forest","red_basket",301,1,0,35,1,71,1,1,"",NA,NA,"",NA,NA,"",NA,NA,NA,NA,NA,NA,"","",NA,NA,"",NA,NA,"",NA,NA,"",NA,NA,NA,NA,NA,NA,"",NA,NA,"","",NA,NA,NA,NA,NA,NA,NA,"",NA,NA,NA,NA,NA,NA,"",NA,NA,"","","",NA,NA,NA,NA,NA,NA,NA,"",NA,NA,NA,NA,"",NA,NA,NA,NA,"","","","",NA,NA,NA,NA,NA,"",NA,NA,NA,NA,"",NA,NA,NA,NA,"","",NA,NA,NA,NA,NA,"",NA,NA,NA,NA,NA,NA,NA
"","",NA,"","","","","","","",NA,"","","","","","","",NA,"","","","","","","",NA,"","","","","",974381,1,"2024-02-08_14h44.32.787","experiment","2023.2.3","Win32",59.52380952,"6101ab943961ab6022c9d969","65c4d99ac54131abf9bf5100","65c4e8ab5500ab66e682f6ed","",NA,NA,"",NA,NA,"",NA,NA,"",NA,NA,"",NA,NA,"",NA,NA,NA,NA,"","",NA,NA,NA,"",NA,NA,"","","",NA,NA,"","",NA,NA,NA,NA,"","","",NA,NA,NA,NA,NA,NA,1,NA,NA,"",NA,NA,"",NA,NA,"",NA,NA,"s",0.4221,NA,"space",0.4526,NA,1,"purple_gnome",1,1,"dark_forest","red_basket","green_gnome",1,8,"bright_forest","yellow_basket",1,0,0,1,"purple_gnome","dark_forest","red_basket",302,0,0,36,0,72,0,1,"",NA,NA,"",NA,NA,"",NA,NA,NA,NA,NA,NA,"","",NA,NA,"",NA,NA,"",NA,NA,"",NA,NA,NA,NA,NA,NA,"",NA,NA,"","",NA,NA,NA,NA,NA,NA,NA,"",NA,NA,NA,NA,NA,NA,"",NA,NA,"","","",NA,NA,NA,NA,NA,NA,NA,"",NA,NA,NA,NA,"",NA,NA,NA,NA,"","","","",NA,NA,NA,NA,NA,"",NA,NA,NA,NA,"",NA,NA,NA,NA,"","",NA,NA,NA,NA,NA,"",NA,NA,NA,NA,NA,NA,NA
"","",NA,"","","","","","","",NA,"","","","","","","",NA,"","","","","","","",NA,"","","","","",974381,1,"2024-02-08_14h44.32.787","experiment","2023.2.3","Win32",59.52380952,"6101ab943961ab6022c9d969","65c4d99ac54131abf9bf5100","65c4e8ab5500ab66e682f6ed","",NA,NA,"",NA,NA,"",NA,NA,"",NA,NA,"",NA,NA,"",NA,NA,NA,NA,"","",NA,NA,NA,"",NA,NA,"","","",NA,NA,"","",NA,NA,NA,NA,"","","",NA,NA,NA,NA,NA,NA,1,NA,NA,"",NA,NA,"",NA,NA,"",NA,NA,"k",0.4454,NA,"space",0.5514,NA,1,"green_gnome",1,8,"bright_forest","yellow_basket","purple_gnome",1,1,"dark_forest","red_basket",1,0,0,1,"purple_gnome","dark_forest","red_basket",303,3,1,36,1,73,0,1,"",NA,NA,"",NA,NA,"",NA,NA,NA,NA,NA,NA,"","",NA,NA,"",NA,NA,"",NA,NA,"",NA,NA,NA,NA,NA,NA,"",NA,NA,"","",NA,NA,NA,NA,NA,NA,NA,"",NA,NA,NA,NA,NA,NA,"",NA,NA,"","","",NA,NA,NA,NA,NA,NA,NA,"",NA,NA,NA,NA,"",NA,NA,NA,NA,"","","","",NA,NA,NA,NA,NA,"",NA,NA,NA,NA,"",NA,NA,NA,NA,"","",NA,NA,NA,NA,NA,"",NA,NA,NA,NA,NA,NA,NA
"","",NA,"","","","","","","",NA,"","","","","","","",NA,"","","","","","","",NA,"","","","","",974381,1,"2024-02-08_14h44.32.787","experiment","2023.2.3","Win32",59.52380952,"6101ab943961ab6022c9d969","65c4d99ac54131abf9bf5100","65c4e8ab5500ab66e682f6ed","",NA,NA,"",NA,NA,"",NA,NA,"",NA,NA,"",NA,NA,"",NA,NA,NA,NA,"","",NA,NA,NA,"",NA,NA,"","","",NA,NA,"","",NA,NA,NA,NA,"","","",NA,NA,NA,NA,NA,NA,2,NA,NA,"",NA,NA,"",NA,NA,"",NA,NA,"k",0.49,NA,"space",0.616,NA,2,"red_gnome",2,2,"dark_forest","red_basket","brown_gnomes",2,7,"bright_forest","yellow_basket",7,0,0,1,"brown_gnomes","bright_forest","yellow_basket",310,4,-2,37,0,74,1,1,"",NA,NA,"",NA,NA,"",NA,NA,NA,NA,NA,NA,"","",NA,NA,"",NA,NA,"",NA,NA,"",NA,NA,NA,NA,NA,NA,"",NA,NA,"","",NA,NA,NA,NA,NA,NA,NA,"",NA,NA,NA,NA,NA,NA,"",NA,NA,"","","",NA,NA,NA,NA,NA,NA,NA,"",NA,NA,NA,NA,"",NA,NA,NA,NA,"","","","",NA,NA,NA,NA,NA,"",NA,NA,NA,NA,"",NA,NA,NA,NA,"","",NA,NA,NA,NA,NA,"",NA,NA,NA,NA,NA,NA,NA
"","",NA,"","","","","","","",NA,"","","","","","","",NA,"","","","","","","",NA,"","","","","",974381,1,"2024-02-08_14h44.32.787","experiment","2023.2.3","Win32",59.52380952,"6101ab943961ab6022c9d969","65c4d99ac54131abf9bf5100","65c4e8ab5500ab66e682f6ed","",NA,NA,"",NA,NA,"",NA,NA,"",NA,NA,"",NA,NA,"",NA,NA,NA,NA,"","",NA,NA,NA,"",NA,NA,"","","",NA,NA,"","",NA,NA,NA,NA,"","","",NA,NA,NA,NA,NA,NA,1,NA,NA,"",NA,NA,"",NA,NA,"",NA,NA,"k",0.4974,NA,"space",0.5624,NA,1,"green_gnome",1,7,"bright_forest","yellow_basket","purple_gnome",1,0,"dark_forest","red_basket",0,0,0,1,"purple_gnome","dark_forest","red_basket",310,0,0,37,1,75,0,1,"",NA,NA,"",NA,NA,"",NA,NA,NA,NA,NA,NA,"","",NA,NA,"",NA,NA,"",NA,NA,"",NA,NA,NA,NA,NA,NA,"",NA,NA,"","",NA,NA,NA,NA,NA,NA,NA,"",NA,NA,NA,NA,NA,NA,"",NA,NA,"","","",NA,NA,NA,NA,NA,NA,NA,"",NA,NA,NA,NA,"",NA,NA,NA,NA,"","","","",NA,NA,NA,NA,NA,"",NA,NA,NA,NA,"",NA,NA,NA,NA,"","",NA,NA,NA,NA,NA,"",NA,NA,NA,NA,NA,NA,NA
"","",NA,"","","","","","","",NA,"","","","","","","",NA,"","","","","","","",NA,"","","","","",974381,1,"2024-02-08_14h44.32.787","experiment","2023.2.3","Win32",59.52380952,"6101ab943961ab6022c9d969","65c4d99ac54131abf9bf5100","65c4e8ab5500ab66e682f6ed","",NA,NA,"",NA,NA,"",NA,NA,"",NA,NA,"",NA,NA,"",NA,NA,NA,NA,"","",NA,NA,NA,"",NA,NA,"","","",NA,NA,"","",NA,NA,NA,NA,"","","",NA,NA,NA,NA,NA,NA,2,NA,NA,"",NA,NA,"",NA,NA,"",NA,NA,"s",0.5232,NA,"space",0.7978,NA,2,"brown_gnomes",2,7,"bright_forest","yellow_basket","red_gnome",2,0,"dark_forest","red_basket",7,0,0,1,"brown_gnomes","bright_forest","yellow_basket",317,6,-4,38,0,76,1,1,"",NA,NA,"",NA,NA,"",NA,NA,NA,NA,NA,NA,"","",NA,NA,"",NA,NA,"",NA,NA,"",NA,NA,NA,NA,NA,NA,"",NA,NA,"","",NA,NA,NA,NA,NA,NA,NA,"",NA,NA,NA,NA,NA,NA,"",NA,NA,"","","",NA,NA,NA,NA,NA,NA,NA,"",NA,NA,NA,NA,"",NA,NA,NA,NA,"","","","",NA,NA,NA,NA,NA,"",NA,NA,NA,NA,"",NA,NA,NA,NA,"","",NA,NA,NA,NA,NA,"",NA,NA,NA,NA,NA,NA,NA
"","",NA,"","","","","","","",NA,"","","","","","","",NA,"","","","","","","",NA,"","","","","",974381,1,"2024-02-08_14h44.32.787","experiment","2023.2.3","Win32",59.52380952,"6101ab943961ab6022c9d969","65c4d99ac54131abf9bf5100","65c4e8ab5500ab66e682f6ed","",NA,NA,"",NA,NA,"",NA,NA,"",NA,NA,"",NA,NA,"",NA,NA,NA,NA,"","",NA,NA,NA,"",NA,NA,"","","",NA,NA,"","",NA,NA,NA,NA,"","","",NA,NA,NA,NA,NA,NA,1,NA,NA,"",NA,NA,"",NA,NA,"",NA,NA,"s",0.4554,NA,"space",0.549,NA,1,"purple_gnome",1,4,"dark_forest","red_basket","green_gnome",1,5,"bright_forest","yellow_basket",4,0,0,1,"purple_gnome","dark_forest","red_basket",321,2,3,38,1,77,0,1,"",NA,NA,"",NA,NA,"",NA,NA,NA,NA,NA,NA,"","",NA,NA,"",NA,NA,"",NA,NA,"",NA,NA,NA,NA,NA,NA,"",NA,NA,"","",NA,NA,NA,NA,NA,NA,NA,"",NA,NA,NA,NA,NA,NA,"",NA,NA,"","","",NA,NA,NA,NA,NA,NA,NA,"",NA,NA,NA,NA,"",NA,NA,NA,NA,"","","","",NA,NA,NA,NA,NA,"",NA,NA,NA,NA,"",NA,NA,NA,NA,"","",NA,NA,NA,NA,NA,"",NA,NA,NA,NA,NA,NA,NA
"","",NA,"","","","","","","",NA,"","","","","","","",NA,"","","","","","","",NA,"","","","","",974381,1,"2024-02-08_14h44.32.787","experiment","2023.2.3","Win32",59.52380952,"6101ab943961ab6022c9d969","65c4d99ac54131abf9bf5100","65c4e8ab5500ab66e682f6ed","",NA,NA,"",NA,NA,"",NA,NA,"",NA,NA,"",NA,NA,"",NA,NA,NA,NA,"","",NA,NA,NA,"",NA,NA,"","","",NA,NA,"","",NA,NA,NA,NA,"","","",NA,NA,NA,NA,NA,NA,2,NA,NA,"",NA,NA,"",NA,NA,"",NA,NA,"k",0.375,NA,"space",0.5428,NA,2,"red_gnome",2,7,"dark_forest","red_basket","brown_gnomes",2,7,"bright_forest","yellow_basket",7,0,0,1,"brown_gnomes","bright_forest","yellow_basket",328,1,3,39,0,78,1,1,"",NA,NA,"",NA,NA,"",NA,NA,NA,NA,NA,NA,"","",NA,NA,"",NA,NA,"",NA,NA,"",NA,NA,NA,NA,NA,NA,"",NA,NA,"","",NA,NA,NA,NA,NA,NA,NA,"",NA,NA,NA,NA,NA,NA,"",NA,NA,"","","",NA,NA,NA,NA,NA,NA,NA,"",NA,NA,NA,NA,"",NA,NA,NA,NA,"","","","",NA,NA,NA,NA,NA,"",NA,NA,NA,NA,"",NA,NA,NA,NA,"","",NA,NA,NA,NA,NA,"",NA,NA,NA,NA,NA,NA,NA
"","",NA,"","","","","","","",NA,"","","","","","","",NA,"","","","","","","",NA,"","","","","",974381,1,"2024-02-08_14h44.32.787","experiment","2023.2.3","Win32",59.52380952,"6101ab943961ab6022c9d969","65c4d99ac54131abf9bf5100","65c4e8ab5500ab66e682f6ed","",NA,NA,"",NA,NA,"",NA,NA,"",NA,NA,"",NA,NA,"",NA,NA,NA,NA,"","",NA,NA,NA,"",NA,NA,"","","",NA,NA,"","",NA,NA,NA,NA,"","","",NA,NA,NA,NA,NA,NA,2,NA,NA,"",NA,NA,"",NA,NA,"",NA,NA,"k",0.4378,NA,"space",0.6568,NA,2,"red_gnome",2,8,"dark_forest","red_basket","brown_gnomes",2,8,"bright_forest","yellow_basket",8,0,0,1,"brown_gnomes","bright_forest","yellow_basket",336,-1,-2,39,1,79,1,1,"",NA,NA,"",NA,NA,"",NA,NA,NA,NA,NA,NA,"","",NA,NA,"",NA,NA,"",NA,NA,"",NA,NA,NA,NA,NA,NA,"",NA,NA,"","",NA,NA,NA,NA,NA,NA,NA,"",NA,NA,NA,NA,NA,NA,"",NA,NA,"","","",NA,NA,NA,NA,NA,NA,NA,"",NA,NA,NA,NA,"",NA,NA,NA,NA,"","","","",NA,NA,NA,NA,NA,"",NA,NA,NA,NA,"",NA,NA,NA,NA,"","",NA,NA,NA,NA,NA,"",NA,NA,NA,NA,NA,NA,NA
"","",NA,"","","","","","","",NA,"","","","","","","",NA,"","","","","","","",NA,"","","","","",974381,1,"2024-02-08_14h44.32.787","experiment","2023.2.3","Win32",59.52380952,"6101ab943961ab6022c9d969","65c4d99ac54131abf9bf5100","65c4e8ab5500ab66e682f6ed","",NA,NA,"",NA,NA,"",NA,NA,"",NA,NA,"",NA,NA,"",NA,NA,NA,NA,"","",NA,NA,NA,"",NA,NA,"","","",NA,NA,"","",NA,NA,NA,NA,"","","",NA,NA,NA,NA,NA,NA,1,NA,NA,"",NA,NA,"",NA,NA,"",NA,NA,"k",0.2374,NA,"space",0.421,NA,1,"purple_gnome",1,6,"dark_forest","red_basket","green_gnome",1,7,"bright_forest","yellow_basket",7,0,0,1,"green_gnome","bright_forest","yellow_basket",343,1,0,40,0,80,0,1,"",NA,NA,"",NA,NA,"",NA,NA,NA,NA,NA,NA,"","",NA,NA,"",NA,NA,"",NA,NA,"",NA,NA,NA,NA,NA,NA,"",NA,NA,"","",NA,NA,NA,NA,NA,NA,NA,"",NA,NA,NA,NA,NA,NA,"",NA,NA,"","","",NA,NA,NA,NA,NA,NA,NA,"",NA,NA,NA,NA,"",NA,NA,NA,NA,"","","","",NA,NA,NA,NA,NA,"",NA,NA,NA,NA,"",NA,NA,NA,NA,"","",NA,NA,NA,NA,NA,"",NA,NA,NA,NA,NA,NA,NA
"","",NA,"","","","","","","",NA,"","","","","","","",NA,"","","","","","","",NA,"","","","","",974381,1,"2024-02-08_14h44.32.787","experiment","2023.2.3","Win32",59.52380952,"6101ab943961ab6022c9d969","65c4d99ac54131abf9bf5100","65c4e8ab5500ab66e682f6ed","",NA,NA,"",NA,NA,"",NA,NA,"",NA,NA,"",NA,NA,"",NA,NA,NA,NA,"","",NA,NA,NA,"",NA,NA,"","","",NA,NA,"","",NA,NA,NA,NA,"","","",NA,NA,NA,NA,NA,NA,2,NA,NA,"",NA,NA,"",NA,NA,"",NA,NA,"s",0.2721,NA,"space",0.335,NA,2,"red_gnome",2,6,"dark_forest","red_basket","brown_gnomes",2,8,"bright_forest","yellow_basket",6,0,0,1,"red_gnome","dark_forest","red_basket",349,0,-1,40,1,81,1,1,"",NA,NA,"",NA,NA,"",NA,NA,NA,NA,NA,NA,"","",NA,NA,"",NA,NA,"",NA,NA,"",NA,NA,NA,NA,NA,NA,"",NA,NA,"","",NA,NA,NA,NA,NA,NA,NA,"",NA,NA,NA,NA,NA,NA,"",NA,NA,"","","",NA,NA,NA,NA,NA,NA,NA,"",NA,NA,NA,NA,"",NA,NA,NA,NA,"","","","",NA,NA,NA,NA,NA,"",NA,NA,NA,NA,"",NA,NA,NA,NA,"","",NA,NA,NA,NA,NA,"",NA,NA,NA,NA,NA,NA,NA
"","",NA,"","","","","","","",NA,"","","","","","","",NA,"","","","","","","",NA,"","","","","",974381,1,"2024-02-08_14h44.32.787","experiment","2023.2.3","Win32",59.52380952,"6101ab943961ab6022c9d969","65c4d99ac54131abf9bf5100","65c4e8ab5500ab66e682f6ed","",NA,NA,"",NA,NA,"",NA,NA,"",NA,NA,"",NA,NA,"",NA,NA,NA,NA,"","",NA,NA,NA,"",NA,NA,"","","",NA,NA,"","",NA,NA,NA,NA,"","","",NA,NA,NA,NA,NA,NA,2,NA,NA,"",NA,NA,"",NA,NA,"",NA,NA,"k",0.9252,NA,"space",0.4734,NA,2,"brown_gnomes",2,8,"bright_forest","yellow_basket","red_gnome",2,5,"dark_forest","red_basket",5,0,0,1,"red_gnome","dark_forest","red_basket",354,-4,-4,41,0,82,1,1,"",NA,NA,"",NA,NA,"",NA,NA,NA,NA,NA,NA,"","",NA,NA,"",NA,NA,"",NA,NA,"",NA,NA,NA,NA,NA,NA,"",NA,NA,"","",NA,NA,NA,NA,NA,NA,NA,"",NA,NA,NA,NA,NA,NA,"",NA,NA,"","","",NA,NA,NA,NA,NA,NA,NA,"",NA,NA,NA,NA,"",NA,NA,NA,NA,"","","","",NA,NA,NA,NA,NA,"",NA,NA,NA,NA,"",NA,NA,NA,NA,"","",NA,NA,NA,NA,NA,"",NA,NA,NA,NA,NA,NA,NA
"","",NA,"","","","","","","",NA,"","","","","","","",NA,"","","","","","","",NA,"","","","","",974381,1,"2024-02-08_14h44.32.787","experiment","2023.2.3","Win32",59.52380952,"6101ab943961ab6022c9d969","65c4d99ac54131abf9bf5100","65c4e8ab5500ab66e682f6ed","",NA,NA,"",NA,NA,"",NA,NA,"",NA,NA,"",NA,NA,"",NA,NA,NA,NA,"","",NA,NA,NA,"",NA,NA,"","","",NA,NA,"","",NA,NA,NA,NA,"","","",NA,NA,NA,NA,NA,NA,1,NA,NA,"",NA,NA,"",NA,NA,"",NA,NA,"k",0.4895,NA,"space",0.5901,NA,1,"green_gnome",1,4,"bright_forest","yellow_basket","purple_gnome",1,1,"dark_forest","red_basket",1,0,0,1,"purple_gnome","dark_forest","red_basket",355,1,0,41,1,83,0,1,"",NA,NA,"",NA,NA,"",NA,NA,NA,NA,NA,NA,"","",NA,NA,"",NA,NA,"",NA,NA,"",NA,NA,NA,NA,NA,NA,"",NA,NA,"","",NA,NA,NA,NA,NA,NA,NA,"",NA,NA,NA,NA,NA,NA,"",NA,NA,"","","",NA,NA,NA,NA,NA,NA,NA,"",NA,NA,NA,NA,"",NA,NA,NA,NA,"","","","",NA,NA,NA,NA,NA,"",NA,NA,NA,NA,"",NA,NA,NA,NA,"","",NA,NA,NA,NA,NA,"",NA,NA,NA,NA,NA,NA,NA
"","",NA,"","","","","","","",NA,"","","","","","","",NA,"","","","","","","",NA,"","","","","",974381,1,"2024-02-08_14h44.32.787","experiment","2023.2.3","Win32",59.52380952,"6101ab943961ab6022c9d969","65c4d99ac54131abf9bf5100","65c4e8ab5500ab66e682f6ed","",NA,NA,"",NA,NA,"",NA,NA,"",NA,NA,"",NA,NA,"",NA,NA,NA,NA,"","",NA,NA,NA,"",NA,NA,"","","",NA,NA,"","",NA,NA,NA,NA,"","","",NA,NA,NA,NA,NA,NA,2,NA,NA,"",NA,NA,"",NA,NA,"",NA,NA,"s",0.1785,NA,"space",0.4392,NA,2,"brown_gnomes",2,5,"bright_forest","yellow_basket","red_gnome",2,1,"dark_forest","red_basket",5,0,0,1,"brown_gnomes","bright_forest","yellow_basket",360,-1,-2,42,0,84,1,1,"",NA,NA,"",NA,NA,"",NA,NA,NA,NA,NA,NA,"","",NA,NA,"",NA,NA,"",NA,NA,"",NA,NA,NA,NA,NA,NA,"",NA,NA,"","",NA,NA,NA,NA,NA,NA,NA,"",NA,NA,NA,NA,NA,NA,"",NA,NA,"","","",NA,NA,NA,NA,NA,NA,NA,"",NA,NA,NA,NA,"",NA,NA,NA,NA,"","","","",NA,NA,NA,NA,NA,"",NA,NA,NA,NA,"",NA,NA,NA,NA,"","",NA,NA,NA,NA,NA,"",NA,NA,NA,NA,NA,NA,NA
"","",NA,"","","","","","","",NA,"","","","","","","",NA,"","","","","","","",NA,"","","","","",974381,1,"2024-02-08_14h44.32.787","experiment","2023.2.3","Win32",59.52380952,"6101ab943961ab6022c9d969","65c4d99ac54131abf9bf5100","65c4e8ab5500ab66e682f6ed","",NA,NA,"",NA,NA,"",NA,NA,"",NA,NA,"",NA,NA,"",NA,NA,NA,NA,"","",NA,NA,NA,"",NA,NA,"","","",NA,NA,"","",NA,NA,NA,NA,"","","",NA,NA,NA,NA,NA,NA,1,NA,NA,"",NA,NA,"",NA,NA,"",NA,NA,"k",0.2998,NA,"space",0.8933,NA,1,"green_gnome",1,4,"bright_forest","yellow_basket","purple_gnome",1,1,"dark_forest","red_basket",1,0,0,1,"purple_gnome","dark_forest","red_basket",361,1,-3,42,1,85,0,1,"",NA,NA,"",NA,NA,"",NA,NA,NA,NA,NA,NA,"","",NA,NA,"",NA,NA,"",NA,NA,"",NA,NA,NA,NA,NA,NA,"",NA,NA,"","",NA,NA,NA,NA,NA,NA,NA,"",NA,NA,NA,NA,NA,NA,"",NA,NA,"","","",NA,NA,NA,NA,NA,NA,NA,"",NA,NA,NA,NA,"",NA,NA,NA,NA,"","","","",NA,NA,NA,NA,NA,"",NA,NA,NA,NA,"",NA,NA,NA,NA,"","",NA,NA,NA,NA,NA,"",NA,NA,NA,NA,NA,NA,NA
"","",NA,"","","","","","","",NA,"","","","","","","",NA,"","","","","","","",NA,"","","","","",974381,1,"2024-02-08_14h44.32.787","experiment","2023.2.3","Win32",59.52380952,"6101ab943961ab6022c9d969","65c4d99ac54131abf9bf5100","65c4e8ab5500ab66e682f6ed","",NA,NA,"",NA,NA,"",NA,NA,"",NA,NA,"",NA,NA,"",NA,NA,NA,NA,"","",NA,NA,NA,"",NA,NA,"","","",NA,NA,"","",NA,NA,NA,NA,"","","",NA,NA,NA,NA,NA,NA,1,NA,NA,"",NA,NA,"",NA,NA,"",NA,NA,"s",0.8113,NA,"space",0.4579,NA,1,"purple_gnome",1,2,"dark_forest","red_basket","green_gnome",1,5,"bright_forest","yellow_basket",2,0,0,1,"purple_gnome","dark_forest","red_basket",363,-1,3,43,0,86,0,1,"",NA,NA,"",NA,NA,"",NA,NA,NA,NA,NA,NA,"","",NA,NA,"",NA,NA,"",NA,NA,"",NA,NA,NA,NA,NA,NA,"",NA,NA,"","",NA,NA,NA,NA,NA,NA,NA,"",NA,NA,NA,NA,NA,NA,"",NA,NA,"","","",NA,NA,NA,NA,NA,NA,NA,"",NA,NA,NA,NA,"",NA,NA,NA,NA,"","","","",NA,NA,NA,NA,NA,"",NA,NA,NA,NA,"",NA,NA,NA,NA,"","",NA,NA,NA,NA,NA,"",NA,NA,NA,NA,NA,NA,NA
"","",NA,"","","","","","","",NA,"","","","","","","",NA,"","","","","","","",NA,"","","","","",974381,1,"2024-02-08_14h44.32.787","experiment","2023.2.3","Win32",59.52380952,"6101ab943961ab6022c9d969","65c4d99ac54131abf9bf5100","65c4e8ab5500ab66e682f6ed","",NA,NA,"",NA,NA,"",NA,NA,"",NA,NA,"",NA,NA,"",NA,NA,NA,NA,"","",NA,NA,NA,"",NA,NA,"","","",NA,NA,"","",NA,NA,NA,NA,"","","",NA,NA,NA,NA,NA,NA,1,NA,NA,"",NA,NA,"",NA,NA,"",NA,NA,"s",0.323,NA,"",NA,NA,1,"purple_gnome",1,5,"dark_forest","red_basket","green_gnome",1,4,"bright_forest","yellow_basket",0,0,1,0,"purple_gnome","dark_forest","red_basket",363,0,1,43,1,87,0,1,"",NA,NA,"",NA,NA,"",NA,NA,NA,NA,NA,NA,"","",NA,NA,"",NA,NA,"",NA,NA,"",NA,NA,NA,NA,NA,NA,"",NA,NA,"","",NA,NA,NA,NA,NA,NA,NA,"",NA,NA,NA,NA,NA,NA,"",NA,NA,"","","",NA,NA,NA,NA,NA,NA,NA,"",NA,NA,NA,NA,"",NA,NA,NA,NA,"","","","",NA,NA,NA,NA,NA,"",NA,NA,NA,NA,"",NA,NA,NA,NA,"","",NA,NA,NA,NA,NA,"",NA,NA,NA,NA,NA,NA,NA
"","",NA,"","","","","","","",NA,"","","","","","","",NA,"","","","","","","",NA,"","","","","",974381,1,"2024-02-08_14h44.32.787","experiment","2023.2.3","Win32",59.52380952,"6101ab943961ab6022c9d969","65c4d99ac54131abf9bf5100","65c4e8ab5500ab66e682f6ed","",NA,NA,"",NA,NA,"",NA,NA,"",NA,NA,"",NA,NA,"",NA,NA,NA,NA,"","",NA,NA,NA,"",NA,NA,"","","",NA,NA,"","",NA,NA,NA,NA,"","","",NA,NA,NA,NA,NA,NA,2,NA,NA,"",NA,NA,"",NA,NA,"",NA,NA,"k",0.1889,NA,"space",0.435,NA,2,"red_gnome",2,6,"dark_forest","red_basket","brown_gnomes",2,4,"bright_forest","yellow_basket",4,0,0,1,"brown_gnomes","bright_forest","yellow_basket",367,-4,-5,44,0,88,1,1,"",NA,NA,"",NA,NA,"",NA,NA,NA,NA,NA,NA,"","",NA,NA,"",NA,NA,"",NA,NA,"",NA,NA,NA,NA,NA,NA,"",NA,NA,"","",NA,NA,NA,NA,NA,NA,NA,"",NA,NA,NA,NA,NA,NA,"",NA,NA,"","","",NA,NA,NA,NA,NA,NA,NA,"",NA,NA,NA,NA,"",NA,NA,NA,NA,"","","","",NA,NA,NA,NA,NA,"",NA,NA,NA,NA,"",NA,NA,NA,NA,"","",NA,NA,NA,NA,NA,"",NA,NA,NA,NA,NA,NA,NA
"","",NA,"","","","","","","",NA,"","","","","","","",NA,"","","","","","","",NA,"","","","","",974381,1,"2024-02-08_14h44.32.787","experiment","2023.2.3","Win32",59.52380952,"6101ab943961ab6022c9d969","65c4d99ac54131abf9bf5100","65c4e8ab5500ab66e682f6ed","",NA,NA,"",NA,NA,"",NA,NA,"",NA,NA,"",NA,NA,"",NA,NA,NA,NA,"","",NA,NA,NA,"",NA,NA,"","","",NA,NA,"","",NA,NA,NA,NA,"","","",NA,NA,NA,NA,NA,NA,2,NA,NA,"",NA,NA,"",NA,NA,"",NA,NA,"s",0.26,NA,"space",0.3478,NA,2,"red_gnome",2,1,"dark_forest","red_basket","brown_gnomes",2,0,"bright_forest","yellow_basket",1,0,0,1,"red_gnome","dark_forest","red_basket",368,2,3,44,1,89,1,1,"",NA,NA,"",NA,NA,"",NA,NA,NA,NA,NA,NA,"","",NA,NA,"",NA,NA,"",NA,NA,"",NA,NA,NA,NA,NA,NA,"",NA,NA,"","",NA,NA,NA,NA,NA,NA,NA,"",NA,NA,NA,NA,NA,NA,"",NA,NA,"","","",NA,NA,NA,NA,NA,NA,NA,"",NA,NA,NA,NA,"",NA,NA,NA,NA,"","","","",NA,NA,NA,NA,NA,"",NA,NA,NA,NA,"",NA,NA,NA,NA,"","",NA,NA,NA,NA,NA,"",NA,NA,NA,NA,NA,NA,NA
"","",NA,"","","","","","","",NA,"","","","","","","",NA,"","","","","","","",NA,"","","","","",974381,1,"2024-02-08_14h44.32.787","experiment","2023.2.3","Win32",59.52380952,"6101ab943961ab6022c9d969","65c4d99ac54131abf9bf5100","65c4e8ab5500ab66e682f6ed","",NA,NA,"",NA,NA,"",NA,NA,"",NA,NA,"",NA,NA,"",NA,NA,NA,NA,"","",NA,NA,NA,"",NA,NA,"","","",NA,NA,"","",NA,NA,NA,NA,"","","",NA,NA,NA,NA,NA,NA,1,NA,NA,"",NA,NA,"",NA,NA,"",NA,NA,"s",0.624,NA,"",NA,NA,1,"purple_gnome",1,4,"dark_forest","red_basket","green_gnome",1,2,"bright_forest","yellow_basket",0,0,1,0,"purple_gnome","dark_forest","red_basket",368,-2,-3,45,0,90,0,1,"",NA,NA,"",NA,NA,"",NA,NA,NA,NA,NA,NA,"","",NA,NA,"",NA,NA,"",NA,NA,"",NA,NA,NA,NA,NA,NA,"",NA,NA,"","",NA,NA,NA,NA,NA,NA,NA,"",NA,NA,NA,NA,NA,NA,"",NA,NA,"","","",NA,NA,NA,NA,NA,NA,NA,"",NA,NA,NA,NA,"",NA,NA,NA,NA,"","","","",NA,NA,NA,NA,NA,"",NA,NA,NA,NA,"",NA,NA,NA,NA,"","",NA,NA,NA,NA,NA,"",NA,NA,NA,NA,NA,NA,NA
"","",NA,"","","","","","","",NA,"","","","","","","",NA,"","","","","","","",NA,"","","","","",974381,1,"2024-02-08_14h44.32.787","experiment","2023.2.3","Win32",59.52380952,"6101ab943961ab6022c9d969","65c4d99ac54131abf9bf5100","65c4e8ab5500ab66e682f6ed","",NA,NA,"",NA,NA,"",NA,NA,"",NA,NA,"",NA,NA,"",NA,NA,NA,NA,"","",NA,NA,NA,"",NA,NA,"","","",NA,NA,"","",NA,NA,NA,NA,"","","",NA,NA,NA,NA,NA,NA,2,NA,NA,"",NA,NA,"",NA,NA,"",NA,NA,"s",0.644,NA,"space",0.4486,NA,2,"brown_gnomes",2,0,"bright_forest","yellow_basket","red_gnome",2,1,"dark_forest","red_basket",0,0,0,1,"brown_gnomes","bright_forest","yellow_basket",368,-2,1,45,1,91,1,1,"",NA,NA,"",NA,NA,"",NA,NA,NA,NA,NA,NA,"","",NA,NA,"",NA,NA,"",NA,NA,"",NA,NA,NA,NA,NA,NA,"",NA,NA,"","",NA,NA,NA,NA,NA,NA,NA,"",NA,NA,NA,NA,NA,NA,"",NA,NA,"","","",NA,NA,NA,NA,NA,NA,NA,"",NA,NA,NA,NA,"",NA,NA,NA,NA,"","","","",NA,NA,NA,NA,NA,"",NA,NA,NA,NA,"",NA,NA,NA,NA,"","",NA,NA,NA,NA,NA,"",NA,NA,NA,NA,NA,NA,NA
"","",NA,"","","","","","","",NA,"","","","","","","",NA,"","","","","","","",NA,"","","","","",974381,1,"2024-02-08_14h44.32.787","experiment","2023.2.3","Win32",59.52380952,"6101ab943961ab6022c9d969","65c4d99ac54131abf9bf5100","65c4e8ab5500ab66e682f6ed","",NA,NA,"",NA,NA,"",NA,NA,"",NA,NA,"",NA,NA,"",NA,NA,NA,NA,"","",NA,NA,NA,"",NA,NA,"","","",NA,NA,"","",NA,NA,NA,NA,"","","",NA,NA,NA,NA,NA,NA,1,NA,NA,"",NA,NA,"",NA,NA,"",NA,NA,"s",0.3584,NA,"space",0.6267,NA,1,"purple_gnome",1,2,"dark_forest","red_basket","green_gnome",1,2,"bright_forest","yellow_basket",2,0,0,1,"purple_gnome","dark_forest","red_basket",370,0,-4,46,0,92,0,1,"",NA,NA,"",NA,NA,"",NA,NA,NA,NA,NA,NA,"","",NA,NA,"",NA,NA,"",NA,NA,"",NA,NA,NA,NA,NA,NA,"",NA,NA,"","",NA,NA,NA,NA,NA,NA,NA,"",NA,NA,NA,NA,NA,NA,"",NA,NA,"","","",NA,NA,NA,NA,NA,NA,NA,"",NA,NA,NA,NA,"",NA,NA,NA,NA,"","","","",NA,NA,NA,NA,NA,"",NA,NA,NA,NA,"",NA,NA,NA,NA,"","",NA,NA,NA,NA,NA,"",NA,NA,NA,NA,NA,NA,NA
"","",NA,"","","","","","","",NA,"","","","","","","",NA,"","","","","","","",NA,"","","","","",974381,1,"2024-02-08_14h44.32.787","experiment","2023.2.3","Win32",59.52380952,"6101ab943961ab6022c9d969","65c4d99ac54131abf9bf5100","65c4e8ab5500ab66e682f6ed","",NA,NA,"",NA,NA,"",NA,NA,"",NA,NA,"",NA,NA,"",NA,NA,NA,NA,"","",NA,NA,NA,"",NA,NA,"","","",NA,NA,"","",NA,NA,NA,NA,"","","",NA,NA,NA,NA,NA,NA,1,NA,NA,"",NA,NA,"",NA,NA,"",NA,NA,"s",0.4651,NA,"space",0.3334,NA,1,"purple_gnome",1,2,"dark_forest","red_basket","green_gnome",1,2,"bright_forest","yellow_basket",2,0,0,1,"purple_gnome","dark_forest","red_basket",372,0,1,46,1,93,0,1,"",NA,NA,"",NA,NA,"",NA,NA,NA,NA,NA,NA,"","",NA,NA,"",NA,NA,"",NA,NA,"",NA,NA,NA,NA,NA,NA,"",NA,NA,"","",NA,NA,NA,NA,NA,NA,NA,"",NA,NA,NA,NA,NA,NA,"",NA,NA,"","","",NA,NA,NA,NA,NA,NA,NA,"",NA,NA,NA,NA,"",NA,NA,NA,NA,"","","","",NA,NA,NA,NA,NA,"",NA,NA,NA,NA,"",NA,NA,NA,NA,"","",NA,NA,NA,NA,NA,"",NA,NA,NA,NA,NA,NA,NA
"","",NA,"","","","","","","",NA,"","","","","","","",NA,"","","","","","","",NA,"","","","","",974381,1,"2024-02-08_14h44.32.787","experiment","2023.2.3","Win32",59.52380952,"6101ab943961ab6022c9d969","65c4d99ac54131abf9bf5100","65c4e8ab5500ab66e682f6ed","",NA,NA,"",NA,NA,"",NA,NA,"",NA,NA,"",NA,NA,"",NA,NA,NA,NA,"","",NA,NA,NA,"",NA,NA,"","","",NA,NA,"","",NA,NA,NA,NA,"","","",NA,NA,NA,NA,NA,NA,1,NA,NA,"",NA,NA,"",NA,NA,"",NA,NA,"s",0.2876,NA,"space",0.2339,NA,1,"purple_gnome",1,3,"dark_forest","red_basket","green_gnome",1,2,"bright_forest","yellow_basket",3,0,0,1,"purple_gnome","dark_forest","red_basket",375,1,0,47,0,94,0,1,"",NA,NA,"",NA,NA,"",NA,NA,NA,NA,NA,NA,"","",NA,NA,"",NA,NA,"",NA,NA,"",NA,NA,NA,NA,NA,NA,"",NA,NA,"","",NA,NA,NA,NA,NA,NA,NA,"",NA,NA,NA,NA,NA,NA,"",NA,NA,"","","",NA,NA,NA,NA,NA,NA,NA,"",NA,NA,NA,NA,"",NA,NA,NA,NA,"","","","",NA,NA,NA,NA,NA,"",NA,NA,NA,NA,"",NA,NA,NA,NA,"","",NA,NA,NA,NA,NA,"",NA,NA,NA,NA,NA,NA,NA
"","",NA,"","","","","","","",NA,"","","","","","","",NA,"","","","","","","",NA,"","","","","",974381,1,"2024-02-08_14h44.32.787","experiment","2023.2.3","Win32",59.52380952,"6101ab943961ab6022c9d969","65c4d99ac54131abf9bf5100","65c4e8ab5500ab66e682f6ed","",NA,NA,"",NA,NA,"",NA,NA,"",NA,NA,"",NA,NA,"",NA,NA,NA,NA,"","",NA,NA,NA,"",NA,NA,"","","",NA,NA,"","",NA,NA,NA,NA,"","","",NA,NA,NA,NA,NA,NA,1,NA,NA,"",NA,NA,"",NA,NA,"",NA,NA,"s",0.7271,NA,"space",0.4348,NA,1,"purple_gnome",1,3,"dark_forest","red_basket","green_gnome",1,3,"bright_forest","yellow_basket",3,0,0,1,"purple_gnome","dark_forest","red_basket",378,-1,-2,47,1,95,0,1,"",NA,NA,"",NA,NA,"",NA,NA,NA,NA,NA,NA,"","",NA,NA,"",NA,NA,"",NA,NA,"",NA,NA,NA,NA,NA,NA,"",NA,NA,"","",NA,NA,NA,NA,NA,NA,NA,"",NA,NA,NA,NA,NA,NA,"",NA,NA,"","","",NA,NA,NA,NA,NA,NA,NA,"",NA,NA,NA,NA,"",NA,NA,NA,NA,"","","","",NA,NA,NA,NA,NA,"",NA,NA,NA,NA,"",NA,NA,NA,NA,"","",NA,NA,NA,NA,NA,"",NA,NA,NA,NA,NA,NA,NA
"","",NA,"","","","","","","",NA,"","","","","","","",NA,"","","","","","","",NA,"","","","","",974381,1,"2024-02-08_14h44.32.787","experiment","2023.2.3","Win32",59.52380952,"6101ab943961ab6022c9d969","65c4d99ac54131abf9bf5100","65c4e8ab5500ab66e682f6ed","",NA,NA,"",NA,NA,"",NA,NA,"",NA,NA,"",NA,NA,"",NA,NA,NA,NA,"","",NA,NA,NA,"",NA,NA,"","","",NA,NA,"","",NA,NA,NA,NA,"","","",NA,NA,NA,NA,NA,NA,1,NA,NA,"",NA,NA,"",NA,NA,"",NA,NA,"s",0.3118,NA,"space",0.5763,NA,1,"purple_gnome",1,1,"dark_forest","red_basket","green_gnome",1,2,"bright_forest","yellow_basket",1,0,0,1,"purple_gnome","dark_forest","red_basket",379,-2,-2,48,0,96,0,1,"",NA,NA,"",NA,NA,"",NA,NA,NA,NA,NA,NA,"","",NA,NA,"",NA,NA,"",NA,NA,"",NA,NA,NA,NA,NA,NA,"",NA,NA,"","",NA,NA,NA,NA,NA,NA,NA,"",NA,NA,NA,NA,NA,NA,"",NA,NA,"","","",NA,NA,NA,NA,NA,NA,NA,"",NA,NA,NA,NA,"",NA,NA,NA,NA,"","","","",NA,NA,NA,NA,NA,"",NA,NA,NA,NA,"",NA,NA,NA,NA,"","",NA,NA,NA,NA,NA,"",NA,NA,NA,NA,NA,NA,NA
"","",NA,"","","","","","","",NA,"","","","","","","",NA,"","","","","","","",NA,"","","","","",974381,1,"2024-02-08_14h44.32.787","experiment","2023.2.3","Win32",59.52380952,"6101ab943961ab6022c9d969","65c4d99ac54131abf9bf5100","65c4e8ab5500ab66e682f6ed","",NA,NA,"",NA,NA,"",NA,NA,"",NA,NA,"",NA,NA,"",NA,NA,NA,NA,"","",NA,NA,NA,"",NA,NA,"","","",NA,NA,"","",NA,NA,NA,NA,"","","",NA,NA,NA,NA,NA,NA,1,NA,NA,"",NA,NA,"",NA,NA,"",NA,NA,"s",0.2251,NA,"space",0.3008,NA,1,"green_gnome",1,0,"bright_forest","yellow_basket","purple_gnome",1,1,"dark_forest","red_basket",0,0,0,1,"green_gnome","bright_forest","yellow_basket",379,-1,1,48,1,97,0,1,"",NA,NA,"",NA,NA,"",NA,NA,NA,NA,NA,NA,"","",NA,NA,"",NA,NA,"",NA,NA,"",NA,NA,NA,NA,NA,NA,"",NA,NA,"","",NA,NA,NA,NA,NA,NA,NA,"",NA,NA,NA,NA,NA,NA,"",NA,NA,"","","",NA,NA,NA,NA,NA,NA,NA,"",NA,NA,NA,NA,"",NA,NA,NA,NA,"","","","",NA,NA,NA,NA,NA,"",NA,NA,NA,NA,"",NA,NA,NA,NA,"","",NA,NA,NA,NA,NA,"",NA,NA,NA,NA,NA,NA,NA
"","",NA,"","","","","","","",NA,"","","","","","","",NA,"","","","","","","",NA,"","","","","",974381,1,"2024-02-08_14h44.32.787","experiment","2023.2.3","Win32",59.52380952,"6101ab943961ab6022c9d969","65c4d99ac54131abf9bf5100","65c4e8ab5500ab66e682f6ed","",NA,NA,"",NA,NA,"",NA,NA,"",NA,NA,"",NA,NA,"",NA,NA,NA,NA,"","",NA,NA,NA,"",NA,NA,"","","",NA,NA,"","",NA,NA,NA,NA,"","","",NA,NA,NA,NA,NA,NA,2,NA,NA,"",NA,NA,"",NA,NA,"",NA,NA,"s",0.4086,NA,"space",0.5306,NA,2,"brown_gnomes",2,1,"bright_forest","yellow_basket","red_gnome",2,2,"dark_forest","red_basket",1,0,0,1,"brown_gnomes","bright_forest","yellow_basket",380,1,-1,49,0,98,1,1,"",NA,NA,"",NA,NA,"",NA,NA,NA,NA,NA,NA,"","",NA,NA,"",NA,NA,"",NA,NA,"",NA,NA,NA,NA,NA,NA,"",NA,NA,"","",NA,NA,NA,NA,NA,NA,NA,"",NA,NA,NA,NA,NA,NA,"",NA,NA,"","","",NA,NA,NA,NA,NA,NA,NA,"",NA,NA,NA,NA,"",NA,NA,NA,NA,"","","","",NA,NA,NA,NA,NA,"",NA,NA,NA,NA,"",NA,NA,NA,NA,"","",NA,NA,NA,NA,NA,"",NA,NA,NA,NA,NA,NA,NA
"","",NA,"","","","","","","",NA,"","","","","","","",NA,"","","","","","","",NA,"","","","","",974381,1,"2024-02-08_14h44.32.787","experiment","2023.2.3","Win32",59.52380952,"6101ab943961ab6022c9d969","65c4d99ac54131abf9bf5100","65c4e8ab5500ab66e682f6ed","",NA,NA,"",NA,NA,"",NA,NA,"",NA,NA,"",NA,NA,"",NA,NA,NA,NA,"","",NA,NA,NA,"",NA,NA,"","","",NA,NA,"","",NA,NA,NA,NA,"","","",NA,NA,NA,NA,NA,NA,2,NA,NA,"",NA,NA,"",NA,NA,"",NA,NA,"k",0.4233,NA,"space",0.5489,NA,2,"red_gnome",2,1,"dark_forest","red_basket","brown_gnomes",2,2,"bright_forest","yellow_basket",2,0,0,1,"brown_gnomes","bright_forest","yellow_basket",382,-3,-2,49,1,99,1,1,"",NA,NA,"",NA,NA,"",NA,NA,NA,NA,NA,NA,"","",NA,NA,"",NA,NA,"",NA,NA,"",NA,NA,NA,NA,NA,NA,"",NA,NA,"","",NA,NA,NA,NA,NA,NA,NA,"",NA,NA,NA,NA,NA,NA,"",NA,NA,"","","",NA,NA,NA,NA,NA,NA,NA,"",NA,NA,NA,NA,"",NA,NA,NA,NA,"","","","",NA,NA,NA,NA,NA,"",NA,NA,NA,NA,"",NA,NA,NA,NA,"","",NA,NA,NA,NA,NA,"",NA,NA,NA,NA,NA,NA,NA
"","",NA,"","","","","","","",NA,"","","","","","","",NA,"","","","","","","",NA,"","","","","",974381,1,"2024-02-08_14h44.32.787","experiment","2023.2.3","Win32",59.52380952,"6101ab943961ab6022c9d969","65c4d99ac54131abf9bf5100","65c4e8ab5500ab66e682f6ed","",NA,NA,"",NA,NA,"",NA,NA,"",NA,NA,"",NA,NA,"",NA,NA,NA,NA,"","",NA,NA,NA,"",NA,NA,"","","",NA,NA,"","",NA,NA,NA,NA,"","","",NA,NA,NA,NA,NA,NA,2,NA,NA,"",NA,NA,"",NA,NA,"",NA,NA,"k",0.4402,NA,"space",0.5489,NA,2,"red_gnome",2,1,"dark_forest","red_basket","brown_gnomes",2,1,"bright_forest","yellow_basket",1,0,0,1,"brown_gnomes","bright_forest","yellow_basket",383,-1,0,50,0,100,1,1,"",NA,NA,"",NA,NA,"",NA,NA,NA,NA,NA,NA,"","",NA,NA,"",NA,NA,"",NA,NA,"",NA,NA,NA,NA,NA,NA,"",NA,NA,"","",NA,NA,NA,NA,NA,NA,NA,"",NA,NA,NA,NA,NA,NA,"",NA,NA,"","","",NA,NA,NA,NA,NA,NA,NA,"",NA,NA,NA,NA,"",NA,NA,NA,NA,"","","","",NA,NA,NA,NA,NA,"",NA,NA,NA,NA,"",NA,NA,NA,NA,"","",NA,NA,NA,NA,NA,"",NA,NA,NA,NA,NA,NA,NA
"","",NA,"","","","","","","",NA,"","","","","","","",NA,"","","","","","","",NA,"","","","","",974381,1,"2024-02-08_14h44.32.787","experiment","2023.2.3","Win32",59.52380952,"6101ab943961ab6022c9d969","65c4d99ac54131abf9bf5100","65c4e8ab5500ab66e682f6ed","",NA,NA,"",NA,NA,"",NA,NA,"",NA,NA,"",NA,NA,"",NA,NA,NA,NA,"","",NA,NA,NA,"",NA,NA,"","","",NA,NA,"","",NA,NA,NA,NA,"","","",NA,NA,NA,NA,NA,NA,2,NA,NA,"",NA,NA,"",NA,NA,"",NA,NA,"s",0.4428,NA,"space",0.6394,NA,2,"brown_gnomes",2,0,"bright_forest","yellow_basket","red_gnome",2,1,"dark_forest","red_basket",0,0,0,1,"brown_gnomes","bright_forest","yellow_basket",383,0,3,50,1,101,1,1,"",NA,NA,"",NA,NA,"",NA,NA,NA,NA,NA,NA,"","",NA,NA,"",NA,NA,"",NA,NA,"",NA,NA,NA,NA,NA,NA,"",NA,NA,"","",NA,NA,NA,NA,NA,NA,NA,"",NA,NA,NA,NA,NA,NA,"",NA,NA,"","","",NA,NA,NA,NA,NA,NA,NA,"",NA,NA,NA,NA,"",NA,NA,NA,NA,"","","","",NA,NA,NA,NA,NA,"",NA,NA,NA,NA,"",NA,NA,NA,NA,"","",NA,NA,NA,NA,NA,"",NA,NA,NA,NA,NA,NA,NA
"","",NA,"","","","","","","",NA,"","","","","","","",NA,"","","","","","","",NA,"","","","","",974381,1,"2024-02-08_14h44.32.787","experiment","2023.2.3","Win32",59.52380952,"6101ab943961ab6022c9d969","65c4d99ac54131abf9bf5100","65c4e8ab5500ab66e682f6ed","",NA,NA,"",NA,NA,"",NA,NA,"",NA,NA,"",NA,NA,"",NA,NA,NA,NA,"","",NA,NA,NA,"",NA,NA,"","","",NA,NA,"","",NA,NA,NA,NA,"","","",NA,NA,NA,NA,NA,NA,1,NA,NA,"",NA,NA,"",NA,NA,"",NA,NA,"k",0.4968,NA,"space",0.349,NA,1,"green_gnome",1,0,"bright_forest","yellow_basket","purple_gnome",1,4,"dark_forest","red_basket",4,0,0,1,"purple_gnome","dark_forest","red_basket",387,-2,3,51,0,102,0,1,"",NA,NA,"",NA,NA,"",NA,NA,NA,NA,NA,NA,"","",NA,NA,"",NA,NA,"",NA,NA,"",NA,NA,NA,NA,NA,NA,"",NA,NA,"","",NA,NA,NA,NA,NA,NA,NA,"",NA,NA,NA,NA,NA,NA,"",NA,NA,"","","",NA,NA,NA,NA,NA,NA,NA,"",NA,NA,NA,NA,"",NA,NA,NA,NA,"","","","",NA,NA,NA,NA,NA,"",NA,NA,NA,NA,"",NA,NA,NA,NA,"","",NA,NA,NA,NA,NA,"",NA,NA,NA,NA,NA,NA,NA
"","",NA,"","","","","","","",NA,"","","","","","","",NA,"","","","","","","",NA,"","","","","",974381,1,"2024-02-08_14h44.32.787","experiment","2023.2.3","Win32",59.52380952,"6101ab943961ab6022c9d969","65c4d99ac54131abf9bf5100","65c4e8ab5500ab66e682f6ed","",NA,NA,"",NA,NA,"",NA,NA,"",NA,NA,"",NA,NA,"",NA,NA,NA,NA,"","",NA,NA,NA,"",NA,NA,"","","",NA,NA,"","",NA,NA,NA,NA,"","","",NA,NA,NA,NA,NA,NA,1,NA,NA,"",NA,NA,"",NA,NA,"",NA,NA,"k",0.5335,NA,"space",0.5258,NA,1,"green_gnome",1,2,"bright_forest","yellow_basket","purple_gnome",1,7,"dark_forest","red_basket",7,0,0,1,"purple_gnome","dark_forest","red_basket",394,0,3,51,1,103,0,1,"",NA,NA,"",NA,NA,"",NA,NA,NA,NA,NA,NA,"","",NA,NA,"",NA,NA,"",NA,NA,"",NA,NA,NA,NA,NA,NA,"",NA,NA,"","",NA,NA,NA,NA,NA,NA,NA,"",NA,NA,NA,NA,NA,NA,"",NA,NA,"","","",NA,NA,NA,NA,NA,NA,NA,"",NA,NA,NA,NA,"",NA,NA,NA,NA,"","","","",NA,NA,NA,NA,NA,"",NA,NA,NA,NA,"",NA,NA,NA,NA,"","",NA,NA,NA,NA,NA,"",NA,NA,NA,NA,NA,NA,NA
"","",NA,"","","","","","","",NA,"","","","","","","",NA,"","","","","","","",NA,"","","","","",974381,1,"2024-02-08_14h44.32.787","experiment","2023.2.3","Win32",59.52380952,"6101ab943961ab6022c9d969","65c4d99ac54131abf9bf5100","65c4e8ab5500ab66e682f6ed","",NA,NA,"",NA,NA,"",NA,NA,"",NA,NA,"",NA,NA,"",NA,NA,NA,NA,"","",NA,NA,NA,"",NA,NA,"","","",NA,NA,"","",NA,NA,NA,NA,"","","",NA,NA,NA,NA,NA,NA,1,NA,NA,"",NA,NA,"",NA,NA,"",NA,NA,"s",0.4337,NA,"space",0.4415,NA,1,"purple_gnome",1,8,"dark_forest","red_basket","green_gnome",1,2,"bright_forest","yellow_basket",8,0,0,1,"purple_gnome","dark_forest","red_basket",402,2,-1,52,0,104,0,1,"",NA,NA,"",NA,NA,"",NA,NA,NA,NA,NA,NA,"","",NA,NA,"",NA,NA,"",NA,NA,"",NA,NA,NA,NA,NA,NA,"",NA,NA,"","",NA,NA,NA,NA,NA,NA,NA,"",NA,NA,NA,NA,NA,NA,"",NA,NA,"","","",NA,NA,NA,NA,NA,NA,NA,"",NA,NA,NA,NA,"",NA,NA,NA,NA,"","","","",NA,NA,NA,NA,NA,"",NA,NA,NA,NA,"",NA,NA,NA,NA,"","",NA,NA,NA,NA,NA,"",NA,NA,NA,NA,NA,NA,NA
"","",NA,"","","","","","","",NA,"","","","","","","",NA,"","","","","","","",NA,"","","","","",974381,1,"2024-02-08_14h44.32.787","experiment","2023.2.3","Win32",59.52380952,"6101ab943961ab6022c9d969","65c4d99ac54131abf9bf5100","65c4e8ab5500ab66e682f6ed","",NA,NA,"",NA,NA,"",NA,NA,"",NA,NA,"",NA,NA,"",NA,NA,NA,NA,"","",NA,NA,NA,"",NA,NA,"","","",NA,NA,"","",NA,NA,NA,NA,"","","",NA,NA,NA,NA,NA,NA,1,NA,NA,"",NA,NA,"",NA,NA,"",NA,NA,"s",0.5059,NA,"space",0.2827,NA,1,"purple_gnome",1,7,"dark_forest","red_basket","green_gnome",1,4,"bright_forest","yellow_basket",7,0,0,1,"purple_gnome","dark_forest","red_basket",409,2,-1,52,1,105,0,1,"",NA,NA,"",NA,NA,"",NA,NA,NA,NA,NA,NA,"","",NA,NA,"",NA,NA,"",NA,NA,"",NA,NA,NA,NA,NA,NA,"",NA,NA,"","",NA,NA,NA,NA,NA,NA,NA,"",NA,NA,NA,NA,NA,NA,"",NA,NA,"","","",NA,NA,NA,NA,NA,NA,NA,"",NA,NA,NA,NA,"",NA,NA,NA,NA,"","","","",NA,NA,NA,NA,NA,"",NA,NA,NA,NA,"",NA,NA,NA,NA,"","",NA,NA,NA,NA,NA,"",NA,NA,NA,NA,NA,NA,NA
"","",NA,"","","","","","","",NA,"","","","","","","",NA,"","","","","","","",NA,"","","","","",974381,1,"2024-02-08_14h44.32.787","experiment","2023.2.3","Win32",59.52380952,"6101ab943961ab6022c9d969","65c4d99ac54131abf9bf5100","65c4e8ab5500ab66e682f6ed","",NA,NA,"",NA,NA,"",NA,NA,"",NA,NA,"",NA,NA,"",NA,NA,NA,NA,"","",NA,NA,NA,"",NA,NA,"","","",NA,NA,"","",NA,NA,NA,NA,"","","",NA,NA,NA,NA,NA,NA,2,NA,NA,"",NA,NA,"",NA,NA,"",NA,NA,"s",0.5194,NA,"space",0.6071,NA,2,"brown_gnomes",2,6,"bright_forest","yellow_basket","red_gnome",2,6,"dark_forest","red_basket",6,0,0,1,"brown_gnomes","bright_forest","yellow_basket",415,1,2,53,0,106,1,1,"",NA,NA,"",NA,NA,"",NA,NA,NA,NA,NA,NA,"","",NA,NA,"",NA,NA,"",NA,NA,"",NA,NA,NA,NA,NA,NA,"",NA,NA,"","",NA,NA,NA,NA,NA,NA,NA,"",NA,NA,NA,NA,NA,NA,"",NA,NA,"","","",NA,NA,NA,NA,NA,NA,NA,"",NA,NA,NA,NA,"",NA,NA,NA,NA,"","","","",NA,NA,NA,NA,NA,"",NA,NA,NA,NA,"",NA,NA,NA,NA,"","",NA,NA,NA,NA,NA,"",NA,NA,NA,NA,NA,NA,NA
"","",NA,"","","","","","","",NA,"","","","","","","",NA,"","","","","","","",NA,"","","","","",974381,1,"2024-02-08_14h44.32.787","experiment","2023.2.3","Win32",59.52380952,"6101ab943961ab6022c9d969","65c4d99ac54131abf9bf5100","65c4e8ab5500ab66e682f6ed","",NA,NA,"",NA,NA,"",NA,NA,"",NA,NA,"",NA,NA,"",NA,NA,NA,NA,"","",NA,NA,NA,"",NA,NA,"","","",NA,NA,"","",NA,NA,NA,NA,"","","",NA,NA,NA,NA,NA,NA,2,NA,NA,"",NA,NA,"",NA,NA,"",NA,NA,"s",0.3907,NA,"space",0.3417,NA,2,"brown_gnomes",2,7,"bright_forest","yellow_basket","red_gnome",2,8,"dark_forest","red_basket",7,0,0,1,"brown_gnomes","bright_forest","yellow_basket",422,3,-1,53,1,107,1,1,"",NA,NA,"",NA,NA,"",NA,NA,NA,NA,NA,NA,"","",NA,NA,"",NA,NA,"",NA,NA,"",NA,NA,NA,NA,NA,NA,"",NA,NA,"","",NA,NA,NA,NA,NA,NA,NA,"",NA,NA,NA,NA,NA,NA,"",NA,NA,"","","",NA,NA,NA,NA,NA,NA,NA,"",NA,NA,NA,NA,"",NA,NA,NA,NA,"","","","",NA,NA,NA,NA,NA,"",NA,NA,NA,NA,"",NA,NA,NA,NA,"","",NA,NA,NA,NA,NA,"",NA,NA,NA,NA,NA,NA,NA
"","",NA,"","","","","","","",NA,"","","","","","","",NA,"","","","","","","",NA,"","","","","",974381,1,"2024-02-08_14h44.32.787","experiment","2023.2.3","Win32",59.52380952,"6101ab943961ab6022c9d969","65c4d99ac54131abf9bf5100","65c4e8ab5500ab66e682f6ed","",NA,NA,"",NA,NA,"",NA,NA,"",NA,NA,"",NA,NA,"",NA,NA,NA,NA,"","",NA,NA,NA,"",NA,NA,"","","",NA,NA,"","",NA,NA,NA,NA,"","","",NA,NA,NA,NA,NA,NA,1,NA,NA,"",NA,NA,"",NA,NA,"",NA,NA,"k",0.5415,NA,"space",0.5579,NA,1,"green_gnome",1,8,"bright_forest","yellow_basket","purple_gnome",1,7,"dark_forest","red_basket",7,0,0,1,"purple_gnome","dark_forest","red_basket",429,1,4,54,0,108,0,1,"",NA,NA,"",NA,NA,"",NA,NA,NA,NA,NA,NA,"","",NA,NA,"",NA,NA,"",NA,NA,"",NA,NA,NA,NA,NA,NA,"",NA,NA,"","",NA,NA,NA,NA,NA,NA,NA,"",NA,NA,NA,NA,NA,NA,"",NA,NA,"","","",NA,NA,NA,NA,NA,NA,NA,"",NA,NA,NA,NA,"",NA,NA,NA,NA,"","","","",NA,NA,NA,NA,NA,"",NA,NA,NA,NA,"",NA,NA,NA,NA,"","",NA,NA,NA,NA,NA,"",NA,NA,NA,NA,NA,NA,NA
"","",NA,"","","","","","","",NA,"","","","","","","",NA,"","","","","","","",NA,"","","","","",974381,1,"2024-02-08_14h44.32.787","experiment","2023.2.3","Win32",59.52380952,"6101ab943961ab6022c9d969","65c4d99ac54131abf9bf5100","65c4e8ab5500ab66e682f6ed","",NA,NA,"",NA,NA,"",NA,NA,"",NA,NA,"",NA,NA,"",NA,NA,NA,NA,"","",NA,NA,NA,"",NA,NA,"","","",NA,NA,"","",NA,NA,NA,NA,"","","",NA,NA,NA,NA,NA,NA,1,NA,NA,"",NA,NA,"",NA,NA,"",NA,NA,"k",0.3634,NA,"space",0.2514,NA,1,"green_gnome",1,9,"bright_forest","yellow_basket","purple_gnome",1,7,"dark_forest","red_basket",7,0,0,1,"purple_gnome","dark_forest","red_basket",436,-1,-1,54,1,109,0,1,"",NA,NA,"",NA,NA,"",NA,NA,NA,NA,NA,NA,"","",NA,NA,"",NA,NA,"",NA,NA,"",NA,NA,NA,NA,NA,NA,"",NA,NA,"","",NA,NA,NA,NA,NA,NA,NA,"",NA,NA,NA,NA,NA,NA,"",NA,NA,"","","",NA,NA,NA,NA,NA,NA,NA,"",NA,NA,NA,NA,"",NA,NA,NA,NA,"","","","",NA,NA,NA,NA,NA,"",NA,NA,NA,NA,"",NA,NA,NA,NA,"","",NA,NA,NA,NA,NA,"",NA,NA,NA,NA,NA,NA,NA
"","",NA,"","","","","","","",NA,"","","","","","","",NA,"","","","","","","",NA,"","","","","",974381,1,"2024-02-08_14h44.32.787","experiment","2023.2.3","Win32",59.52380952,"6101ab943961ab6022c9d969","65c4d99ac54131abf9bf5100","65c4e8ab5500ab66e682f6ed","",NA,NA,"",NA,NA,"",NA,NA,"",NA,NA,"",NA,NA,"",NA,NA,NA,NA,"","",NA,NA,NA,"",NA,NA,"","","",NA,NA,"","",NA,NA,NA,NA,"","","",NA,NA,NA,NA,NA,NA,1,NA,NA,"",NA,NA,"",NA,NA,"",NA,NA,"s",0.4312,NA,"space",0.3579,NA,1,"purple_gnome",1,6,"dark_forest","red_basket","green_gnome",1,8,"bright_forest","yellow_basket",6,0,0,1,"purple_gnome","dark_forest","red_basket",442,-1,-2,55,0,110,0,1,"",NA,NA,"",NA,NA,"",NA,NA,NA,NA,NA,NA,"","",NA,NA,"",NA,NA,"",NA,NA,"",NA,NA,NA,NA,NA,NA,"",NA,NA,"","",NA,NA,NA,NA,NA,NA,NA,"",NA,NA,NA,NA,NA,NA,"",NA,NA,"","","",NA,NA,NA,NA,NA,NA,NA,"",NA,NA,NA,NA,"",NA,NA,NA,NA,"","","","",NA,NA,NA,NA,NA,"",NA,NA,NA,NA,"",NA,NA,NA,NA,"","",NA,NA,NA,NA,NA,"",NA,NA,NA,NA,NA,NA,NA
"","",NA,"","","","","","","",NA,"","","","","","","",NA,"","","","","","","",NA,"","","","","",974381,1,"2024-02-08_14h44.32.787","experiment","2023.2.3","Win32",59.52380952,"6101ab943961ab6022c9d969","65c4d99ac54131abf9bf5100","65c4e8ab5500ab66e682f6ed","",NA,NA,"",NA,NA,"",NA,NA,"",NA,NA,"",NA,NA,"",NA,NA,NA,NA,"","",NA,NA,NA,"",NA,NA,"","","",NA,NA,"","",NA,NA,NA,NA,"","","",NA,NA,NA,NA,NA,NA,2,NA,NA,"",NA,NA,"",NA,NA,"",NA,NA,"s",0.4244,NA,"space",0.3817,NA,2,"brown_gnomes",2,7,"bright_forest","yellow_basket","red_gnome",2,4,"dark_forest","red_basket",7,0,0,1,"brown_gnomes","bright_forest","yellow_basket",449,-2,-3,55,1,111,1,1,"",NA,NA,"",NA,NA,"",NA,NA,NA,NA,NA,NA,"","",NA,NA,"",NA,NA,"",NA,NA,"",NA,NA,NA,NA,NA,NA,"",NA,NA,"","",NA,NA,NA,NA,NA,NA,NA,"",NA,NA,NA,NA,NA,NA,"",NA,NA,"","","",NA,NA,NA,NA,NA,NA,NA,"",NA,NA,NA,NA,"",NA,NA,NA,NA,"","","","",NA,NA,NA,NA,NA,"",NA,NA,NA,NA,"",NA,NA,NA,NA,"","",NA,NA,NA,NA,NA,"",NA,NA,NA,NA,NA,NA,NA
"","",NA,"","","","","","","",NA,"","","","","","","",NA,"","","","","","","",NA,"","","","","",974381,1,"2024-02-08_14h44.32.787","experiment","2023.2.3","Win32",59.52380952,"6101ab943961ab6022c9d969","65c4d99ac54131abf9bf5100","65c4e8ab5500ab66e682f6ed","",NA,NA,"",NA,NA,"",NA,NA,"",NA,NA,"",NA,NA,"",NA,NA,NA,NA,"","",NA,NA,NA,"",NA,NA,"","","",NA,NA,"","",NA,NA,NA,NA,"","","",NA,NA,NA,NA,NA,NA,2,NA,NA,"",NA,NA,"",NA,NA,"",NA,NA,"s",0.4559,NA,"space",0.2702,NA,2,"brown_gnomes",2,5,"bright_forest","yellow_basket","red_gnome",2,1,"dark_forest","red_basket",5,0,0,1,"brown_gnomes","bright_forest","yellow_basket",454,1,2,56,0,112,1,1,"",NA,NA,"",NA,NA,"",NA,NA,NA,NA,NA,NA,"","",NA,NA,"",NA,NA,"",NA,NA,"",NA,NA,NA,NA,NA,NA,"",NA,NA,"","",NA,NA,NA,NA,NA,NA,NA,"",NA,NA,NA,NA,NA,NA,"",NA,NA,"","","",NA,NA,NA,NA,NA,NA,NA,"",NA,NA,NA,NA,"",NA,NA,NA,NA,"","","","",NA,NA,NA,NA,NA,"",NA,NA,NA,NA,"",NA,NA,NA,NA,"","",NA,NA,NA,NA,NA,"",NA,NA,NA,NA,NA,NA,NA
"","",NA,"","","","","","","",NA,"","","","","","","",NA,"","","","","","","",NA,"","","","","",974381,1,"2024-02-08_14h44.32.787","experiment","2023.2.3","Win32",59.52380952,"6101ab943961ab6022c9d969","65c4d99ac54131abf9bf5100","65c4e8ab5500ab66e682f6ed","",NA,NA,"",NA,NA,"",NA,NA,"",NA,NA,"",NA,NA,"",NA,NA,NA,NA,"","",NA,NA,NA,"",NA,NA,"","","",NA,NA,"","",NA,NA,NA,NA,"","","",NA,NA,NA,NA,NA,NA,1,NA,NA,"",NA,NA,"",NA,NA,"",NA,NA,"s",0.4242,NA,"space",0.2873,NA,1,"purple_gnome",1,3,"dark_forest","red_basket","green_gnome",1,6,"bright_forest","yellow_basket",3,0,0,1,"purple_gnome","dark_forest","red_basket",457,-2,-1,56,1,113,0,1,"",NA,NA,"",NA,NA,"",NA,NA,NA,NA,NA,NA,"","",NA,NA,"",NA,NA,"",NA,NA,"",NA,NA,NA,NA,NA,NA,"",NA,NA,"","",NA,NA,NA,NA,NA,NA,NA,"",NA,NA,NA,NA,NA,NA,"",NA,NA,"","","",NA,NA,NA,NA,NA,NA,NA,"",NA,NA,NA,NA,"",NA,NA,NA,NA,"","","","",NA,NA,NA,NA,NA,"",NA,NA,NA,NA,"",NA,NA,NA,NA,"","",NA,NA,NA,NA,NA,"",NA,NA,NA,NA,NA,NA,NA
"","",NA,"","","","","","","",NA,"","","","","","","",NA,"","","","","","","",NA,"","","","","",974381,1,"2024-02-08_14h44.32.787","experiment","2023.2.3","Win32",59.52380952,"6101ab943961ab6022c9d969","65c4d99ac54131abf9bf5100","65c4e8ab5500ab66e682f6ed","",NA,NA,"",NA,NA,"",NA,NA,"",NA,NA,"",NA,NA,"",NA,NA,NA,NA,"","",NA,NA,NA,"",NA,NA,"","","",NA,NA,"","",NA,NA,NA,NA,"","","",NA,NA,NA,NA,NA,NA,2,NA,NA,"",NA,NA,"",NA,NA,"",NA,NA,"s",0.4598,NA,"space",0.554,NA,2,"brown_gnomes",2,4,"bright_forest","yellow_basket","red_gnome",2,2,"dark_forest","red_basket",4,0,0,1,"brown_gnomes","bright_forest","yellow_basket",461,3,3,57,0,114,1,1,"",NA,NA,"",NA,NA,"",NA,NA,NA,NA,NA,NA,"","",NA,NA,"",NA,NA,"",NA,NA,"",NA,NA,NA,NA,NA,NA,"",NA,NA,"","",NA,NA,NA,NA,NA,NA,NA,"",NA,NA,NA,NA,NA,NA,"",NA,NA,"","","",NA,NA,NA,NA,NA,NA,NA,"",NA,NA,NA,NA,"",NA,NA,NA,NA,"","","","",NA,NA,NA,NA,NA,"",NA,NA,NA,NA,"",NA,NA,NA,NA,"","",NA,NA,NA,NA,NA,"",NA,NA,NA,NA,NA,NA,NA
"","",NA,"","","","","","","",NA,"","","","","","","",NA,"","","","","","","",NA,"","","","","",974381,1,"2024-02-08_14h44.32.787","experiment","2023.2.3","Win32",59.52380952,"6101ab943961ab6022c9d969","65c4d99ac54131abf9bf5100","65c4e8ab5500ab66e682f6ed","",NA,NA,"",NA,NA,"",NA,NA,"",NA,NA,"",NA,NA,"",NA,NA,NA,NA,"","",NA,NA,NA,"",NA,NA,"","","",NA,NA,"","",NA,NA,NA,NA,"","","",NA,NA,NA,NA,NA,NA,1,NA,NA,"",NA,NA,"",NA,NA,"",NA,NA,"s",0.1059,NA,"space",0.3092,NA,1,"purple_gnome",1,5,"dark_forest","red_basket","green_gnome",1,7,"bright_forest","yellow_basket",5,0,0,1,"purple_gnome","dark_forest","red_basket",466,1,-3,57,1,115,0,1,"",NA,NA,"",NA,NA,"",NA,NA,NA,NA,NA,NA,"","",NA,NA,"",NA,NA,"",NA,NA,"",NA,NA,NA,NA,NA,NA,"",NA,NA,"","",NA,NA,NA,NA,NA,NA,NA,"",NA,NA,NA,NA,NA,NA,"",NA,NA,"","","",NA,NA,NA,NA,NA,NA,NA,"",NA,NA,NA,NA,"",NA,NA,NA,NA,"","","","",NA,NA,NA,NA,NA,"",NA,NA,NA,NA,"",NA,NA,NA,NA,"","",NA,NA,NA,NA,NA,"",NA,NA,NA,NA,NA,NA,NA
"","",NA,"","","","","","","",NA,"","","","","","","",NA,"","","","","","","",NA,"","","","","",974381,1,"2024-02-08_14h44.32.787","experiment","2023.2.3","Win32",59.52380952,"6101ab943961ab6022c9d969","65c4d99ac54131abf9bf5100","65c4e8ab5500ab66e682f6ed","",NA,NA,"",NA,NA,"",NA,NA,"",NA,NA,"",NA,NA,"",NA,NA,NA,NA,"","",NA,NA,NA,"",NA,NA,"","","",NA,NA,"","",NA,NA,NA,NA,"","","",NA,NA,NA,NA,NA,NA,1,NA,NA,"",NA,NA,"",NA,NA,"",NA,NA,"s",0.4319,NA,"space",0.226,NA,1,"purple_gnome",1,2,"dark_forest","red_basket","green_gnome",1,8,"bright_forest","yellow_basket",2,0,0,1,"purple_gnome","dark_forest","red_basket",468,-2,3,58,0,116,0,1,"",NA,NA,"",NA,NA,"",NA,NA,NA,NA,NA,NA,"","",NA,NA,"",NA,NA,"",NA,NA,"",NA,NA,NA,NA,NA,NA,"",NA,NA,"","",NA,NA,NA,NA,NA,NA,NA,"",NA,NA,NA,NA,NA,NA,"",NA,NA,"","","",NA,NA,NA,NA,NA,NA,NA,"",NA,NA,NA,NA,"",NA,NA,NA,NA,"","","","",NA,NA,NA,NA,NA,"",NA,NA,NA,NA,"",NA,NA,NA,NA,"","",NA,NA,NA,NA,NA,"",NA,NA,NA,NA,NA,NA,NA
"","",NA,"","","","","","","",NA,"","","","","","","",NA,"","","","","","","",NA,"","","","","",974381,1,"2024-02-08_14h44.32.787","experiment","2023.2.3","Win32",59.52380952,"6101ab943961ab6022c9d969","65c4d99ac54131abf9bf5100","65c4e8ab5500ab66e682f6ed","",NA,NA,"",NA,NA,"",NA,NA,"",NA,NA,"",NA,NA,"",NA,NA,NA,NA,"","",NA,NA,NA,"",NA,NA,"","","",NA,NA,"","",NA,NA,NA,NA,"","","",NA,NA,NA,NA,NA,NA,2,NA,NA,"",NA,NA,"",NA,NA,"",NA,NA,"s",0.0337,NA,"space",0.2823,NA,2,"red_gnome",2,5,"dark_forest","red_basket","brown_gnomes",2,6,"bright_forest","yellow_basket",5,0,0,1,"red_gnome","dark_forest","red_basket",473,-1,-2,58,1,117,1,1,"",NA,NA,"",NA,NA,"",NA,NA,NA,NA,NA,NA,"","",NA,NA,"",NA,NA,"",NA,NA,"",NA,NA,NA,NA,NA,NA,"",NA,NA,"","",NA,NA,NA,NA,NA,NA,NA,"",NA,NA,NA,NA,NA,NA,"",NA,NA,"","","",NA,NA,NA,NA,NA,NA,NA,"",NA,NA,NA,NA,"",NA,NA,NA,NA,"","","","",NA,NA,NA,NA,NA,"",NA,NA,NA,NA,"",NA,NA,NA,NA,"","",NA,NA,NA,NA,NA,"",NA,NA,NA,NA,NA,NA,NA
"","",NA,"","","","","","","",NA,"","","","","","","",NA,"","","","","","","",NA,"","","","","",974381,1,"2024-02-08_14h44.32.787","experiment","2023.2.3","Win32",59.52380952,"6101ab943961ab6022c9d969","65c4d99ac54131abf9bf5100","65c4e8ab5500ab66e682f6ed","",NA,NA,"",NA,NA,"",NA,NA,"",NA,NA,"",NA,NA,"",NA,NA,NA,NA,"","",NA,NA,NA,"",NA,NA,"","","",NA,NA,"","",NA,NA,NA,NA,"","","",NA,NA,NA,NA,NA,NA,1,NA,NA,"",NA,NA,"",NA,NA,"",NA,NA,"k",0.3645,NA,"space",0.5069,NA,1,"green_gnome",1,5,"bright_forest","yellow_basket","purple_gnome",1,3,"dark_forest","red_basket",3,0,0,1,"purple_gnome","dark_forest","red_basket",476,1,2,59,0,118,0,1,"",NA,NA,"",NA,NA,"",NA,NA,NA,NA,NA,NA,"","",NA,NA,"",NA,NA,"",NA,NA,"",NA,NA,NA,NA,NA,NA,"",NA,NA,"","",NA,NA,NA,NA,NA,NA,NA,"",NA,NA,NA,NA,NA,NA,"",NA,NA,"","","",NA,NA,NA,NA,NA,NA,NA,"",NA,NA,NA,NA,"",NA,NA,NA,NA,"","","","",NA,NA,NA,NA,NA,"",NA,NA,NA,NA,"",NA,NA,NA,NA,"","",NA,NA,NA,NA,NA,"",NA,NA,NA,NA,NA,NA,NA
"","",NA,"","","","","","","",NA,"","","","","","","",NA,"","","","","","","",NA,"","","","","",974381,1,"2024-02-08_14h44.32.787","experiment","2023.2.3","Win32",59.52380952,"6101ab943961ab6022c9d969","65c4d99ac54131abf9bf5100","65c4e8ab5500ab66e682f6ed","",NA,NA,"",NA,NA,"",NA,NA,"",NA,NA,"",NA,NA,"",NA,NA,NA,NA,"","",NA,NA,NA,"",NA,NA,"","","",NA,NA,"","",NA,NA,NA,NA,"","","",NA,NA,NA,NA,NA,NA,1,NA,NA,"",NA,NA,"",NA,NA,"",NA,NA,"s",0.3099,NA,"space",0.3222,NA,1,"green_gnome",1,6,"bright_forest","yellow_basket","purple_gnome",1,5,"dark_forest","red_basket",6,0,0,1,"green_gnome","bright_forest","yellow_basket",482,0,0,59,1,119,0,1,"",NA,NA,"",NA,NA,"",NA,NA,NA,NA,NA,NA,"","",NA,NA,"",NA,NA,"",NA,NA,"",NA,NA,NA,NA,NA,NA,"",NA,NA,"","",NA,NA,NA,NA,NA,NA,NA,"",NA,NA,NA,NA,NA,NA,"",NA,NA,"","","",NA,NA,NA,NA,NA,NA,NA,"",NA,NA,NA,NA,"",NA,NA,NA,NA,"","","","",NA,NA,NA,NA,NA,"",NA,NA,NA,NA,"",NA,NA,NA,NA,"","",NA,NA,NA,NA,NA,"",NA,NA,NA,NA,NA,NA,NA
"","",NA,"","","","","","","",NA,"","","","","","","",NA,"","","","","","","",NA,"","","","","",974381,1,"2024-02-08_14h44.32.787","experiment","2023.2.3","Win32",59.52380952,"6101ab943961ab6022c9d969","65c4d99ac54131abf9bf5100","65c4e8ab5500ab66e682f6ed","",NA,NA,"",NA,NA,"",NA,NA,"",NA,NA,"",NA,NA,"",NA,NA,NA,NA,"","",NA,NA,NA,"",NA,NA,"","","",NA,NA,"","",NA,NA,NA,NA,"","","",NA,NA,NA,NA,NA,NA,2,NA,NA,"",NA,NA,"",NA,NA,"",NA,NA,"k",0.9791,NA,"space",0.5081,NA,2,"red_gnome",2,5,"dark_forest","red_basket","brown_gnomes",2,6,"bright_forest","yellow_basket",6,0,0,1,"brown_gnomes","bright_forest","yellow_basket",488,0,1,60,0,120,1,1,"",NA,NA,"",NA,NA,"",NA,NA,NA,NA,NA,NA,"","",NA,NA,"",NA,NA,"",NA,NA,"",NA,NA,NA,NA,NA,NA,"",NA,NA,"","",NA,NA,NA,NA,NA,NA,NA,"",NA,NA,NA,NA,NA,NA,"",NA,NA,"","","",NA,NA,NA,NA,NA,NA,NA,"",NA,NA,NA,NA,"",NA,NA,NA,NA,"","","","",NA,NA,NA,NA,NA,"",NA,NA,NA,NA,"",NA,NA,NA,NA,"","",NA,NA,NA,NA,NA,"",NA,NA,NA,NA,NA,NA,NA
"","",NA,"","","","","","","",NA,"","","","","","","",NA,"","","","","","","",NA,"","","","","",974381,1,"2024-02-08_14h44.32.787","experiment","2023.2.3","Win32",59.52380952,"6101ab943961ab6022c9d969","65c4d99ac54131abf9bf5100","65c4e8ab5500ab66e682f6ed","",NA,NA,"",NA,NA,"",NA,NA,"",NA,NA,"",NA,NA,"",NA,NA,NA,NA,"","",NA,NA,NA,"",NA,NA,"","","",NA,NA,"","",NA,NA,NA,NA,"","","",NA,NA,NA,NA,NA,NA,1,NA,NA,"",NA,NA,"",NA,NA,"",NA,NA,"k",0.4372,NA,"space",0.8005,NA,1,"green_gnome",1,6,"bright_forest","yellow_basket","purple_gnome",1,6,"dark_forest","red_basket",6,0,0,1,"purple_gnome","dark_forest","red_basket",494,-3,2,60,1,121,0,1,"",NA,NA,"",NA,NA,"",NA,NA,NA,NA,NA,NA,"","",NA,NA,"",NA,NA,"",NA,NA,"",NA,NA,NA,NA,NA,NA,"",NA,NA,"","",NA,NA,NA,NA,NA,NA,NA,"",NA,NA,NA,NA,NA,NA,"",NA,NA,"","","",NA,NA,NA,NA,NA,NA,NA,"",NA,NA,NA,NA,"",NA,NA,NA,NA,"","","","",NA,NA,NA,NA,NA,"",NA,NA,NA,NA,"",NA,NA,NA,NA,"","",NA,NA,NA,NA,NA,"",NA,NA,NA,NA,NA,NA,NA
"","",NA,"","","","","","","",NA,"","","","","","","",NA,"","","","","","","",NA,"","","","","",974381,1,"2024-02-08_14h44.32.787","experiment","2023.2.3","Win32",59.52380952,"6101ab943961ab6022c9d969","65c4d99ac54131abf9bf5100","65c4e8ab5500ab66e682f6ed","",NA,NA,"",NA,NA,"",NA,NA,"",NA,NA,"",NA,NA,"",NA,NA,NA,NA,"","",NA,NA,NA,"",NA,NA,"","","",NA,NA,"","",NA,NA,NA,NA,"","","",NA,NA,NA,NA,NA,NA,1,NA,NA,"",NA,NA,"",NA,NA,"",NA,NA,"k",0.4906,NA,"space",0.5494,NA,1,"green_gnome",1,3,"bright_forest","yellow_basket","purple_gnome",1,8,"dark_forest","red_basket",8,0,0,1,"purple_gnome","dark_forest","red_basket",502,1,0,61,0,122,0,1,"",NA,NA,"",NA,NA,"",NA,NA,NA,NA,NA,NA,"","",NA,NA,"",NA,NA,"",NA,NA,"",NA,NA,NA,NA,NA,NA,"",NA,NA,"","",NA,NA,NA,NA,NA,NA,NA,"",NA,NA,NA,NA,NA,NA,"",NA,NA,"","","",NA,NA,NA,NA,NA,NA,NA,"",NA,NA,NA,NA,"",NA,NA,NA,NA,"","","","",NA,NA,NA,NA,NA,"",NA,NA,NA,NA,"",NA,NA,NA,NA,"","",NA,NA,NA,NA,NA,"",NA,NA,NA,NA,NA,NA,NA
"","",NA,"","","","","","","",NA,"","","","","","","",NA,"","","","","","","",NA,"","","","","",974381,1,"2024-02-08_14h44.32.787","experiment","2023.2.3","Win32",59.52380952,"6101ab943961ab6022c9d969","65c4d99ac54131abf9bf5100","65c4e8ab5500ab66e682f6ed","",NA,NA,"",NA,NA,"",NA,NA,"",NA,NA,"",NA,NA,"",NA,NA,NA,NA,"","",NA,NA,NA,"",NA,NA,"","","",NA,NA,"","",NA,NA,NA,NA,"","","",NA,NA,NA,NA,NA,NA,1,NA,NA,"",NA,NA,"",NA,NA,"",NA,NA,"s",0.2724,NA,"space",0.2992,NA,1,"purple_gnome",1,8,"dark_forest","red_basket","green_gnome",1,4,"bright_forest","yellow_basket",8,0,0,1,"purple_gnome","dark_forest","red_basket",510,4,-1,61,1,123,0,1,"",NA,NA,"",NA,NA,"",NA,NA,NA,NA,NA,NA,"","",NA,NA,"",NA,NA,"",NA,NA,"",NA,NA,NA,NA,NA,NA,"",NA,NA,"","",NA,NA,NA,NA,NA,NA,NA,"",NA,NA,NA,NA,NA,NA,"",NA,NA,"","","",NA,NA,NA,NA,NA,NA,NA,"",NA,NA,NA,NA,"",NA,NA,NA,NA,"","","","",NA,NA,NA,NA,NA,"",NA,NA,NA,NA,"",NA,NA,NA,NA,"","",NA,NA,NA,NA,NA,"",NA,NA,NA,NA,NA,NA,NA
"","",NA,"","","","","","","",NA,"","","","","","","",NA,"","","","","","","",NA,"","","","","",974381,1,"2024-02-08_14h44.32.787","experiment","2023.2.3","Win32",59.52380952,"6101ab943961ab6022c9d969","65c4d99ac54131abf9bf5100","65c4e8ab5500ab66e682f6ed","",NA,NA,"",NA,NA,"",NA,NA,"",NA,NA,"",NA,NA,"",NA,NA,NA,NA,"","",NA,NA,NA,"",NA,NA,"","","",NA,NA,"","",NA,NA,NA,NA,"","","",NA,NA,NA,NA,NA,NA,2,NA,NA,"",NA,NA,"",NA,NA,"",NA,NA,"s",0.4908,NA,"space",0.7848,NA,2,"brown_gnomes",2,8,"bright_forest","yellow_basket","red_gnome",2,7,"dark_forest","red_basket",8,0,0,1,"brown_gnomes","bright_forest","yellow_basket",518,1,0,62,0,124,1,1,"",NA,NA,"",NA,NA,"",NA,NA,NA,NA,NA,NA,"","",NA,NA,"",NA,NA,"",NA,NA,"",NA,NA,NA,NA,NA,NA,"",NA,NA,"","",NA,NA,NA,NA,NA,NA,NA,"",NA,NA,NA,NA,NA,NA,"",NA,NA,"","","",NA,NA,NA,NA,NA,NA,NA,"",NA,NA,NA,NA,"",NA,NA,NA,NA,"","","","",NA,NA,NA,NA,NA,"",NA,NA,NA,NA,"",NA,NA,NA,NA,"","",NA,NA,NA,NA,NA,"",NA,NA,NA,NA,NA,NA,NA
"","",NA,"","","","","","","",NA,"","","","","","","",NA,"","","","","","","",NA,"","","","","",974381,1,"2024-02-08_14h44.32.787","experiment","2023.2.3","Win32",59.52380952,"6101ab943961ab6022c9d969","65c4d99ac54131abf9bf5100","65c4e8ab5500ab66e682f6ed","",NA,NA,"",NA,NA,"",NA,NA,"",NA,NA,"",NA,NA,"",NA,NA,NA,NA,"","",NA,NA,NA,"",NA,NA,"","","",NA,NA,"","",NA,NA,NA,NA,"","","",NA,NA,NA,NA,NA,NA,1,NA,NA,"",NA,NA,"",NA,NA,"",NA,NA,"s",0.4765,NA,"space",0.2835,NA,1,"purple_gnome",1,7,"dark_forest","red_basket","green_gnome",1,9,"bright_forest","yellow_basket",7,0,0,1,"purple_gnome","dark_forest","red_basket",525,1,-3,62,1,125,0,1,"",NA,NA,"",NA,NA,"",NA,NA,NA,NA,NA,NA,"","",NA,NA,"",NA,NA,"",NA,NA,"",NA,NA,NA,NA,NA,NA,"",NA,NA,"","",NA,NA,NA,NA,NA,NA,NA,"",NA,NA,NA,NA,NA,NA,"",NA,NA,"","","",NA,NA,NA,NA,NA,NA,NA,"",NA,NA,NA,NA,"",NA,NA,NA,NA,"","","","",NA,NA,NA,NA,NA,"",NA,NA,NA,NA,"",NA,NA,NA,NA,"","",NA,NA,NA,NA,NA,"",NA,NA,NA,NA,NA,NA,NA
"","",NA,"","","","","","","",NA,"","","","","","","",NA,"","","","","","","",NA,"","","","","",974381,1,"2024-02-08_14h44.32.787","experiment","2023.2.3","Win32",59.52380952,"6101ab943961ab6022c9d969","65c4d99ac54131abf9bf5100","65c4e8ab5500ab66e682f6ed","",NA,NA,"",NA,NA,"",NA,NA,"",NA,NA,"",NA,NA,"",NA,NA,NA,NA,"","",NA,NA,NA,"",NA,NA,"","","",NA,NA,"","",NA,NA,NA,NA,"","","",NA,NA,NA,NA,NA,NA,2,NA,NA,"",NA,NA,"",NA,NA,"",NA,NA,"s",0.3069,NA,"space",0.4036,NA,2,"brown_gnomes",2,8,"bright_forest","yellow_basket","red_gnome",2,4,"dark_forest","red_basket",8,0,0,1,"brown_gnomes","bright_forest","yellow_basket",533,0,1,63,0,126,1,1,"",NA,NA,"",NA,NA,"",NA,NA,NA,NA,NA,NA,"","",NA,NA,"",NA,NA,"",NA,NA,"",NA,NA,NA,NA,NA,NA,"",NA,NA,"","",NA,NA,NA,NA,NA,NA,NA,"",NA,NA,NA,NA,NA,NA,"",NA,NA,"","","",NA,NA,NA,NA,NA,NA,NA,"",NA,NA,NA,NA,"",NA,NA,NA,NA,"","","","",NA,NA,NA,NA,NA,"",NA,NA,NA,NA,"",NA,NA,NA,NA,"","",NA,NA,NA,NA,NA,"",NA,NA,NA,NA,NA,NA,NA
"","",NA,"","","","","","","",NA,"","","","","","","",NA,"","","","","","","",NA,"","","","","",974381,1,"2024-02-08_14h44.32.787","experiment","2023.2.3","Win32",59.52380952,"6101ab943961ab6022c9d969","65c4d99ac54131abf9bf5100","65c4e8ab5500ab66e682f6ed","",NA,NA,"",NA,NA,"",NA,NA,"",NA,NA,"",NA,NA,"",NA,NA,NA,NA,"","",NA,NA,NA,"",NA,NA,"","","",NA,NA,"","",NA,NA,NA,NA,"","","",NA,NA,NA,NA,NA,NA,2,NA,NA,"",NA,NA,"",NA,NA,"",NA,NA,"s",0.4065,NA,"space",0.3605,NA,2,"brown_gnomes",2,8,"bright_forest","yellow_basket","red_gnome",2,5,"dark_forest","red_basket",8,0,0,1,"brown_gnomes","bright_forest","yellow_basket",541,-3,1,63,1,127,1,1,"",NA,NA,"",NA,NA,"",NA,NA,NA,NA,NA,NA,"","",NA,NA,"",NA,NA,"",NA,NA,"",NA,NA,NA,NA,NA,NA,"",NA,NA,"","",NA,NA,NA,NA,NA,NA,NA,"",NA,NA,NA,NA,NA,NA,"",NA,NA,"","","",NA,NA,NA,NA,NA,NA,NA,"",NA,NA,NA,NA,"",NA,NA,NA,NA,"","","","",NA,NA,NA,NA,NA,"",NA,NA,NA,NA,"",NA,NA,NA,NA,"","",NA,NA,NA,NA,NA,"",NA,NA,NA,NA,NA,NA,NA
"","",NA,"","","","","","","",NA,"","","","","","","",NA,"","","","","","","",NA,"","","","","",974381,1,"2024-02-08_14h44.32.787","experiment","2023.2.3","Win32",59.52380952,"6101ab943961ab6022c9d969","65c4d99ac54131abf9bf5100","65c4e8ab5500ab66e682f6ed","",NA,NA,"",NA,NA,"",NA,NA,"",NA,NA,"",NA,NA,"",NA,NA,NA,NA,"","",NA,NA,NA,"",NA,NA,"","","",NA,NA,"","",NA,NA,NA,NA,"","","",NA,NA,NA,NA,NA,NA,1,NA,NA,"",NA,NA,"",NA,NA,"",NA,NA,"s",0.0915,NA,"",NA,NA,1,"purple_gnome",1,6,"dark_forest","red_basket","green_gnome",1,5,"bright_forest","yellow_basket",0,0,1,0,"purple_gnome","dark_forest","red_basket",541,0,-2,64,0,128,0,1,"",NA,NA,"",NA,NA,"",NA,NA,NA,NA,NA,NA,"","",NA,NA,"",NA,NA,"",NA,NA,"",NA,NA,NA,NA,NA,NA,"",NA,NA,"","",NA,NA,NA,NA,NA,NA,NA,"",NA,NA,NA,NA,NA,NA,"",NA,NA,"","","",NA,NA,NA,NA,NA,NA,NA,"",NA,NA,NA,NA,"",NA,NA,NA,NA,"","","","",NA,NA,NA,NA,NA,"",NA,NA,NA,NA,"",NA,NA,NA,NA,"","",NA,NA,NA,NA,NA,"",NA,NA,NA,NA,NA,NA,NA
"","",NA,"","","","","","","",NA,"","","","","","","",NA,"","","","","","","",NA,"","","","","",974381,1,"2024-02-08_14h44.32.787","experiment","2023.2.3","Win32",59.52380952,"6101ab943961ab6022c9d969","65c4d99ac54131abf9bf5100","65c4e8ab5500ab66e682f6ed","",NA,NA,"",NA,NA,"",NA,NA,"",NA,NA,"",NA,NA,"",NA,NA,NA,NA,"","",NA,NA,NA,"",NA,NA,"","","",NA,NA,"","",NA,NA,NA,NA,"","","",NA,NA,NA,NA,NA,NA,2,NA,NA,"",NA,NA,"",NA,NA,"",NA,NA,"k",0.4395,NA,"space",0.3993,NA,2,"red_gnome",2,4,"dark_forest","red_basket","brown_gnomes",2,5,"bright_forest","yellow_basket",5,0,0,1,"brown_gnomes","bright_forest","yellow_basket",546,4,-5,64,1,129,1,1,"",NA,NA,"",NA,NA,"",NA,NA,NA,NA,NA,NA,"","",NA,NA,"",NA,NA,"",NA,NA,"",NA,NA,NA,NA,NA,NA,"",NA,NA,"","",NA,NA,NA,NA,NA,NA,NA,"",NA,NA,NA,NA,NA,NA,"",NA,NA,"","","",NA,NA,NA,NA,NA,NA,NA,"",NA,NA,NA,NA,"",NA,NA,NA,NA,"","","","",NA,NA,NA,NA,NA,"",NA,NA,NA,NA,"",NA,NA,NA,NA,"","",NA,NA,NA,NA,NA,"",NA,NA,NA,NA,NA,NA,NA
"","",NA,"","","","","","","",NA,"","","","","","","",NA,"","","","","","","",NA,"","","","","",974381,1,"2024-02-08_14h44.32.787","experiment","2023.2.3","Win32",59.52380952,"6101ab943961ab6022c9d969","65c4d99ac54131abf9bf5100","65c4e8ab5500ab66e682f6ed","",NA,NA,"",NA,NA,"",NA,NA,"",NA,NA,"",NA,NA,"",NA,NA,NA,NA,"","",NA,NA,NA,"",NA,NA,"","","",NA,NA,"","",NA,NA,NA,NA,"","","",NA,NA,NA,NA,NA,NA,2,NA,NA,"",NA,NA,"",NA,NA,"",NA,NA,"k",0.0887,NA,"space",0.3505,NA,2,"red_gnome",2,1,"dark_forest","red_basket","brown_gnomes",2,9,"bright_forest","yellow_basket",9,0,0,1,"brown_gnomes","bright_forest","yellow_basket",555,1,-1,65,0,130,1,1,"",NA,NA,"",NA,NA,"",NA,NA,NA,NA,NA,NA,"","",NA,NA,"",NA,NA,"",NA,NA,"",NA,NA,NA,NA,NA,NA,"",NA,NA,"","",NA,NA,NA,NA,NA,NA,NA,"",NA,NA,NA,NA,NA,NA,"",NA,NA,"","","",NA,NA,NA,NA,NA,NA,NA,"",NA,NA,NA,NA,"",NA,NA,NA,NA,"","","","",NA,NA,NA,NA,NA,"",NA,NA,NA,NA,"",NA,NA,NA,NA,"","",NA,NA,NA,NA,NA,"",NA,NA,NA,NA,NA,NA,NA
"","",NA,"","","","","","","",NA,"","","","","","","",NA,"","","","","","","",NA,"","","","","",974381,1,"2024-02-08_14h44.32.787","experiment","2023.2.3","Win32",59.52380952,"6101ab943961ab6022c9d969","65c4d99ac54131abf9bf5100","65c4e8ab5500ab66e682f6ed","",NA,NA,"",NA,NA,"",NA,NA,"",NA,NA,"",NA,NA,"",NA,NA,NA,NA,"","",NA,NA,NA,"",NA,NA,"","","",NA,NA,"","",NA,NA,NA,NA,"","","",NA,NA,NA,NA,NA,NA,2,NA,NA,"",NA,NA,"",NA,NA,"",NA,NA,"s",0.4715,NA,"space",0.6415,NA,2,"red_gnome",2,0,"dark_forest","red_basket","brown_gnomes",2,8,"bright_forest","yellow_basket",0,0,0,1,"red_gnome","dark_forest","red_basket",555,3,-1,65,1,131,1,1,"",NA,NA,"",NA,NA,"",NA,NA,NA,NA,NA,NA,"","",NA,NA,"",NA,NA,"",NA,NA,"",NA,NA,NA,NA,NA,NA,"",NA,NA,"","",NA,NA,NA,NA,NA,NA,NA,"",NA,NA,NA,NA,NA,NA,"",NA,NA,"","","",NA,NA,NA,NA,NA,NA,NA,"",NA,NA,NA,NA,"",NA,NA,NA,NA,"","","","",NA,NA,NA,NA,NA,"",NA,NA,NA,NA,"",NA,NA,NA,NA,"","",NA,NA,NA,NA,NA,"",NA,NA,NA,NA,NA,NA,NA
"","",NA,"","","","","","","",NA,"","","","","","","",NA,"","","","","","","",NA,"","","","","",974381,1,"2024-02-08_14h44.32.787","experiment","2023.2.3","Win32",59.52380952,"6101ab943961ab6022c9d969","65c4d99ac54131abf9bf5100","65c4e8ab5500ab66e682f6ed","",NA,NA,"",NA,NA,"",NA,NA,"",NA,NA,"",NA,NA,"",NA,NA,NA,NA,"","",NA,NA,NA,"",NA,NA,"","","",NA,NA,"","",NA,NA,NA,NA,"","","",NA,NA,NA,NA,NA,NA,1,NA,NA,"",NA,NA,"",NA,NA,"",NA,NA,"k",0.4904,NA,"space",0.5165,NA,1,"green_gnome",1,7,"bright_forest","yellow_basket","purple_gnome",1,1,"dark_forest","red_basket",1,0,0,1,"purple_gnome","dark_forest","red_basket",556,0,2,66,0,132,0,1,"",NA,NA,"",NA,NA,"",NA,NA,NA,NA,NA,NA,"","",NA,NA,"",NA,NA,"",NA,NA,"",NA,NA,NA,NA,NA,NA,"",NA,NA,"","",NA,NA,NA,NA,NA,NA,NA,"",NA,NA,NA,NA,NA,NA,"",NA,NA,"","","",NA,NA,NA,NA,NA,NA,NA,"",NA,NA,NA,NA,"",NA,NA,NA,NA,"","","","",NA,NA,NA,NA,NA,"",NA,NA,NA,NA,"",NA,NA,NA,NA,"","",NA,NA,NA,NA,NA,"",NA,NA,NA,NA,NA,NA,NA
"","",NA,"","","","","","","",NA,"","","","","","","",NA,"","","","","","","",NA,"","","","","",974381,1,"2024-02-08_14h44.32.787","experiment","2023.2.3","Win32",59.52380952,"6101ab943961ab6022c9d969","65c4d99ac54131abf9bf5100","65c4e8ab5500ab66e682f6ed","",NA,NA,"",NA,NA,"",NA,NA,"",NA,NA,"",NA,NA,"",NA,NA,NA,NA,"","",NA,NA,NA,"",NA,NA,"","","",NA,NA,"","",NA,NA,NA,NA,"","","",NA,NA,NA,NA,NA,NA,2,NA,NA,"",NA,NA,"",NA,NA,"",NA,NA,"s",0.5004,NA,"space",0.5703,NA,2,"brown_gnomes",2,7,"bright_forest","yellow_basket","red_gnome",2,3,"dark_forest","red_basket",7,0,0,1,"brown_gnomes","bright_forest","yellow_basket",563,1,-1,66,1,133,1,1,"",NA,NA,"",NA,NA,"",NA,NA,NA,NA,NA,NA,"","",NA,NA,"",NA,NA,"",NA,NA,"",NA,NA,NA,NA,NA,NA,"",NA,NA,"","",NA,NA,NA,NA,NA,NA,NA,"",NA,NA,NA,NA,NA,NA,"",NA,NA,"","","",NA,NA,NA,NA,NA,NA,NA,"",NA,NA,NA,NA,"",NA,NA,NA,NA,"","","","",NA,NA,NA,NA,NA,"",NA,NA,NA,NA,"",NA,NA,NA,NA,"","",NA,NA,NA,NA,NA,"",NA,NA,NA,NA,NA,NA,NA
"","",NA,"","","","","","","",NA,"","","","","","","",NA,"","","","","","","",NA,"","","","","",974381,1,"2024-02-08_14h44.32.787","experiment","2023.2.3","Win32",59.52380952,"6101ab943961ab6022c9d969","65c4d99ac54131abf9bf5100","65c4e8ab5500ab66e682f6ed","",NA,NA,"",NA,NA,"",NA,NA,"",NA,NA,"",NA,NA,"",NA,NA,NA,NA,"","",NA,NA,NA,"",NA,NA,"","","",NA,NA,"","",NA,NA,NA,NA,"","","",NA,NA,NA,NA,NA,NA,2,NA,NA,"",NA,NA,"",NA,NA,"",NA,NA,"s",0.6085,NA,"space",0.9313,NA,2,"brown_gnomes",2,8,"bright_forest","yellow_basket","red_gnome",2,2,"dark_forest","red_basket",8,0,0,1,"brown_gnomes","bright_forest","yellow_basket",571,2,6,67,0,134,1,1,"",NA,NA,"",NA,NA,"",NA,NA,NA,NA,NA,NA,"","",NA,NA,"",NA,NA,"",NA,NA,"",NA,NA,NA,NA,NA,NA,"",NA,NA,"","",NA,NA,NA,NA,NA,NA,NA,"",NA,NA,NA,NA,NA,NA,"",NA,NA,"","","",NA,NA,NA,NA,NA,NA,NA,"",NA,NA,NA,NA,"",NA,NA,NA,NA,"","","","",NA,NA,NA,NA,NA,"",NA,NA,NA,NA,"",NA,NA,NA,NA,"","",NA,NA,NA,NA,NA,"",NA,NA,NA,NA,NA,NA,NA
"","",NA,"","","","","","","",NA,"","","","","","","",NA,"","","","","","","",NA,"","","","","",974381,1,"2024-02-08_14h44.32.787","experiment","2023.2.3","Win32",59.52380952,"6101ab943961ab6022c9d969","65c4d99ac54131abf9bf5100","65c4e8ab5500ab66e682f6ed","",NA,NA,"",NA,NA,"",NA,NA,"",NA,NA,"",NA,NA,"",NA,NA,NA,NA,"","",NA,NA,NA,"",NA,NA,"","","",NA,NA,"","",NA,NA,NA,NA,"","","",NA,NA,NA,NA,NA,NA,2,NA,NA,"",NA,NA,"",NA,NA,"",NA,NA,"s",0.4779,NA,"space",0.2983,NA,2,"brown_gnomes",2,8,"bright_forest","yellow_basket","red_gnome",2,8,"dark_forest","red_basket",8,0,0,1,"brown_gnomes","bright_forest","yellow_basket",579,0,-2,67,1,135,1,1,"",NA,NA,"",NA,NA,"",NA,NA,NA,NA,NA,NA,"","",NA,NA,"",NA,NA,"",NA,NA,"",NA,NA,NA,NA,NA,NA,"",NA,NA,"","",NA,NA,NA,NA,NA,NA,NA,"",NA,NA,NA,NA,NA,NA,"",NA,NA,"","","",NA,NA,NA,NA,NA,NA,NA,"",NA,NA,NA,NA,"",NA,NA,NA,NA,"","","","",NA,NA,NA,NA,NA,"",NA,NA,NA,NA,"",NA,NA,NA,NA,"","",NA,NA,NA,NA,NA,"",NA,NA,NA,NA,NA,NA,NA
"","",NA,"","","","","","","",NA,"","","","","","","",NA,"","","","","","","",NA,"","","","","",974381,1,"2024-02-08_14h44.32.787","experiment","2023.2.3","Win32",59.52380952,"6101ab943961ab6022c9d969","65c4d99ac54131abf9bf5100","65c4e8ab5500ab66e682f6ed","",NA,NA,"",NA,NA,"",NA,NA,"",NA,NA,"",NA,NA,"",NA,NA,NA,NA,"","",NA,NA,NA,"",NA,NA,"","","",NA,NA,"","",NA,NA,NA,NA,"","","",NA,NA,NA,NA,NA,NA,1,NA,NA,"",NA,NA,"",NA,NA,"",NA,NA,"s",0.3604,NA,"space",0.223,NA,1,"purple_gnome",1,6,"dark_forest","red_basket","green_gnome",1,8,"bright_forest","yellow_basket",6,0,0,1,"purple_gnome","dark_forest","red_basket",585,1,-1,68,0,136,0,1,"",NA,NA,"",NA,NA,"",NA,NA,NA,NA,NA,NA,"","",NA,NA,"",NA,NA,"",NA,NA,"",NA,NA,NA,NA,NA,NA,"",NA,NA,"","",NA,NA,NA,NA,NA,NA,NA,"",NA,NA,NA,NA,NA,NA,"",NA,NA,"","","",NA,NA,NA,NA,NA,NA,NA,"",NA,NA,NA,NA,"",NA,NA,NA,NA,"","","","",NA,NA,NA,NA,NA,"",NA,NA,NA,NA,"",NA,NA,NA,NA,"","",NA,NA,NA,NA,NA,"",NA,NA,NA,NA,NA,NA,NA
"","",NA,"","","","","","","",NA,"","","","","","","",NA,"","","","","","","",NA,"","","","","",974381,1,"2024-02-08_14h44.32.787","experiment","2023.2.3","Win32",59.52380952,"6101ab943961ab6022c9d969","65c4d99ac54131abf9bf5100","65c4e8ab5500ab66e682f6ed","",NA,NA,"",NA,NA,"",NA,NA,"",NA,NA,"",NA,NA,"",NA,NA,NA,NA,"","",NA,NA,NA,"",NA,NA,"","","",NA,NA,"","",NA,NA,NA,NA,"","","",NA,NA,NA,NA,NA,NA,1,NA,NA,"",NA,NA,"",NA,NA,"",NA,NA,"k",0.5226,NA,"space",0.3505,NA,1,"green_gnome",1,9,"bright_forest","yellow_basket","purple_gnome",1,5,"dark_forest","red_basket",5,0,0,1,"purple_gnome","dark_forest","red_basket",590,1,0,68,1,137,0,1,"",NA,NA,"",NA,NA,"",NA,NA,NA,NA,NA,NA,"","",NA,NA,"",NA,NA,"",NA,NA,"",NA,NA,NA,NA,NA,NA,"",NA,NA,"","",NA,NA,NA,NA,NA,NA,NA,"",NA,NA,NA,NA,NA,NA,"",NA,NA,"","","",NA,NA,NA,NA,NA,NA,NA,"",NA,NA,NA,NA,"",NA,NA,NA,NA,"","","","",NA,NA,NA,NA,NA,"",NA,NA,NA,NA,"",NA,NA,NA,NA,"","",NA,NA,NA,NA,NA,"",NA,NA,NA,NA,NA,NA,NA
"","",NA,"","","","","","","",NA,"","","","","","","",NA,"","","","","","","",NA,"","","","","",974381,1,"2024-02-08_14h44.32.787","experiment","2023.2.3","Win32",59.52380952,"6101ab943961ab6022c9d969","65c4d99ac54131abf9bf5100","65c4e8ab5500ab66e682f6ed","",NA,NA,"",NA,NA,"",NA,NA,"",NA,NA,"",NA,NA,"",NA,NA,NA,NA,"","",NA,NA,NA,"",NA,NA,"","","",NA,NA,"","",NA,NA,NA,NA,"","","",NA,NA,NA,NA,NA,NA,2,NA,NA,"",NA,NA,"",NA,NA,"",NA,NA,"s",0.7007,NA,"space",0.6162,NA,2,"brown_gnomes",2,8,"bright_forest","yellow_basket","red_gnome",2,5,"dark_forest","red_basket",8,0,0,1,"brown_gnomes","bright_forest","yellow_basket",598,3,2,69,0,138,1,1,"",NA,NA,"",NA,NA,"",NA,NA,NA,NA,NA,NA,"","",NA,NA,"",NA,NA,"",NA,NA,"",NA,NA,NA,NA,NA,NA,"",NA,NA,"","",NA,NA,NA,NA,NA,NA,NA,"",NA,NA,NA,NA,NA,NA,"",NA,NA,"","","",NA,NA,NA,NA,NA,NA,NA,"",NA,NA,NA,NA,"",NA,NA,NA,NA,"","","","",NA,NA,NA,NA,NA,"",NA,NA,NA,NA,"",NA,NA,NA,NA,"","",NA,NA,NA,NA,NA,"",NA,NA,NA,NA,NA,NA,NA
"","",NA,"","","","","","","",NA,"","","","","","","",NA,"","","","","","","",NA,"","","","","",974381,1,"2024-02-08_14h44.32.787","experiment","2023.2.3","Win32",59.52380952,"6101ab943961ab6022c9d969","65c4d99ac54131abf9bf5100","65c4e8ab5500ab66e682f6ed","",NA,NA,"",NA,NA,"",NA,NA,"",NA,NA,"",NA,NA,"",NA,NA,NA,NA,"","",NA,NA,NA,"",NA,NA,"","","",NA,NA,"","",NA,NA,NA,NA,"","","",NA,NA,NA,NA,NA,NA,1,NA,NA,"",NA,NA,"",NA,NA,"",NA,NA,"k",0.3572,NA,"space",0.814,NA,1,"green_gnome",1,7,"bright_forest","yellow_basket","purple_gnome",1,7,"dark_forest","red_basket",7,0,0,1,"purple_gnome","dark_forest","red_basket",605,1,-3,69,1,139,0,1,"",NA,NA,"",NA,NA,"",NA,NA,NA,NA,NA,NA,"","",NA,NA,"",NA,NA,"",NA,NA,"",NA,NA,NA,NA,NA,NA,"",NA,NA,"","",NA,NA,NA,NA,NA,NA,NA,"",NA,NA,NA,NA,NA,NA,"",NA,NA,"","","",NA,NA,NA,NA,NA,NA,NA,"",NA,NA,NA,NA,"",NA,NA,NA,NA,"","","","",NA,NA,NA,NA,NA,"",NA,NA,NA,NA,"",NA,NA,NA,NA,"","",NA,NA,NA,NA,NA,"",NA,NA,NA,NA,NA,NA,NA
"","",NA,"","","","","","","",NA,"","","","","","","",NA,"","","","","","","",NA,"","","","","",974381,1,"2024-02-08_14h44.32.787","experiment","2023.2.3","Win32",59.52380952,"6101ab943961ab6022c9d969","65c4d99ac54131abf9bf5100","65c4e8ab5500ab66e682f6ed","",NA,NA,"",NA,NA,"",NA,NA,"",NA,NA,"",NA,NA,"",NA,NA,NA,NA,"","",NA,NA,NA,"",NA,NA,"","","",NA,NA,"","",NA,NA,NA,NA,"","","",NA,NA,NA,NA,NA,NA,1,NA,NA,"",NA,NA,"",NA,NA,"",NA,NA,"k",0.3895,NA,"space",0.5374,NA,1,"green_gnome",1,8,"bright_forest","yellow_basket","purple_gnome",1,4,"dark_forest","red_basket",4,0,0,1,"purple_gnome","dark_forest","red_basket",609,0,-2,70,0,140,0,1,"",NA,NA,"",NA,NA,"",NA,NA,NA,NA,NA,NA,"","",NA,NA,"",NA,NA,"",NA,NA,"",NA,NA,NA,NA,NA,NA,"",NA,NA,"","",NA,NA,NA,NA,NA,NA,NA,"",NA,NA,NA,NA,NA,NA,"",NA,NA,"","","",NA,NA,NA,NA,NA,NA,NA,"",NA,NA,NA,NA,"",NA,NA,NA,NA,"","","","",NA,NA,NA,NA,NA,"",NA,NA,NA,NA,"",NA,NA,NA,NA,"","",NA,NA,NA,NA,NA,"",NA,NA,NA,NA,NA,NA,NA
"","",NA,"","","","","","","",NA,"","","","","","","",NA,"","","","","","","",NA,"","","","","",974381,1,"2024-02-08_14h44.32.787","experiment","2023.2.3","Win32",59.52380952,"6101ab943961ab6022c9d969","65c4d99ac54131abf9bf5100","65c4e8ab5500ab66e682f6ed","",NA,NA,"",NA,NA,"",NA,NA,"",NA,NA,"",NA,NA,"",NA,NA,NA,NA,"","",NA,NA,NA,"",NA,NA,"","","",NA,NA,"","",NA,NA,NA,NA,"","","",NA,NA,NA,NA,NA,NA,1,NA,NA,"",NA,NA,"",NA,NA,"",NA,NA,"s",1.156,NA,"space",0.6242,NA,1,"purple_gnome",1,2,"dark_forest","red_basket","green_gnome",1,8,"bright_forest","yellow_basket",2,0,0,1,"purple_gnome","dark_forest","red_basket",611,2,-2,70,1,141,0,1,"",NA,NA,"",NA,NA,"",NA,NA,NA,NA,NA,NA,"","",NA,NA,"",NA,NA,"",NA,NA,"",NA,NA,NA,NA,NA,NA,"",NA,NA,"","",NA,NA,NA,NA,NA,NA,NA,"",NA,NA,NA,NA,NA,NA,"",NA,NA,"","","",NA,NA,NA,NA,NA,NA,NA,"",NA,NA,NA,NA,"",NA,NA,NA,NA,"","","","",NA,NA,NA,NA,NA,"",NA,NA,NA,NA,"",NA,NA,NA,NA,"","",NA,NA,NA,NA,NA,"",NA,NA,NA,NA,NA,NA,NA
"","",NA,"","","","","","","",NA,"","","","","","","",NA,"","","","","","","",NA,"","","","","",974381,1,"2024-02-08_14h44.32.787","experiment","2023.2.3","Win32",59.52380952,"6101ab943961ab6022c9d969","65c4d99ac54131abf9bf5100","65c4e8ab5500ab66e682f6ed","",NA,NA,"",NA,NA,"",NA,NA,"",NA,NA,"",NA,NA,"",NA,NA,NA,NA,"","",NA,NA,NA,"",NA,NA,"","","",NA,NA,"","",NA,NA,NA,NA,"","","",NA,NA,NA,NA,NA,NA,2,NA,NA,"",NA,NA,"",NA,NA,"",NA,NA,"s",0.5063,NA,"space",0.5349,NA,2,"brown_gnomes",2,8,"bright_forest","yellow_basket","red_gnome",2,0,"dark_forest","red_basket",8,0,0,1,"brown_gnomes","bright_forest","yellow_basket",619,1,-3,71,0,142,1,1,"",NA,NA,"",NA,NA,"",NA,NA,NA,NA,NA,NA,"","",NA,NA,"",NA,NA,"",NA,NA,"",NA,NA,NA,NA,NA,NA,"",NA,NA,"","",NA,NA,NA,NA,NA,NA,NA,"",NA,NA,NA,NA,NA,NA,"",NA,NA,"","","",NA,NA,NA,NA,NA,NA,NA,"",NA,NA,NA,NA,"",NA,NA,NA,NA,"","","","",NA,NA,NA,NA,NA,"",NA,NA,NA,NA,"",NA,NA,NA,NA,"","",NA,NA,NA,NA,NA,"",NA,NA,NA,NA,NA,NA,NA
"","",NA,"","","","","","","",NA,"","","","","","","",NA,"","","","","","","",NA,"","","","","",974381,1,"2024-02-08_14h44.32.787","experiment","2023.2.3","Win32",59.52380952,"6101ab943961ab6022c9d969","65c4d99ac54131abf9bf5100","65c4e8ab5500ab66e682f6ed","",NA,NA,"",NA,NA,"",NA,NA,"",NA,NA,"",NA,NA,"",NA,NA,NA,NA,"","",NA,NA,NA,"",NA,NA,"","","",NA,NA,"","",NA,NA,NA,NA,"","","",NA,NA,NA,NA,NA,NA,1,NA,NA,"",NA,NA,"",NA,NA,"",NA,NA,"s",0.427,NA,"space",0.2819,NA,1,"purple_gnome",1,3,"dark_forest","red_basket","green_gnome",1,9,"bright_forest","yellow_basket",3,0,0,1,"purple_gnome","dark_forest","red_basket",622,1,2,71,1,143,0,1,"",NA,NA,"",NA,NA,"",NA,NA,NA,NA,NA,NA,"","",NA,NA,"",NA,NA,"",NA,NA,"",NA,NA,NA,NA,NA,NA,"",NA,NA,"","",NA,NA,NA,NA,NA,NA,NA,"",NA,NA,NA,NA,NA,NA,"",NA,NA,"","","",NA,NA,NA,NA,NA,NA,NA,"",NA,NA,NA,NA,"",NA,NA,NA,NA,"","","","",NA,NA,NA,NA,NA,"",NA,NA,NA,NA,"",NA,NA,NA,NA,"","",NA,NA,NA,NA,NA,"",NA,NA,NA,NA,NA,NA,NA
"","",NA,"","","","","","","",NA,"","","","","","","",NA,"","","","","","","",NA,"","","","","",974381,1,"2024-02-08_14h44.32.787","experiment","2023.2.3","Win32",59.52380952,"6101ab943961ab6022c9d969","65c4d99ac54131abf9bf5100","65c4e8ab5500ab66e682f6ed","",NA,NA,"",NA,NA,"",NA,NA,"",NA,NA,"",NA,NA,"",NA,NA,NA,NA,"","",NA,NA,NA,"",NA,NA,"","","",NA,NA,"","",NA,NA,NA,NA,"","","",NA,NA,NA,NA,NA,NA,2,NA,NA,"",NA,NA,"",NA,NA,"",NA,NA,"s",0.4233,NA,"space",0.6347,NA,2,"brown_gnomes",2,8,"bright_forest","yellow_basket","red_gnome",2,5,"dark_forest","red_basket",8,0,0,1,"brown_gnomes","bright_forest","yellow_basket",630,0,0,72,0,144,1,1,"",NA,NA,"",NA,NA,"",NA,NA,NA,NA,NA,NA,"","",NA,NA,"",NA,NA,"",NA,NA,"",NA,NA,NA,NA,NA,NA,"",NA,NA,"","",NA,NA,NA,NA,NA,NA,NA,"",NA,NA,NA,NA,NA,NA,"",NA,NA,"","","",NA,NA,NA,NA,NA,NA,NA,"",NA,NA,NA,NA,"",NA,NA,NA,NA,"","","","",NA,NA,NA,NA,NA,"",NA,NA,NA,NA,"",NA,NA,NA,NA,"","",NA,NA,NA,NA,NA,"",NA,NA,NA,NA,NA,NA,NA
"","",NA,"","","","","","","",NA,"","","","","","","",NA,"","","","","","","",NA,"","","","","",974381,1,"2024-02-08_14h44.32.787","experiment","2023.2.3","Win32",59.52380952,"6101ab943961ab6022c9d969","65c4d99ac54131abf9bf5100","65c4e8ab5500ab66e682f6ed","",NA,NA,"",NA,NA,"",NA,NA,"",NA,NA,"",NA,NA,"",NA,NA,NA,NA,"","",NA,NA,NA,"",NA,NA,"","","",NA,NA,"","",NA,NA,NA,NA,"","","",NA,NA,NA,NA,NA,NA,2,NA,NA,"",NA,NA,"",NA,NA,"",NA,NA,"k",0.6894,NA,"space",0.6162,NA,2,"red_gnome",2,5,"dark_forest","red_basket","brown_gnomes",2,8,"bright_forest","yellow_basket",8,0,0,1,"brown_gnomes","bright_forest","yellow_basket",638,1,2,72,1,145,1,1,"",NA,NA,"",NA,NA,"",NA,NA,NA,NA,NA,NA,"","",NA,NA,"",NA,NA,"",NA,NA,"",NA,NA,NA,NA,NA,NA,"",NA,NA,"","",NA,NA,NA,NA,NA,NA,NA,"",NA,NA,NA,NA,NA,NA,"",NA,NA,"","","",NA,NA,NA,NA,NA,NA,NA,"",NA,NA,NA,NA,"",NA,NA,NA,NA,"","","","",NA,NA,NA,NA,NA,"",NA,NA,NA,NA,"",NA,NA,NA,NA,"","",NA,NA,NA,NA,NA,"",NA,NA,NA,NA,NA,NA,NA
"","",NA,"","","","","","","",NA,"","","","","","","",NA,"","","","","","","",NA,"","","","","",974381,1,"2024-02-08_14h44.32.787","experiment","2023.2.3","Win32",59.52380952,"6101ab943961ab6022c9d969","65c4d99ac54131abf9bf5100","65c4e8ab5500ab66e682f6ed","",NA,NA,"",NA,NA,"",NA,NA,"",NA,NA,"",NA,NA,"",NA,NA,NA,NA,"","",NA,NA,NA,"",NA,NA,"","","",NA,NA,"","",NA,NA,NA,NA,"","","",NA,NA,NA,NA,NA,NA,1,NA,NA,"",NA,NA,"",NA,NA,"",NA,NA,"s",0.4386,NA,"space",0.5715,NA,1,"purple_gnome",1,7,"dark_forest","red_basket","green_gnome",1,9,"bright_forest","yellow_basket",7,0,0,1,"purple_gnome","dark_forest","red_basket",645,-1,2,73,0,146,0,1,"",NA,NA,"",NA,NA,"",NA,NA,NA,NA,NA,NA,"","",NA,NA,"",NA,NA,"",NA,NA,"",NA,NA,NA,NA,NA,NA,"",NA,NA,"","",NA,NA,NA,NA,NA,NA,NA,"",NA,NA,NA,NA,NA,NA,"",NA,NA,"","","",NA,NA,NA,NA,NA,NA,NA,"",NA,NA,NA,NA,"",NA,NA,NA,NA,"","","","",NA,NA,NA,NA,NA,"",NA,NA,NA,NA,"",NA,NA,NA,NA,"","",NA,NA,NA,NA,NA,"",NA,NA,NA,NA,NA,NA,NA
"","",NA,"","","","","","","",NA,"","","","","","","",NA,"","","","","","","",NA,"","","","","",974381,1,"2024-02-08_14h44.32.787","experiment","2023.2.3","Win32",59.52380952,"6101ab943961ab6022c9d969","65c4d99ac54131abf9bf5100","65c4e8ab5500ab66e682f6ed","",NA,NA,"",NA,NA,"",NA,NA,"",NA,NA,"",NA,NA,"",NA,NA,NA,NA,"","",NA,NA,NA,"",NA,NA,"","","",NA,NA,"","",NA,NA,NA,NA,"","","",NA,NA,NA,NA,NA,NA,2,NA,NA,"",NA,NA,"",NA,NA,"",NA,NA,"k",0.6644,NA,"space",0.7338,NA,2,"red_gnome",2,9,"dark_forest","red_basket","brown_gnomes",2,8,"bright_forest","yellow_basket",8,0,0,1,"brown_gnomes","bright_forest","yellow_basket",653,1,2,73,1,147,1,1,"",NA,NA,"",NA,NA,"",NA,NA,NA,NA,NA,NA,"","",NA,NA,"",NA,NA,"",NA,NA,"",NA,NA,NA,NA,NA,NA,"",NA,NA,"","",NA,NA,NA,NA,NA,NA,NA,"",NA,NA,NA,NA,NA,NA,"",NA,NA,"","","",NA,NA,NA,NA,NA,NA,NA,"",NA,NA,NA,NA,"",NA,NA,NA,NA,"","","","",NA,NA,NA,NA,NA,"",NA,NA,NA,NA,"",NA,NA,NA,NA,"","",NA,NA,NA,NA,NA,"",NA,NA,NA,NA,NA,NA,NA
"","",NA,"","","","","","","",NA,"","","","","","","",NA,"","","","","","","",NA,"","","","","",974381,1,"2024-02-08_14h44.32.787","experiment","2023.2.3","Win32",59.52380952,"6101ab943961ab6022c9d969","65c4d99ac54131abf9bf5100","65c4e8ab5500ab66e682f6ed","",NA,NA,"",NA,NA,"",NA,NA,"",NA,NA,"",NA,NA,"",NA,NA,NA,NA,"","",NA,NA,NA,"",NA,NA,"","","",NA,NA,"","",NA,NA,NA,NA,"","","",NA,NA,NA,NA,NA,NA,1,NA,NA,"",NA,NA,"",NA,NA,"",NA,NA,"s",0.4547,NA,"space",0.8175,NA,1,"purple_gnome",1,7,"dark_forest","red_basket","green_gnome",1,9,"bright_forest","yellow_basket",7,0,0,1,"purple_gnome","dark_forest","red_basket",660,1,-1,74,0,148,0,1,"",NA,NA,"",NA,NA,"",NA,NA,NA,NA,NA,NA,"","",NA,NA,"",NA,NA,"",NA,NA,"",NA,NA,NA,NA,NA,NA,"",NA,NA,"","",NA,NA,NA,NA,NA,NA,NA,"",NA,NA,NA,NA,NA,NA,"",NA,NA,"","","",NA,NA,NA,NA,NA,NA,NA,"",NA,NA,NA,NA,"",NA,NA,NA,NA,"","","","",NA,NA,NA,NA,NA,"",NA,NA,NA,NA,"",NA,NA,NA,NA,"","",NA,NA,NA,NA,NA,"",NA,NA,NA,NA,NA,NA,NA
"","",NA,"","","","","","","",NA,"","","","","","","",NA,"","","","","","","",NA,"","","","","",974381,1,"2024-02-08_14h44.32.787","experiment","2023.2.3","Win32",59.52380952,"6101ab943961ab6022c9d969","65c4d99ac54131abf9bf5100","65c4e8ab5500ab66e682f6ed","",NA,NA,"",NA,NA,"",NA,NA,"",NA,NA,"",NA,NA,"",NA,NA,NA,NA,"","",NA,NA,NA,"",NA,NA,"","","",NA,NA,"","",NA,NA,NA,NA,"","","",NA,NA,NA,NA,NA,NA,2,NA,NA,"",NA,NA,"",NA,NA,"",NA,NA,"s",0.5633,NA,"space",0.4017,NA,2,"brown_gnomes",2,8,"bright_forest","yellow_basket","red_gnome",2,6,"dark_forest","red_basket",8,0,0,1,"brown_gnomes","bright_forest","yellow_basket",668,1,2,74,1,149,1,1,"",NA,NA,"",NA,NA,"",NA,NA,NA,NA,NA,NA,"","",NA,NA,"",NA,NA,"",NA,NA,"",NA,NA,NA,NA,NA,NA,"",NA,NA,"","",NA,NA,NA,NA,NA,NA,NA,"",NA,NA,NA,NA,NA,NA,"",NA,NA,"","","",NA,NA,NA,NA,NA,NA,NA,"",NA,NA,NA,NA,"",NA,NA,NA,NA,"","","","",NA,NA,NA,NA,NA,"",NA,NA,NA,NA,"",NA,NA,NA,NA,"","",NA,NA,NA,NA,NA,"",NA,NA,NA,NA,NA,NA,NA
"","",NA,"","","","","","","",NA,"","","","","","","",NA,"","","","","","","",NA,"","","","","",974381,1,"2024-02-08_14h44.32.787","experiment","2023.2.3","Win32",59.52380952,"6101ab943961ab6022c9d969","65c4d99ac54131abf9bf5100","65c4e8ab5500ab66e682f6ed","",NA,NA,"",NA,NA,"",NA,NA,"",NA,NA,"",NA,NA,"",NA,NA,NA,NA,"","",NA,NA,NA,"",NA,NA,"","","",NA,NA,"","",NA,NA,NA,NA,"","","",NA,NA,NA,NA,NA,NA,1,NA,NA,"",NA,NA,"",NA,NA,"",NA,NA,"k",0.4833,NA,"space",0.2916,NA,1,"green_gnome",1,9,"bright_forest","yellow_basket","purple_gnome",1,8,"dark_forest","red_basket",8,0,0,1,"purple_gnome","dark_forest","red_basket",676,2,2,75,0,150,0,1,"",NA,NA,"",NA,NA,"",NA,NA,NA,NA,NA,NA,"","",NA,NA,"",NA,NA,"",NA,NA,"",NA,NA,NA,NA,NA,NA,"",NA,NA,"","",NA,NA,NA,NA,NA,NA,NA,"",NA,NA,NA,NA,NA,NA,"",NA,NA,"","","",NA,NA,NA,NA,NA,NA,NA,"",NA,NA,NA,NA,"",NA,NA,NA,NA,"","","","",NA,NA,NA,NA,NA,"",NA,NA,NA,NA,"",NA,NA,NA,NA,"","",NA,NA,NA,NA,NA,"",NA,NA,NA,NA,NA,NA,NA
"","",NA,"","","","","","","",NA,"","","","","","","",NA,"","","","","","","",NA,"","","","","",974381,1,"2024-02-08_14h44.32.787","experiment","2023.2.3","Win32",59.52380952,"6101ab943961ab6022c9d969","65c4d99ac54131abf9bf5100","65c4e8ab5500ab66e682f6ed","",NA,NA,"",NA,NA,"",NA,NA,"",NA,NA,"",NA,NA,"",NA,NA,NA,NA,"","",NA,NA,NA,"",NA,NA,"","","",NA,NA,"","",NA,NA,NA,NA,"","","",NA,NA,NA,NA,NA,NA,2,NA,NA,"",NA,NA,"",NA,NA,"",NA,NA,"s",0.4573,NA,"space",0.283,NA,2,"brown_gnomes",2,7,"bright_forest","yellow_basket","red_gnome",2,8,"dark_forest","red_basket",7,0,0,1,"brown_gnomes","bright_forest","yellow_basket",683,3,1,75,1,151,1,1,"",NA,NA,"",NA,NA,"",NA,NA,NA,NA,NA,NA,"","",NA,NA,"",NA,NA,"",NA,NA,"",NA,NA,NA,NA,NA,NA,"",NA,NA,"","",NA,NA,NA,NA,NA,NA,NA,"",NA,NA,NA,NA,NA,NA,"",NA,NA,"","","",NA,NA,NA,NA,NA,NA,NA,"",NA,NA,NA,NA,"",NA,NA,NA,NA,"","","","",NA,NA,NA,NA,NA,"",NA,NA,NA,NA,"",NA,NA,NA,NA,"","",NA,NA,NA,NA,NA,"",NA,NA,NA,NA,NA,NA,NA
"","",NA,"","","","","","","",NA,"","","","","","","",NA,"","","","","","","",NA,"","","","","",974381,1,"2024-02-08_14h44.32.787","experiment","2023.2.3","Win32",59.52380952,"6101ab943961ab6022c9d969","65c4d99ac54131abf9bf5100","65c4e8ab5500ab66e682f6ed","",NA,NA,"",NA,NA,"",NA,NA,"",NA,NA,"",NA,NA,"",NA,NA,NA,NA,"","",NA,NA,NA,"",NA,NA,"","","",NA,NA,"","",NA,NA,NA,NA,"","","",NA,NA,NA,NA,NA,NA,2,NA,NA,"",NA,NA,"",NA,NA,"",NA,NA,"k",0.4219,NA,"space",0.7773,NA,2,"red_gnome",2,9,"dark_forest","red_basket","brown_gnomes",2,8,"bright_forest","yellow_basket",8,0,0,1,"brown_gnomes","bright_forest","yellow_basket",691,-4,2,76,0,152,1,1,"",NA,NA,"",NA,NA,"",NA,NA,NA,NA,NA,NA,"","",NA,NA,"",NA,NA,"",NA,NA,"",NA,NA,NA,NA,NA,NA,"",NA,NA,"","",NA,NA,NA,NA,NA,NA,NA,"",NA,NA,NA,NA,NA,NA,"",NA,NA,"","","",NA,NA,NA,NA,NA,NA,NA,"",NA,NA,NA,NA,"",NA,NA,NA,NA,"","","","",NA,NA,NA,NA,NA,"",NA,NA,NA,NA,"",NA,NA,NA,NA,"","",NA,NA,NA,NA,NA,"",NA,NA,NA,NA,NA,NA,NA
"","",NA,"","","","","","","",NA,"","","","","","","",NA,"","","","","","","",NA,"","","","","",974381,1,"2024-02-08_14h44.32.787","experiment","2023.2.3","Win32",59.52380952,"6101ab943961ab6022c9d969","65c4d99ac54131abf9bf5100","65c4e8ab5500ab66e682f6ed","",NA,NA,"",NA,NA,"",NA,NA,"",NA,NA,"",NA,NA,"",NA,NA,NA,NA,"","",NA,NA,NA,"",NA,NA,"","","",NA,NA,"","",NA,NA,NA,NA,"","","",NA,NA,NA,NA,NA,NA,2,NA,NA,"",NA,NA,"",NA,NA,"",NA,NA,"k",0.4221,NA,"space",0.6807,NA,2,"red_gnome",2,7,"dark_forest","red_basket","brown_gnomes",2,4,"bright_forest","yellow_basket",4,0,0,1,"brown_gnomes","bright_forest","yellow_basket",695,-1,2,76,1,153,1,1,"",NA,NA,"",NA,NA,"",NA,NA,NA,NA,NA,NA,"","",NA,NA,"",NA,NA,"",NA,NA,"",NA,NA,NA,NA,NA,NA,"",NA,NA,"","",NA,NA,NA,NA,NA,NA,NA,"",NA,NA,NA,NA,NA,NA,"",NA,NA,"","","",NA,NA,NA,NA,NA,NA,NA,"",NA,NA,NA,NA,"",NA,NA,NA,NA,"","","","",NA,NA,NA,NA,NA,"",NA,NA,NA,NA,"",NA,NA,NA,NA,"","",NA,NA,NA,NA,NA,"",NA,NA,NA,NA,NA,NA,NA
"","",NA,"","","","","","","",NA,"","","","","","","",NA,"","","","","","","",NA,"","","","","",974381,1,"2024-02-08_14h44.32.787","experiment","2023.2.3","Win32",59.52380952,"6101ab943961ab6022c9d969","65c4d99ac54131abf9bf5100","65c4e8ab5500ab66e682f6ed","",NA,NA,"",NA,NA,"",NA,NA,"",NA,NA,"",NA,NA,"",NA,NA,NA,NA,"","",NA,NA,NA,"",NA,NA,"","","",NA,NA,"","",NA,NA,NA,NA,"","","",NA,NA,NA,NA,NA,NA,2,NA,NA,"",NA,NA,"",NA,NA,"",NA,NA,"s",0.4553,NA,"space",0.5781,NA,2,"brown_gnomes",2,3,"bright_forest","yellow_basket","red_gnome",2,9,"dark_forest","red_basket",3,0,0,1,"brown_gnomes","bright_forest","yellow_basket",698,0,-1,77,0,154,1,1,"",NA,NA,"",NA,NA,"",NA,NA,NA,NA,NA,NA,"","",NA,NA,"",NA,NA,"",NA,NA,"",NA,NA,NA,NA,NA,NA,"",NA,NA,"","",NA,NA,NA,NA,NA,NA,NA,"",NA,NA,NA,NA,NA,NA,"",NA,NA,"","","",NA,NA,NA,NA,NA,NA,NA,"",NA,NA,NA,NA,"",NA,NA,NA,NA,"","","","",NA,NA,NA,NA,NA,"",NA,NA,NA,NA,"",NA,NA,NA,NA,"","",NA,NA,NA,NA,NA,"",NA,NA,NA,NA,NA,NA,NA
"","",NA,"","","","","","","",NA,"","","","","","","",NA,"","","","","","","",NA,"","","","","",974381,1,"2024-02-08_14h44.32.787","experiment","2023.2.3","Win32",59.52380952,"6101ab943961ab6022c9d969","65c4d99ac54131abf9bf5100","65c4e8ab5500ab66e682f6ed","",NA,NA,"",NA,NA,"",NA,NA,"",NA,NA,"",NA,NA,"",NA,NA,NA,NA,"","",NA,NA,NA,"",NA,NA,"","","",NA,NA,"","",NA,NA,NA,NA,"","","",NA,NA,NA,NA,NA,NA,1,NA,NA,"",NA,NA,"",NA,NA,"",NA,NA,"s",0.5381,NA,"space",0.3896,NA,1,"purple_gnome",1,8,"dark_forest","red_basket","green_gnome",1,3,"bright_forest","yellow_basket",8,0,0,1,"purple_gnome","dark_forest","red_basket",706,1,-2,77,1,155,0,1,"",NA,NA,"",NA,NA,"",NA,NA,NA,NA,NA,NA,"","",NA,NA,"",NA,NA,"",NA,NA,"",NA,NA,NA,NA,NA,NA,"",NA,NA,"","",NA,NA,NA,NA,NA,NA,NA,"",NA,NA,NA,NA,NA,NA,"",NA,NA,"","","",NA,NA,NA,NA,NA,NA,NA,"",NA,NA,NA,NA,"",NA,NA,NA,NA,"","","","",NA,NA,NA,NA,NA,"",NA,NA,NA,NA,"",NA,NA,NA,NA,"","",NA,NA,NA,NA,NA,"",NA,NA,NA,NA,NA,NA,NA
"","",NA,"","","","","","","",NA,"","","","","","","",NA,"","","","","","","",NA,"","","","","",974381,1,"2024-02-08_14h44.32.787","experiment","2023.2.3","Win32",59.52380952,"6101ab943961ab6022c9d969","65c4d99ac54131abf9bf5100","65c4e8ab5500ab66e682f6ed","",NA,NA,"",NA,NA,"",NA,NA,"",NA,NA,"",NA,NA,"",NA,NA,NA,NA,"","",NA,NA,NA,"",NA,NA,"","","",NA,NA,"","",NA,NA,NA,NA,"","","",NA,NA,NA,NA,NA,NA,2,NA,NA,"",NA,NA,"",NA,NA,"",NA,NA,"k",0.5947,NA,"space",0.3479,NA,2,"red_gnome",2,6,"dark_forest","red_basket","brown_gnomes",2,4,"bright_forest","yellow_basket",4,0,0,1,"brown_gnomes","bright_forest","yellow_basket",710,-5,0,78,0,156,1,1,"",NA,NA,"",NA,NA,"",NA,NA,NA,NA,NA,NA,"","",NA,NA,"",NA,NA,"",NA,NA,"",NA,NA,NA,NA,NA,NA,"",NA,NA,"","",NA,NA,NA,NA,NA,NA,NA,"",NA,NA,NA,NA,NA,NA,"",NA,NA,"","","",NA,NA,NA,NA,NA,NA,NA,"",NA,NA,NA,NA,"",NA,NA,NA,NA,"","","","",NA,NA,NA,NA,NA,"",NA,NA,NA,NA,"",NA,NA,NA,NA,"","",NA,NA,NA,NA,NA,"",NA,NA,NA,NA,NA,NA,NA
"","",NA,"","","","","","","",NA,"","","","","","","",NA,"","","","","","","",NA,"","","","","",974381,1,"2024-02-08_14h44.32.787","experiment","2023.2.3","Win32",59.52380952,"6101ab943961ab6022c9d969","65c4d99ac54131abf9bf5100","65c4e8ab5500ab66e682f6ed","",NA,NA,"",NA,NA,"",NA,NA,"",NA,NA,"",NA,NA,"",NA,NA,NA,NA,"","",NA,NA,NA,"",NA,NA,"","","",NA,NA,"","",NA,NA,NA,NA,"","","",NA,NA,NA,NA,NA,NA,2,NA,NA,"",NA,NA,"",NA,NA,"",NA,NA,"s",0.4534,NA,"space",0.743,NA,2,"brown_gnomes",2,1,"bright_forest","yellow_basket","red_gnome",2,6,"dark_forest","red_basket",1,0,0,1,"brown_gnomes","bright_forest","yellow_basket",711,0,1,78,1,157,1,1,"",NA,NA,"",NA,NA,"",NA,NA,NA,NA,NA,NA,"","",NA,NA,"",NA,NA,"",NA,NA,"",NA,NA,NA,NA,NA,NA,"",NA,NA,"","",NA,NA,NA,NA,NA,NA,NA,"",NA,NA,NA,NA,NA,NA,"",NA,NA,"","","",NA,NA,NA,NA,NA,NA,NA,"",NA,NA,NA,NA,"",NA,NA,NA,NA,"","","","",NA,NA,NA,NA,NA,"",NA,NA,NA,NA,"",NA,NA,NA,NA,"","",NA,NA,NA,NA,NA,"",NA,NA,NA,NA,NA,NA,NA
"","",NA,"","","","","","","",NA,"","","","","","","",NA,"","","","","","","",NA,"","","","","",974381,1,"2024-02-08_14h44.32.787","experiment","2023.2.3","Win32",59.52380952,"6101ab943961ab6022c9d969","65c4d99ac54131abf9bf5100","65c4e8ab5500ab66e682f6ed","",NA,NA,"",NA,NA,"",NA,NA,"",NA,NA,"",NA,NA,"",NA,NA,NA,NA,"","",NA,NA,NA,"",NA,NA,"","","",NA,NA,"","",NA,NA,NA,NA,"","","",NA,NA,NA,NA,NA,NA,1,NA,NA,"",NA,NA,"",NA,NA,"",NA,NA,"s",0.4735,NA,"space",0.7641,NA,1,"purple_gnome",1,7,"dark_forest","red_basket","green_gnome",1,1,"bright_forest","yellow_basket",7,0,0,1,"purple_gnome","dark_forest","red_basket",718,1,1,79,0,158,0,1,"",NA,NA,"",NA,NA,"",NA,NA,NA,NA,NA,NA,"","",NA,NA,"",NA,NA,"",NA,NA,"",NA,NA,NA,NA,NA,NA,"",NA,NA,"","",NA,NA,NA,NA,NA,NA,NA,"",NA,NA,NA,NA,NA,NA,"",NA,NA,"","","",NA,NA,NA,NA,NA,NA,NA,"",NA,NA,NA,NA,"",NA,NA,NA,NA,"","","","",NA,NA,NA,NA,NA,"",NA,NA,NA,NA,"",NA,NA,NA,NA,"","",NA,NA,NA,NA,NA,"",NA,NA,NA,NA,NA,NA,NA
"","",NA,"","","","","","","",NA,"","","","","","","",NA,"","","","","","","",NA,"","","","","",974381,1,"2024-02-08_14h44.32.787","experiment","2023.2.3","Win32",59.52380952,"6101ab943961ab6022c9d969","65c4d99ac54131abf9bf5100","65c4e8ab5500ab66e682f6ed","",NA,NA,"",NA,NA,"",NA,NA,"",NA,NA,"",NA,NA,"",NA,NA,NA,NA,"","",NA,NA,NA,"",NA,NA,"","","",NA,NA,"","",NA,NA,NA,NA,"","","",NA,NA,NA,NA,NA,NA,1,NA,NA,"",NA,NA,"",NA,NA,"",NA,NA,"k",0.448,NA,"space",0.3143,NA,1,"green_gnome",1,2,"bright_forest","yellow_basket","purple_gnome",1,8,"dark_forest","red_basket",8,0,0,1,"purple_gnome","dark_forest","red_basket",726,0,-2,79,1,159,0,1,"",NA,NA,"",NA,NA,"",NA,NA,NA,NA,NA,NA,"","",NA,NA,"",NA,NA,"",NA,NA,"",NA,NA,NA,NA,NA,NA,"",NA,NA,"","",NA,NA,NA,NA,NA,NA,NA,"",NA,NA,NA,NA,NA,NA,"",NA,NA,"","","",NA,NA,NA,NA,NA,NA,NA,"",NA,NA,NA,NA,"",NA,NA,NA,NA,"","","","",NA,NA,NA,NA,NA,"",NA,NA,NA,NA,"",NA,NA,NA,NA,"","",NA,NA,NA,NA,NA,"",NA,NA,NA,NA,NA,NA,NA
"","",NA,"","","","","","","",NA,"","","","","","","",NA,"","","","","","","",NA,"","","","","",974381,1,"2024-02-08_14h44.32.787","experiment","2023.2.3","Win32",59.52380952,"6101ab943961ab6022c9d969","65c4d99ac54131abf9bf5100","65c4e8ab5500ab66e682f6ed","",NA,NA,"",NA,NA,"",NA,NA,"",NA,NA,"",NA,NA,"",NA,NA,NA,NA,"","",NA,NA,NA,"",NA,NA,"","","",NA,NA,"","",NA,NA,NA,NA,"","","",NA,NA,NA,NA,NA,NA,2,NA,NA,"",NA,NA,"",NA,NA,"",NA,NA,"k",0.4165,NA,"space",0.4152,NA,2,"red_gnome",2,6,"dark_forest","red_basket","brown_gnomes",2,2,"bright_forest","yellow_basket",2,0,0,1,"brown_gnomes","bright_forest","yellow_basket",728,3,0,80,0,160,1,1,"",NA,NA,"",NA,NA,"",NA,NA,NA,NA,NA,NA,"","",NA,NA,"",NA,NA,"",NA,NA,"",NA,NA,NA,NA,NA,NA,"",NA,NA,"","",NA,NA,NA,NA,NA,NA,NA,"",NA,NA,NA,NA,NA,NA,"",NA,NA,"","","",NA,NA,NA,NA,NA,NA,NA,"",NA,NA,NA,NA,"",NA,NA,NA,NA,"","","","",NA,NA,NA,NA,NA,"",NA,NA,NA,NA,"",NA,NA,NA,NA,"","",NA,NA,NA,NA,NA,"",NA,NA,NA,NA,NA,NA,NA
"","",NA,"","","","","","","",NA,"","","","","","","",NA,"","","","","","","",NA,"","","","","",974381,1,"2024-02-08_14h44.32.787","experiment","2023.2.3","Win32",59.52380952,"6101ab943961ab6022c9d969","65c4d99ac54131abf9bf5100","65c4e8ab5500ab66e682f6ed","",NA,NA,"",NA,NA,"",NA,NA,"",NA,NA,"",NA,NA,"",NA,NA,NA,NA,"","",NA,NA,NA,"",NA,NA,"","","",NA,NA,"","",NA,NA,NA,NA,"","","",NA,NA,NA,NA,NA,NA,2,NA,NA,"",NA,NA,"",NA,NA,"",NA,NA,"s",0.5552,NA,"space",0.4291,NA,2,"brown_gnomes",2,5,"bright_forest","yellow_basket","red_gnome",2,6,"dark_forest","red_basket",5,0,0,1,"brown_gnomes","bright_forest","yellow_basket",733,2,2,80,1,161,1,1,"",NA,NA,"",NA,NA,"",NA,NA,NA,NA,NA,NA,"","",NA,NA,"",NA,NA,"",NA,NA,"",NA,NA,NA,NA,NA,NA,"",NA,NA,"","",NA,NA,NA,NA,NA,NA,NA,"",NA,NA,NA,NA,NA,NA,"",NA,NA,"","","",NA,NA,NA,NA,NA,NA,NA,"",NA,NA,NA,NA,"",NA,NA,NA,NA,"","","","",NA,NA,NA,NA,NA,"",NA,NA,NA,NA,"",NA,NA,NA,NA,"","",NA,NA,NA,NA,NA,"",NA,NA,NA,NA,NA,NA,NA
"","",NA,"","","","","","","",NA,"","","","","","","",NA,"","","","","","","",NA,"","","","","",974381,1,"2024-02-08_14h44.32.787","experiment","2023.2.3","Win32",59.52380952,"6101ab943961ab6022c9d969","65c4d99ac54131abf9bf5100","65c4e8ab5500ab66e682f6ed","",NA,NA,"",NA,NA,"",NA,NA,"",NA,NA,"",NA,NA,"",NA,NA,NA,NA,"","",NA,NA,NA,"",NA,NA,"","","",NA,NA,"","",NA,NA,NA,NA,"","","",NA,NA,NA,NA,NA,NA,1,NA,NA,"",NA,NA,"",NA,NA,"",NA,NA,"k",0.5045,NA,"space",0.4057,NA,1,"green_gnome",1,7,"bright_forest","yellow_basket","purple_gnome",1,8,"dark_forest","red_basket",8,0,0,1,"purple_gnome","dark_forest","red_basket",741,-1,0,81,0,162,0,1,"",NA,NA,"",NA,NA,"",NA,NA,NA,NA,NA,NA,"","",NA,NA,"",NA,NA,"",NA,NA,"",NA,NA,NA,NA,NA,NA,"",NA,NA,"","",NA,NA,NA,NA,NA,NA,NA,"",NA,NA,NA,NA,NA,NA,"",NA,NA,"","","",NA,NA,NA,NA,NA,NA,NA,"",NA,NA,NA,NA,"",NA,NA,NA,NA,"","","","",NA,NA,NA,NA,NA,"",NA,NA,NA,NA,"",NA,NA,NA,NA,"","",NA,NA,NA,NA,NA,"",NA,NA,NA,NA,NA,NA,NA
"","",NA,"","","","","","","",NA,"","","","","","","",NA,"","","","","","","",NA,"","","","","",974381,1,"2024-02-08_14h44.32.787","experiment","2023.2.3","Win32",59.52380952,"6101ab943961ab6022c9d969","65c4d99ac54131abf9bf5100","65c4e8ab5500ab66e682f6ed","",NA,NA,"",NA,NA,"",NA,NA,"",NA,NA,"",NA,NA,"",NA,NA,NA,NA,"","",NA,NA,NA,"",NA,NA,"","","",NA,NA,"","",NA,NA,NA,NA,"","","",NA,NA,NA,NA,NA,NA,2,NA,NA,"",NA,NA,"",NA,NA,"",NA,NA,"s",0.4553,NA,"space",0.4108,NA,2,"brown_gnomes",2,6,"bright_forest","yellow_basket","red_gnome",2,8,"dark_forest","red_basket",6,0,0,1,"brown_gnomes","bright_forest","yellow_basket",747,-1,-1,81,1,163,1,1,"",NA,NA,"",NA,NA,"",NA,NA,NA,NA,NA,NA,"","",NA,NA,"",NA,NA,"",NA,NA,"",NA,NA,NA,NA,NA,NA,"",NA,NA,"","",NA,NA,NA,NA,NA,NA,NA,"",NA,NA,NA,NA,NA,NA,"",NA,NA,"","","",NA,NA,NA,NA,NA,NA,NA,"",NA,NA,NA,NA,"",NA,NA,NA,NA,"","","","",NA,NA,NA,NA,NA,"",NA,NA,NA,NA,"",NA,NA,NA,NA,"","",NA,NA,NA,NA,NA,"",NA,NA,NA,NA,NA,NA,NA
"","",NA,"","","","","","","",NA,"","","","","","","",NA,"","","","","","","",NA,"","","","","",974381,1,"2024-02-08_14h44.32.787","experiment","2023.2.3","Win32",59.52380952,"6101ab943961ab6022c9d969","65c4d99ac54131abf9bf5100","65c4e8ab5500ab66e682f6ed","",NA,NA,"",NA,NA,"",NA,NA,"",NA,NA,"",NA,NA,"",NA,NA,NA,NA,"","",NA,NA,NA,"",NA,NA,"","","",NA,NA,"","",NA,NA,NA,NA,"","","",NA,NA,NA,NA,NA,NA,1,NA,NA,"",NA,NA,"",NA,NA,"",NA,NA,"s",0.4268,NA,"space",0.4988,NA,1,"purple_gnome",1,7,"dark_forest","red_basket","green_gnome",1,5,"bright_forest","yellow_basket",7,0,0,1,"purple_gnome","dark_forest","red_basket",754,3,-2,82,0,164,0,1,"",NA,NA,"",NA,NA,"",NA,NA,NA,NA,NA,NA,"","",NA,NA,"",NA,NA,"",NA,NA,"",NA,NA,NA,NA,NA,NA,"",NA,NA,"","",NA,NA,NA,NA,NA,NA,NA,"",NA,NA,NA,NA,NA,NA,"",NA,NA,"","","",NA,NA,NA,NA,NA,NA,NA,"",NA,NA,NA,NA,"",NA,NA,NA,NA,"","","","",NA,NA,NA,NA,NA,"",NA,NA,NA,NA,"",NA,NA,NA,NA,"","",NA,NA,NA,NA,NA,"",NA,NA,NA,NA,NA,NA,NA
"","",NA,"","","","","","","",NA,"","","","","","","",NA,"","","","","","","",NA,"","","","","",974381,1,"2024-02-08_14h44.32.787","experiment","2023.2.3","Win32",59.52380952,"6101ab943961ab6022c9d969","65c4d99ac54131abf9bf5100","65c4e8ab5500ab66e682f6ed","",NA,NA,"",NA,NA,"",NA,NA,"",NA,NA,"",NA,NA,"",NA,NA,NA,NA,"","",NA,NA,NA,"",NA,NA,"","","",NA,NA,"","",NA,NA,NA,NA,"","","",NA,NA,NA,NA,NA,NA,2,NA,NA,"",NA,NA,"",NA,NA,"",NA,NA,"k",0.3713,NA,"space",0.2829,NA,2,"red_gnome",2,5,"dark_forest","red_basket","brown_gnomes",2,8,"bright_forest","yellow_basket",8,0,0,1,"brown_gnomes","bright_forest","yellow_basket",762,0,1,82,1,165,1,1,"",NA,NA,"",NA,NA,"",NA,NA,NA,NA,NA,NA,"","",NA,NA,"",NA,NA,"",NA,NA,"",NA,NA,NA,NA,NA,NA,"",NA,NA,"","",NA,NA,NA,NA,NA,NA,NA,"",NA,NA,NA,NA,NA,NA,"",NA,NA,"","","",NA,NA,NA,NA,NA,NA,NA,"",NA,NA,NA,NA,"",NA,NA,NA,NA,"","","","",NA,NA,NA,NA,NA,"",NA,NA,NA,NA,"",NA,NA,NA,NA,"","",NA,NA,NA,NA,NA,"",NA,NA,NA,NA,NA,NA,NA
"","",NA,"","","","","","","",NA,"","","","","","","",NA,"","","","","","","",NA,"","","","","",974381,1,"2024-02-08_14h44.32.787","experiment","2023.2.3","Win32",59.52380952,"6101ab943961ab6022c9d969","65c4d99ac54131abf9bf5100","65c4e8ab5500ab66e682f6ed","",NA,NA,"",NA,NA,"",NA,NA,"",NA,NA,"",NA,NA,"",NA,NA,NA,NA,"","",NA,NA,NA,"",NA,NA,"","","",NA,NA,"","",NA,NA,NA,NA,"","","",NA,NA,NA,NA,NA,NA,1,NA,NA,"",NA,NA,"",NA,NA,"",NA,NA,"k",0.4726,NA,"space",0.3785,NA,1,"green_gnome",1,8,"bright_forest","yellow_basket","purple_gnome",1,6,"dark_forest","red_basket",6,0,0,1,"purple_gnome","dark_forest","red_basket",768,0,-2,83,0,166,0,1,"",NA,NA,"",NA,NA,"",NA,NA,NA,NA,NA,NA,"","",NA,NA,"",NA,NA,"",NA,NA,"",NA,NA,NA,NA,NA,NA,"",NA,NA,"","",NA,NA,NA,NA,NA,NA,NA,"",NA,NA,NA,NA,NA,NA,"",NA,NA,"","","",NA,NA,NA,NA,NA,NA,NA,"",NA,NA,NA,NA,"",NA,NA,NA,NA,"","","","",NA,NA,NA,NA,NA,"",NA,NA,NA,NA,"",NA,NA,NA,NA,"","",NA,NA,NA,NA,NA,"",NA,NA,NA,NA,NA,NA,NA
"","",NA,"","","","","","","",NA,"","","","","","","",NA,"","","","","","","",NA,"","","","","",974381,1,"2024-02-08_14h44.32.787","experiment","2023.2.3","Win32",59.52380952,"6101ab943961ab6022c9d969","65c4d99ac54131abf9bf5100","65c4e8ab5500ab66e682f6ed","",NA,NA,"",NA,NA,"",NA,NA,"",NA,NA,"",NA,NA,"",NA,NA,NA,NA,"","",NA,NA,NA,"",NA,NA,"","","",NA,NA,"","",NA,NA,NA,NA,"","","",NA,NA,NA,NA,NA,NA,2,NA,NA,"",NA,NA,"",NA,NA,"",NA,NA,"s",0.5057,NA,"space",0.312,NA,2,"brown_gnomes",2,8,"bright_forest","yellow_basket","red_gnome",2,4,"dark_forest","red_basket",8,0,0,1,"brown_gnomes","bright_forest","yellow_basket",776,1,1,83,1,167,1,1,"",NA,NA,"",NA,NA,"",NA,NA,NA,NA,NA,NA,"","",NA,NA,"",NA,NA,"",NA,NA,"",NA,NA,NA,NA,NA,NA,"",NA,NA,"","",NA,NA,NA,NA,NA,NA,NA,"",NA,NA,NA,NA,NA,NA,"",NA,NA,"","","",NA,NA,NA,NA,NA,NA,NA,"",NA,NA,NA,NA,"",NA,NA,NA,NA,"","","","",NA,NA,NA,NA,NA,"",NA,NA,NA,NA,"",NA,NA,NA,NA,"","",NA,NA,NA,NA,NA,"",NA,NA,NA,NA,NA,NA,NA
"","",NA,"","","","","","","",NA,"","","","","","","",NA,"","","","","","","",NA,"","","","","",974381,1,"2024-02-08_14h44.32.787","experiment","2023.2.3","Win32",59.52380952,"6101ab943961ab6022c9d969","65c4d99ac54131abf9bf5100","65c4e8ab5500ab66e682f6ed","",NA,NA,"",NA,NA,"",NA,NA,"",NA,NA,"",NA,NA,"",NA,NA,NA,NA,"","",NA,NA,NA,"",NA,NA,"","","",NA,NA,"","",NA,NA,NA,NA,"","","",NA,NA,NA,NA,NA,NA,2,NA,NA,"",NA,NA,"",NA,NA,"",NA,NA,"s",0.4055,NA,"space",0.4502,NA,2,"brown_gnomes",2,9,"bright_forest","yellow_basket","red_gnome",2,5,"dark_forest","red_basket",9,0,0,1,"brown_gnomes","bright_forest","yellow_basket",785,-1,1,84,0,168,1,1,"",NA,NA,"",NA,NA,"",NA,NA,NA,NA,NA,NA,"","",NA,NA,"",NA,NA,"",NA,NA,"",NA,NA,NA,NA,NA,NA,"",NA,NA,"","",NA,NA,NA,NA,NA,NA,NA,"",NA,NA,NA,NA,NA,NA,"",NA,NA,"","","",NA,NA,NA,NA,NA,NA,NA,"",NA,NA,NA,NA,"",NA,NA,NA,NA,"","","","",NA,NA,NA,NA,NA,"",NA,NA,NA,NA,"",NA,NA,NA,NA,"","",NA,NA,NA,NA,NA,"",NA,NA,NA,NA,NA,NA,NA
"","",NA,"","","","","","","",NA,"","","","","","","",NA,"","","","","","","",NA,"","","","","",974381,1,"2024-02-08_14h44.32.787","experiment","2023.2.3","Win32",59.52380952,"6101ab943961ab6022c9d969","65c4d99ac54131abf9bf5100","65c4e8ab5500ab66e682f6ed","",NA,NA,"",NA,NA,"",NA,NA,"",NA,NA,"",NA,NA,"",NA,NA,NA,NA,"","",NA,NA,NA,"",NA,NA,"","","",NA,NA,"","",NA,NA,NA,NA,"","","",NA,NA,NA,NA,NA,NA,2,NA,NA,"",NA,NA,"",NA,NA,"",NA,NA,"k",0.4392,NA,"space",0.3685,NA,2,"red_gnome",2,6,"dark_forest","red_basket","brown_gnomes",2,8,"bright_forest","yellow_basket",8,0,0,1,"brown_gnomes","bright_forest","yellow_basket",793,0,-2,84,1,169,1,1,"",NA,NA,"",NA,NA,"",NA,NA,NA,NA,NA,NA,"","",NA,NA,"",NA,NA,"",NA,NA,"",NA,NA,NA,NA,NA,NA,"",NA,NA,"","",NA,NA,NA,NA,NA,NA,NA,"",NA,NA,NA,NA,NA,NA,"",NA,NA,"","","",NA,NA,NA,NA,NA,NA,NA,"",NA,NA,NA,NA,"",NA,NA,NA,NA,"","","","",NA,NA,NA,NA,NA,"",NA,NA,NA,NA,"",NA,NA,NA,NA,"","",NA,NA,NA,NA,NA,"",NA,NA,NA,NA,NA,NA,NA
"","",NA,"","","","","","","",NA,"","","","","","","",NA,"","","","","","","",NA,"","","","","",974381,1,"2024-02-08_14h44.32.787","experiment","2023.2.3","Win32",59.52380952,"6101ab943961ab6022c9d969","65c4d99ac54131abf9bf5100","65c4e8ab5500ab66e682f6ed","",NA,NA,"",NA,NA,"",NA,NA,"",NA,NA,"",NA,NA,"",NA,NA,NA,NA,"","",NA,NA,NA,"",NA,NA,"","","",NA,NA,"","",NA,NA,NA,NA,"","","",NA,NA,NA,NA,NA,NA,2,NA,NA,"",NA,NA,"",NA,NA,"",NA,NA,"k",0.4579,NA,"space",0.318,NA,2,"red_gnome",2,4,"dark_forest","red_basket","brown_gnomes",2,8,"bright_forest","yellow_basket",8,0,0,1,"brown_gnomes","bright_forest","yellow_basket",801,0,-1,85,0,170,1,1,"",NA,NA,"",NA,NA,"",NA,NA,NA,NA,NA,NA,"","",NA,NA,"",NA,NA,"",NA,NA,"",NA,NA,NA,NA,NA,NA,"",NA,NA,"","",NA,NA,NA,NA,NA,NA,NA,"",NA,NA,NA,NA,NA,NA,"",NA,NA,"","","",NA,NA,NA,NA,NA,NA,NA,"",NA,NA,NA,NA,"",NA,NA,NA,NA,"","","","",NA,NA,NA,NA,NA,"",NA,NA,NA,NA,"",NA,NA,NA,NA,"","",NA,NA,NA,NA,NA,"",NA,NA,NA,NA,NA,NA,NA
"","",NA,"","","","","","","",NA,"","","","","","","",NA,"","","","","","","",NA,"","","","","",974381,1,"2024-02-08_14h44.32.787","experiment","2023.2.3","Win32",59.52380952,"6101ab943961ab6022c9d969","65c4d99ac54131abf9bf5100","65c4e8ab5500ab66e682f6ed","",NA,NA,"",NA,NA,"",NA,NA,"",NA,NA,"",NA,NA,"",NA,NA,NA,NA,"","",NA,NA,NA,"",NA,NA,"","","",NA,NA,"","",NA,NA,NA,NA,"","","",NA,NA,NA,NA,NA,NA,1,NA,NA,"",NA,NA,"",NA,NA,"",NA,NA,"s",0.4557,NA,"space",0.4968,NA,1,"purple_gnome",1,3,"dark_forest","red_basket","green_gnome",1,8,"bright_forest","yellow_basket",3,0,0,1,"purple_gnome","dark_forest","red_basket",804,-3,0,85,1,171,0,1,"",NA,NA,"",NA,NA,"",NA,NA,NA,NA,NA,NA,"","",NA,NA,"",NA,NA,"",NA,NA,"",NA,NA,NA,NA,NA,NA,"",NA,NA,"","",NA,NA,NA,NA,NA,NA,NA,"",NA,NA,NA,NA,NA,NA,"",NA,NA,"","","",NA,NA,NA,NA,NA,NA,NA,"",NA,NA,NA,NA,"",NA,NA,NA,NA,"","","","",NA,NA,NA,NA,NA,"",NA,NA,NA,NA,"",NA,NA,NA,NA,"","",NA,NA,NA,NA,NA,"",NA,NA,NA,NA,NA,NA,NA
"","",NA,"","","","","","","",NA,"","","","","","","",NA,"","","","","","","",NA,"","","","","",974381,1,"2024-02-08_14h44.32.787","experiment","2023.2.3","Win32",59.52380952,"6101ab943961ab6022c9d969","65c4d99ac54131abf9bf5100","65c4e8ab5500ab66e682f6ed","",NA,NA,"",NA,NA,"",NA,NA,"",NA,NA,"",NA,NA,"",NA,NA,NA,NA,"","",NA,NA,NA,"",NA,NA,"","","",NA,NA,"","",NA,NA,NA,NA,"","","",NA,NA,NA,NA,NA,NA,1,NA,NA,"",NA,NA,"",NA,NA,"",NA,NA,"s",0.4226,NA,"space",0.4689,NA,1,"purple_gnome",1,3,"dark_forest","red_basket","green_gnome",1,5,"bright_forest","yellow_basket",3,0,0,1,"purple_gnome","dark_forest","red_basket",807,0,0,86,0,172,0,1,"",NA,NA,"",NA,NA,"",NA,NA,NA,NA,NA,NA,"","",NA,NA,"",NA,NA,"",NA,NA,"",NA,NA,NA,NA,NA,NA,"",NA,NA,"","",NA,NA,NA,NA,NA,NA,NA,"",NA,NA,NA,NA,NA,NA,"",NA,NA,"","","",NA,NA,NA,NA,NA,NA,NA,"",NA,NA,NA,NA,"",NA,NA,NA,NA,"","","","",NA,NA,NA,NA,NA,"",NA,NA,NA,NA,"",NA,NA,NA,NA,"","",NA,NA,NA,NA,NA,"",NA,NA,NA,NA,NA,NA,NA
"","",NA,"","","","","","","",NA,"","","","","","","",NA,"","","","","","","",NA,"","","","","",974381,1,"2024-02-08_14h44.32.787","experiment","2023.2.3","Win32",59.52380952,"6101ab943961ab6022c9d969","65c4d99ac54131abf9bf5100","65c4e8ab5500ab66e682f6ed","",NA,NA,"",NA,NA,"",NA,NA,"",NA,NA,"",NA,NA,"",NA,NA,NA,NA,"","",NA,NA,NA,"",NA,NA,"","","",NA,NA,"","",NA,NA,NA,NA,"","","",NA,NA,NA,NA,NA,NA,2,NA,NA,"",NA,NA,"",NA,NA,"",NA,NA,"s",0.5406,NA,"space",0.6807,NA,2,"brown_gnomes",2,5,"bright_forest","yellow_basket","red_gnome",2,3,"dark_forest","red_basket",5,0,0,1,"brown_gnomes","bright_forest","yellow_basket",812,-3,-2,86,1,173,1,1,"",NA,NA,"",NA,NA,"",NA,NA,NA,NA,NA,NA,"","",NA,NA,"",NA,NA,"",NA,NA,"",NA,NA,NA,NA,NA,NA,"",NA,NA,"","",NA,NA,NA,NA,NA,NA,NA,"",NA,NA,NA,NA,NA,NA,"",NA,NA,"","","",NA,NA,NA,NA,NA,NA,NA,"",NA,NA,NA,NA,"",NA,NA,NA,NA,"","","","",NA,NA,NA,NA,NA,"",NA,NA,NA,NA,"",NA,NA,NA,NA,"","",NA,NA,NA,NA,NA,"",NA,NA,NA,NA,NA,NA,NA
"","",NA,"","","","","","","",NA,"","","","","","","",NA,"","","","","","","",NA,"","","","","",974381,1,"2024-02-08_14h44.32.787","experiment","2023.2.3","Win32",59.52380952,"6101ab943961ab6022c9d969","65c4d99ac54131abf9bf5100","65c4e8ab5500ab66e682f6ed","",NA,NA,"",NA,NA,"",NA,NA,"",NA,NA,"",NA,NA,"",NA,NA,NA,NA,"","",NA,NA,NA,"",NA,NA,"","","",NA,NA,"","",NA,NA,NA,NA,"","","",NA,NA,NA,NA,NA,NA,2,NA,NA,"",NA,NA,"",NA,NA,"",NA,NA,"s",0.865,NA,"space",0.4157,NA,2,"brown_gnomes",2,2,"bright_forest","yellow_basket","red_gnome",2,1,"dark_forest","red_basket",2,0,0,1,"brown_gnomes","bright_forest","yellow_basket",814,-2,0,87,0,174,1,1,"",NA,NA,"",NA,NA,"",NA,NA,NA,NA,NA,NA,"","",NA,NA,"",NA,NA,"",NA,NA,"",NA,NA,NA,NA,NA,NA,"",NA,NA,"","",NA,NA,NA,NA,NA,NA,NA,"",NA,NA,NA,NA,NA,NA,"",NA,NA,"","","",NA,NA,NA,NA,NA,NA,NA,"",NA,NA,NA,NA,"",NA,NA,NA,NA,"","","","",NA,NA,NA,NA,NA,"",NA,NA,NA,NA,"",NA,NA,NA,NA,"","",NA,NA,NA,NA,NA,"",NA,NA,NA,NA,NA,NA,NA
"","",NA,"","","","","","","",NA,"","","","","","","",NA,"","","","","","","",NA,"","","","","",974381,1,"2024-02-08_14h44.32.787","experiment","2023.2.3","Win32",59.52380952,"6101ab943961ab6022c9d969","65c4d99ac54131abf9bf5100","65c4e8ab5500ab66e682f6ed","",NA,NA,"",NA,NA,"",NA,NA,"",NA,NA,"",NA,NA,"",NA,NA,NA,NA,"","",NA,NA,NA,"",NA,NA,"","","",NA,NA,"","",NA,NA,NA,NA,"","","",NA,NA,NA,NA,NA,NA,2,NA,NA,"",NA,NA,"",NA,NA,"",NA,NA,"s",0.4218,NA,"space",0.5667,NA,2,"brown_gnomes",2,0,"bright_forest","yellow_basket","red_gnome",2,1,"dark_forest","red_basket",0,0,0,1,"brown_gnomes","bright_forest","yellow_basket",814,2,1,87,1,175,1,1,"",NA,NA,"",NA,NA,"",NA,NA,NA,NA,NA,NA,"","",NA,NA,"",NA,NA,"",NA,NA,"",NA,NA,NA,NA,NA,NA,"",NA,NA,"","",NA,NA,NA,NA,NA,NA,NA,"",NA,NA,NA,NA,NA,NA,"",NA,NA,"","","",NA,NA,NA,NA,NA,NA,NA,"",NA,NA,NA,NA,"",NA,NA,NA,NA,"","","","",NA,NA,NA,NA,NA,"",NA,NA,NA,NA,"",NA,NA,NA,NA,"","",NA,NA,NA,NA,NA,"",NA,NA,NA,NA,NA,NA,NA
"","",NA,"","","","","","","",NA,"","","","","","","",NA,"","","","","","","",NA,"","","","","",974381,1,"2024-02-08_14h44.32.787","experiment","2023.2.3","Win32",59.52380952,"6101ab943961ab6022c9d969","65c4d99ac54131abf9bf5100","65c4e8ab5500ab66e682f6ed","",NA,NA,"",NA,NA,"",NA,NA,"",NA,NA,"",NA,NA,"",NA,NA,NA,NA,"","",NA,NA,NA,"",NA,NA,"","","",NA,NA,"","",NA,NA,NA,NA,"","","",NA,NA,NA,NA,NA,NA,1,NA,NA,"",NA,NA,"",NA,NA,"",NA,NA,"s",0.4057,NA,"space",0.4601,NA,1,"purple_gnome",1,2,"dark_forest","red_basket","green_gnome",1,2,"bright_forest","yellow_basket",2,0,0,1,"purple_gnome","dark_forest","red_basket",816,-1,-2,88,0,176,0,1,"",NA,NA,"",NA,NA,"",NA,NA,NA,NA,NA,NA,"","",NA,NA,"",NA,NA,"",NA,NA,"",NA,NA,NA,NA,NA,NA,"",NA,NA,"","",NA,NA,NA,NA,NA,NA,NA,"",NA,NA,NA,NA,NA,NA,"",NA,NA,"","","",NA,NA,NA,NA,NA,NA,NA,"",NA,NA,NA,NA,"",NA,NA,NA,NA,"","","","",NA,NA,NA,NA,NA,"",NA,NA,NA,NA,"",NA,NA,NA,NA,"","",NA,NA,NA,NA,NA,"",NA,NA,NA,NA,NA,NA,NA
"","",NA,"","","","","","","",NA,"","","","","","","",NA,"","","","","","","",NA,"","","","","",974381,1,"2024-02-08_14h44.32.787","experiment","2023.2.3","Win32",59.52380952,"6101ab943961ab6022c9d969","65c4d99ac54131abf9bf5100","65c4e8ab5500ab66e682f6ed","",NA,NA,"",NA,NA,"",NA,NA,"",NA,NA,"",NA,NA,"",NA,NA,NA,NA,"","",NA,NA,NA,"",NA,NA,"","","",NA,NA,"","",NA,NA,NA,NA,"","","",NA,NA,NA,NA,NA,NA,1,NA,NA,"",NA,NA,"",NA,NA,"",NA,NA,"k",0.4436,NA,"space",0.401,NA,1,"green_gnome",1,1,"bright_forest","yellow_basket","purple_gnome",1,0,"dark_forest","red_basket",0,0,0,1,"purple_gnome","dark_forest","red_basket",816,0,1,88,1,177,0,1,"",NA,NA,"",NA,NA,"",NA,NA,NA,NA,NA,NA,"","",NA,NA,"",NA,NA,"",NA,NA,"",NA,NA,NA,NA,NA,NA,"",NA,NA,"","",NA,NA,NA,NA,NA,NA,NA,"",NA,NA,NA,NA,NA,NA,"",NA,NA,"","","",NA,NA,NA,NA,NA,NA,NA,"",NA,NA,NA,NA,"",NA,NA,NA,NA,"","","","",NA,NA,NA,NA,NA,"",NA,NA,NA,NA,"",NA,NA,NA,NA,"","",NA,NA,NA,NA,NA,"",NA,NA,NA,NA,NA,NA,NA
"","",NA,"","","","","","","",NA,"","","","","","","",NA,"","","","","","","",NA,"","","","","",974381,1,"2024-02-08_14h44.32.787","experiment","2023.2.3","Win32",59.52380952,"6101ab943961ab6022c9d969","65c4d99ac54131abf9bf5100","65c4e8ab5500ab66e682f6ed","",NA,NA,"",NA,NA,"",NA,NA,"",NA,NA,"",NA,NA,"",NA,NA,NA,NA,"","",NA,NA,NA,"",NA,NA,"","","",NA,NA,"","",NA,NA,NA,NA,"","","",NA,NA,NA,NA,NA,NA,2,NA,NA,"",NA,NA,"",NA,NA,"",NA,NA,"k",0.3413,NA,"space",0.8827,NA,2,"red_gnome",2,1,"dark_forest","red_basket","brown_gnomes",2,1,"bright_forest","yellow_basket",1,0,0,1,"brown_gnomes","bright_forest","yellow_basket",817,0,1,89,0,178,1,1,"",NA,NA,"",NA,NA,"",NA,NA,NA,NA,NA,NA,"","",NA,NA,"",NA,NA,"",NA,NA,"",NA,NA,NA,NA,NA,NA,"",NA,NA,"","",NA,NA,NA,NA,NA,NA,NA,"",NA,NA,NA,NA,NA,NA,"",NA,NA,"","","",NA,NA,NA,NA,NA,NA,NA,"",NA,NA,NA,NA,"",NA,NA,NA,NA,"","","","",NA,NA,NA,NA,NA,"",NA,NA,NA,NA,"",NA,NA,NA,NA,"","",NA,NA,NA,NA,NA,"",NA,NA,NA,NA,NA,NA,NA
"","",NA,"","","","","","","",NA,"","","","","","","",NA,"","","","","","","",NA,"","","","","",974381,1,"2024-02-08_14h44.32.787","experiment","2023.2.3","Win32",59.52380952,"6101ab943961ab6022c9d969","65c4d99ac54131abf9bf5100","65c4e8ab5500ab66e682f6ed","",NA,NA,"",NA,NA,"",NA,NA,"",NA,NA,"",NA,NA,"",NA,NA,NA,NA,"","",NA,NA,NA,"",NA,NA,"","","",NA,NA,"","",NA,NA,NA,NA,"","","",NA,NA,NA,NA,NA,NA,2,NA,NA,"",NA,NA,"",NA,NA,"",NA,NA,"k",0.3868,NA,"space",0.8973,NA,2,"red_gnome",2,2,"dark_forest","red_basket","brown_gnomes",2,1,"bright_forest","yellow_basket",1,0,0,1,"brown_gnomes","bright_forest","yellow_basket",818,0,1,89,1,179,1,1,"",NA,NA,"",NA,NA,"",NA,NA,NA,NA,NA,NA,"","",NA,NA,"",NA,NA,"",NA,NA,"",NA,NA,NA,NA,NA,NA,"",NA,NA,"","",NA,NA,NA,NA,NA,NA,NA,"",NA,NA,NA,NA,NA,NA,"",NA,NA,"","","",NA,NA,NA,NA,NA,NA,NA,"",NA,NA,NA,NA,"",NA,NA,NA,NA,"","","","",NA,NA,NA,NA,NA,"",NA,NA,NA,NA,"",NA,NA,NA,NA,"","",NA,NA,NA,NA,NA,"",NA,NA,NA,NA,NA,NA,NA
"","",NA,"","","","","","","",NA,"","","","","","","",NA,"","","","","","","",NA,"","","","","",974381,1,"2024-02-08_14h44.32.787","experiment","2023.2.3","Win32",59.52380952,"6101ab943961ab6022c9d969","65c4d99ac54131abf9bf5100","65c4e8ab5500ab66e682f6ed","",NA,NA,"",NA,NA,"",NA,NA,"",NA,NA,"",NA,NA,"",NA,NA,NA,NA,"","",NA,NA,NA,"",NA,NA,"","","",NA,NA,"","",NA,NA,NA,NA,"","","",NA,NA,NA,NA,NA,NA,2,NA,NA,"",NA,NA,"",NA,NA,"",NA,NA,"k",0.3391,NA,"space",0.3151,NA,2,"brown_gnomes",2,1,"bright_forest","yellow_basket","red_gnome",2,3,"dark_forest","red_basket",3,0,0,1,"red_gnome","dark_forest","red_basket",821,2,1,90,0,180,1,1,"",NA,NA,"",NA,NA,"",NA,NA,NA,NA,NA,NA,"","",NA,NA,"",NA,NA,"",NA,NA,"",NA,NA,NA,NA,NA,NA,"",NA,NA,"","",NA,NA,NA,NA,NA,NA,NA,"",NA,NA,NA,NA,NA,NA,"",NA,NA,"","","",NA,NA,NA,NA,NA,NA,NA,"",NA,NA,NA,NA,"",NA,NA,NA,NA,"","","","",NA,NA,NA,NA,NA,"",NA,NA,NA,NA,"",NA,NA,NA,NA,"","",NA,NA,NA,NA,NA,"",NA,NA,NA,NA,NA,NA,NA
"","",NA,"","","","","","","",NA,"","","","","","","",NA,"","","","","","","",NA,"","","","","",974381,1,"2024-02-08_14h44.32.787","experiment","2023.2.3","Win32",59.52380952,"6101ab943961ab6022c9d969","65c4d99ac54131abf9bf5100","65c4e8ab5500ab66e682f6ed","",NA,NA,"",NA,NA,"",NA,NA,"",NA,NA,"",NA,NA,"",NA,NA,NA,NA,"","",NA,NA,NA,"",NA,NA,"","","",NA,NA,"","",NA,NA,NA,NA,"","","",NA,NA,NA,NA,NA,NA,2,NA,NA,"",NA,NA,"",NA,NA,"",NA,NA,"k",0.4872,NA,"space",0.4062,NA,2,"red_gnome",2,4,"dark_forest","red_basket","brown_gnomes",2,3,"bright_forest","yellow_basket",3,0,0,1,"brown_gnomes","bright_forest","yellow_basket",824,-4,3,90,1,181,1,1,"",NA,NA,"",NA,NA,"",NA,NA,NA,NA,NA,NA,"","",NA,NA,"",NA,NA,"",NA,NA,"",NA,NA,NA,NA,NA,NA,"",NA,NA,"","",NA,NA,NA,NA,NA,NA,NA,"",NA,NA,NA,NA,NA,NA,"",NA,NA,"","","",NA,NA,NA,NA,NA,NA,NA,"",NA,NA,NA,NA,"",NA,NA,NA,NA,"","","","",NA,NA,NA,NA,NA,"",NA,NA,NA,NA,"",NA,NA,NA,NA,"","",NA,NA,NA,NA,NA,"",NA,NA,NA,NA,NA,NA,NA
"","",NA,"","","","","","","",NA,"","","","","","","",NA,"","","","","","","",NA,"","","","","",974381,1,"2024-02-08_14h44.32.787","experiment","2023.2.3","Win32",59.52380952,"6101ab943961ab6022c9d969","65c4d99ac54131abf9bf5100","65c4e8ab5500ab66e682f6ed","",NA,NA,"",NA,NA,"",NA,NA,"",NA,NA,"",NA,NA,"",NA,NA,NA,NA,"","",NA,NA,NA,"",NA,NA,"","","",NA,NA,"","",NA,NA,NA,NA,"","","",NA,NA,NA,NA,NA,NA,2,NA,NA,"",NA,NA,"",NA,NA,"",NA,NA,"k",0.4076,NA,"space",0.4016,NA,2,"red_gnome",2,7,"dark_forest","red_basket","brown_gnomes",2,1,"bright_forest","yellow_basket",1,0,0,1,"brown_gnomes","bright_forest","yellow_basket",825,-2,1,91,0,182,1,1,"",NA,NA,"",NA,NA,"",NA,NA,NA,NA,NA,NA,"","",NA,NA,"",NA,NA,"",NA,NA,"",NA,NA,NA,NA,NA,NA,"",NA,NA,"","",NA,NA,NA,NA,NA,NA,NA,"",NA,NA,NA,NA,NA,NA,"",NA,NA,"","","",NA,NA,NA,NA,NA,NA,NA,"",NA,NA,NA,NA,"",NA,NA,NA,NA,"","","","",NA,NA,NA,NA,NA,"",NA,NA,NA,NA,"",NA,NA,NA,NA,"","",NA,NA,NA,NA,NA,"",NA,NA,NA,NA,NA,NA,NA
"","",NA,"","","","","","","",NA,"","","","","","","",NA,"","","","","","","",NA,"","","","","",974381,1,"2024-02-08_14h44.32.787","experiment","2023.2.3","Win32",59.52380952,"6101ab943961ab6022c9d969","65c4d99ac54131abf9bf5100","65c4e8ab5500ab66e682f6ed","",NA,NA,"",NA,NA,"",NA,NA,"",NA,NA,"",NA,NA,"",NA,NA,NA,NA,"","",NA,NA,NA,"",NA,NA,"","","",NA,NA,"","",NA,NA,NA,NA,"","","",NA,NA,NA,NA,NA,NA,1,NA,NA,"",NA,NA,"",NA,NA,"",NA,NA,"k",0.4814,NA,"space",0.4349,NA,1,"green_gnome",1,1,"bright_forest","yellow_basket","purple_gnome",1,8,"dark_forest","red_basket",8,0,0,1,"purple_gnome","dark_forest","red_basket",833,-1,-1,91,1,183,0,1,"",NA,NA,"",NA,NA,"",NA,NA,NA,NA,NA,NA,"","",NA,NA,"",NA,NA,"",NA,NA,"",NA,NA,NA,NA,NA,NA,"",NA,NA,"","",NA,NA,NA,NA,NA,NA,NA,"",NA,NA,NA,NA,NA,NA,"",NA,NA,"","","",NA,NA,NA,NA,NA,NA,NA,"",NA,NA,NA,NA,"",NA,NA,NA,NA,"","","","",NA,NA,NA,NA,NA,"",NA,NA,NA,NA,"",NA,NA,NA,NA,"","",NA,NA,NA,NA,NA,"",NA,NA,NA,NA,NA,NA,NA
"","",NA,"","","","","","","",NA,"","","","","","","",NA,"","","","","","","",NA,"","","","","",974381,1,"2024-02-08_14h44.32.787","experiment","2023.2.3","Win32",59.52380952,"6101ab943961ab6022c9d969","65c4d99ac54131abf9bf5100","65c4e8ab5500ab66e682f6ed","",NA,NA,"",NA,NA,"",NA,NA,"",NA,NA,"",NA,NA,"",NA,NA,NA,NA,"","",NA,NA,NA,"",NA,NA,"","","",NA,NA,"","",NA,NA,NA,NA,"","","",NA,NA,NA,NA,NA,NA,1,NA,NA,"",NA,NA,"",NA,NA,"",NA,NA,"k",0.4238,NA,"space",0.3205,NA,1,"green_gnome",1,0,"bright_forest","yellow_basket","purple_gnome",1,7,"dark_forest","red_basket",7,0,0,1,"purple_gnome","dark_forest","red_basket",840,-2,1,92,0,184,0,1,"",NA,NA,"",NA,NA,"",NA,NA,NA,NA,NA,NA,"","",NA,NA,"",NA,NA,"",NA,NA,"",NA,NA,NA,NA,NA,NA,"",NA,NA,"","",NA,NA,NA,NA,NA,NA,NA,"",NA,NA,NA,NA,NA,NA,"",NA,NA,"","","",NA,NA,NA,NA,NA,NA,NA,"",NA,NA,NA,NA,"",NA,NA,NA,NA,"","","","",NA,NA,NA,NA,NA,"",NA,NA,NA,NA,"",NA,NA,NA,NA,"","",NA,NA,NA,NA,NA,"",NA,NA,NA,NA,NA,NA,NA
"","",NA,"","","","","","","",NA,"","","","","","","",NA,"","","","","","","",NA,"","","","","",974381,1,"2024-02-08_14h44.32.787","experiment","2023.2.3","Win32",59.52380952,"6101ab943961ab6022c9d969","65c4d99ac54131abf9bf5100","65c4e8ab5500ab66e682f6ed","",NA,NA,"",NA,NA,"",NA,NA,"",NA,NA,"",NA,NA,"",NA,NA,NA,NA,"","",NA,NA,NA,"",NA,NA,"","","",NA,NA,"","",NA,NA,NA,NA,"","","",NA,NA,NA,NA,NA,NA,2,NA,NA,"",NA,NA,"",NA,NA,"",NA,NA,"s",0.4068,NA,"space",0.483,NA,2,"brown_gnomes",2,2,"bright_forest","yellow_basket","red_gnome",2,8,"dark_forest","red_basket",2,0,0,1,"brown_gnomes","bright_forest","yellow_basket",842,-1,0,92,1,185,1,1,"",NA,NA,"",NA,NA,"",NA,NA,NA,NA,NA,NA,"","",NA,NA,"",NA,NA,"",NA,NA,"",NA,NA,NA,NA,NA,NA,"",NA,NA,"","",NA,NA,NA,NA,NA,NA,NA,"",NA,NA,NA,NA,NA,NA,"",NA,NA,"","","",NA,NA,NA,NA,NA,NA,NA,"",NA,NA,NA,NA,"",NA,NA,NA,NA,"","","","",NA,NA,NA,NA,NA,"",NA,NA,NA,NA,"",NA,NA,NA,NA,"","",NA,NA,NA,NA,NA,"",NA,NA,NA,NA,NA,NA,NA
"","",NA,"","","","","","","",NA,"","","","","","","",NA,"","","","","","","",NA,"","","","","",974381,1,"2024-02-08_14h44.32.787","experiment","2023.2.3","Win32",59.52380952,"6101ab943961ab6022c9d969","65c4d99ac54131abf9bf5100","65c4e8ab5500ab66e682f6ed","",NA,NA,"",NA,NA,"",NA,NA,"",NA,NA,"",NA,NA,"",NA,NA,NA,NA,"","",NA,NA,NA,"",NA,NA,"","","",NA,NA,"","",NA,NA,NA,NA,"","","",NA,NA,NA,NA,NA,NA,2,NA,NA,"",NA,NA,"",NA,NA,"",NA,NA,"k",0.3328,NA,"space",0.7332,NA,2,"red_gnome",2,8,"dark_forest","red_basket","brown_gnomes",2,1,"bright_forest","yellow_basket",1,0,0,1,"brown_gnomes","bright_forest","yellow_basket",843,0,-1,93,0,186,1,1,"",NA,NA,"",NA,NA,"",NA,NA,NA,NA,NA,NA,"","",NA,NA,"",NA,NA,"",NA,NA,"",NA,NA,NA,NA,NA,NA,"",NA,NA,"","",NA,NA,NA,NA,NA,NA,NA,"",NA,NA,NA,NA,NA,NA,"",NA,NA,"","","",NA,NA,NA,NA,NA,NA,NA,"",NA,NA,NA,NA,"",NA,NA,NA,NA,"","","","",NA,NA,NA,NA,NA,"",NA,NA,NA,NA,"",NA,NA,NA,NA,"","",NA,NA,NA,NA,NA,"",NA,NA,NA,NA,NA,NA,NA
"","",NA,"","","","","","","",NA,"","","","","","","",NA,"","","","","","","",NA,"","","","","",974381,1,"2024-02-08_14h44.32.787","experiment","2023.2.3","Win32",59.52380952,"6101ab943961ab6022c9d969","65c4d99ac54131abf9bf5100","65c4e8ab5500ab66e682f6ed","",NA,NA,"",NA,NA,"",NA,NA,"",NA,NA,"",NA,NA,"",NA,NA,NA,NA,"","",NA,NA,NA,"",NA,NA,"","","",NA,NA,"","",NA,NA,NA,NA,"","","",NA,NA,NA,NA,NA,NA,2,NA,NA,"",NA,NA,"",NA,NA,"",NA,NA,"k",0.3886,NA,"space",0.3075,NA,2,"red_gnome",2,7,"dark_forest","red_basket","brown_gnomes",2,1,"bright_forest","yellow_basket",1,0,0,1,"brown_gnomes","bright_forest","yellow_basket",844,3,2,93,1,187,1,1,"",NA,NA,"",NA,NA,"",NA,NA,NA,NA,NA,NA,"","",NA,NA,"",NA,NA,"",NA,NA,"",NA,NA,NA,NA,NA,NA,"",NA,NA,"","",NA,NA,NA,NA,NA,NA,NA,"",NA,NA,NA,NA,NA,NA,"",NA,NA,"","","",NA,NA,NA,NA,NA,NA,NA,"",NA,NA,NA,NA,"",NA,NA,NA,NA,"","","","",NA,NA,NA,NA,NA,"",NA,NA,NA,NA,"",NA,NA,NA,NA,"","",NA,NA,NA,NA,NA,"",NA,NA,NA,NA,NA,NA,NA
"","",NA,"","","","","","","",NA,"","","","","","","",NA,"","","","","","","",NA,"","","","","",974381,1,"2024-02-08_14h44.32.787","experiment","2023.2.3","Win32",59.52380952,"6101ab943961ab6022c9d969","65c4d99ac54131abf9bf5100","65c4e8ab5500ab66e682f6ed","",NA,NA,"",NA,NA,"",NA,NA,"",NA,NA,"",NA,NA,"",NA,NA,NA,NA,"","",NA,NA,NA,"",NA,NA,"","","",NA,NA,"","",NA,NA,NA,NA,"","","",NA,NA,NA,NA,NA,NA,1,NA,NA,"",NA,NA,"",NA,NA,"",NA,NA,"k",0.4161,NA,"space",0.5174,NA,1,"green_gnome",1,4,"bright_forest","yellow_basket","purple_gnome",1,9,"dark_forest","red_basket",9,0,0,1,"purple_gnome","dark_forest","red_basket",853,-5,1,94,0,188,0,1,"",NA,NA,"",NA,NA,"",NA,NA,NA,NA,NA,NA,"","",NA,NA,"",NA,NA,"",NA,NA,"",NA,NA,NA,NA,NA,NA,"",NA,NA,"","",NA,NA,NA,NA,NA,NA,NA,"",NA,NA,NA,NA,NA,NA,"",NA,NA,"","","",NA,NA,NA,NA,NA,NA,NA,"",NA,NA,NA,NA,"",NA,NA,NA,NA,"","","","",NA,NA,NA,NA,NA,"",NA,NA,NA,NA,"",NA,NA,NA,NA,"","",NA,NA,NA,NA,NA,"",NA,NA,NA,NA,NA,NA,NA
"","",NA,"","","","","","","",NA,"","","","","","","",NA,"","","","","","","",NA,"","","","","",974381,1,"2024-02-08_14h44.32.787","experiment","2023.2.3","Win32",59.52380952,"6101ab943961ab6022c9d969","65c4d99ac54131abf9bf5100","65c4e8ab5500ab66e682f6ed","",NA,NA,"",NA,NA,"",NA,NA,"",NA,NA,"",NA,NA,"",NA,NA,NA,NA,"","",NA,NA,NA,"",NA,NA,"","","",NA,NA,"","",NA,NA,NA,NA,"","","",NA,NA,NA,NA,NA,NA,1,NA,NA,"",NA,NA,"",NA,NA,"",NA,NA,"k",0.3769,NA,"space",0.2925,NA,1,"green_gnome",1,1,"bright_forest","yellow_basket","purple_gnome",1,8,"dark_forest","red_basket",8,0,0,1,"purple_gnome","dark_forest","red_basket",861,-1,-1,94,1,189,0,1,"",NA,NA,"",NA,NA,"",NA,NA,NA,NA,NA,NA,"","",NA,NA,"",NA,NA,"",NA,NA,"",NA,NA,NA,NA,NA,NA,"",NA,NA,"","",NA,NA,NA,NA,NA,NA,NA,"",NA,NA,NA,NA,NA,NA,"",NA,NA,"","","",NA,NA,NA,NA,NA,NA,NA,"",NA,NA,NA,NA,"",NA,NA,NA,NA,"","","","",NA,NA,NA,NA,NA,"",NA,NA,NA,NA,"",NA,NA,NA,NA,"","",NA,NA,NA,NA,NA,"",NA,NA,NA,NA,NA,NA,NA
"","",NA,"","","","","","","",NA,"","","","","","","",NA,"","","","","","","",NA,"","","","","",974381,1,"2024-02-08_14h44.32.787","experiment","2023.2.3","Win32",59.52380952,"6101ab943961ab6022c9d969","65c4d99ac54131abf9bf5100","65c4e8ab5500ab66e682f6ed","",NA,NA,"",NA,NA,"",NA,NA,"",NA,NA,"",NA,NA,"",NA,NA,NA,NA,"","",NA,NA,NA,"",NA,NA,"","","",NA,NA,"","",NA,NA,NA,NA,"","","",NA,NA,NA,NA,NA,NA,2,NA,NA,"",NA,NA,"",NA,NA,"",NA,NA,"k",0.3688,NA,"space",0.3821,NA,2,"red_gnome",2,7,"dark_forest","red_basket","brown_gnomes",2,0,"bright_forest","yellow_basket",0,0,0,1,"brown_gnomes","bright_forest","yellow_basket",861,1,0,95,0,190,1,1,"",NA,NA,"",NA,NA,"",NA,NA,NA,NA,NA,NA,"","",NA,NA,"",NA,NA,"",NA,NA,"",NA,NA,NA,NA,NA,NA,"",NA,NA,"","",NA,NA,NA,NA,NA,NA,NA,"",NA,NA,NA,NA,NA,NA,"",NA,NA,"","","",NA,NA,NA,NA,NA,NA,NA,"",NA,NA,NA,NA,"",NA,NA,NA,NA,"","","","",NA,NA,NA,NA,NA,"",NA,NA,NA,NA,"",NA,NA,NA,NA,"","",NA,NA,NA,NA,NA,"",NA,NA,NA,NA,NA,NA,NA
"","",NA,"","","","","","","",NA,"","","","","","","",NA,"","","","","","","",NA,"","","","","",974381,1,"2024-02-08_14h44.32.787","experiment","2023.2.3","Win32",59.52380952,"6101ab943961ab6022c9d969","65c4d99ac54131abf9bf5100","65c4e8ab5500ab66e682f6ed","",NA,NA,"",NA,NA,"",NA,NA,"",NA,NA,"",NA,NA,"",NA,NA,NA,NA,"","",NA,NA,NA,"",NA,NA,"","","",NA,NA,"","",NA,NA,NA,NA,"","","",NA,NA,NA,NA,NA,NA,1,NA,NA,"",NA,NA,"",NA,NA,"",NA,NA,"s",0.4795,NA,"space",0.2663,NA,1,"purple_gnome",1,7,"dark_forest","red_basket","green_gnome",1,1,"bright_forest","yellow_basket",7,0,0,1,"purple_gnome","dark_forest","red_basket",868,1,0,95,1,191,0,1,"",NA,NA,"",NA,NA,"",NA,NA,NA,NA,NA,NA,"","",NA,NA,"",NA,NA,"",NA,NA,"",NA,NA,NA,NA,NA,NA,"",NA,NA,"","",NA,NA,NA,NA,NA,NA,NA,"",NA,NA,NA,NA,NA,NA,"",NA,NA,"","","",NA,NA,NA,NA,NA,NA,NA,"",NA,NA,NA,NA,"",NA,NA,NA,NA,"","","","",NA,NA,NA,NA,NA,"",NA,NA,NA,NA,"",NA,NA,NA,NA,"","",NA,NA,NA,NA,NA,"",NA,NA,NA,NA,NA,NA,NA
"","",NA,"","","","","","","",NA,"","","","","","","",NA,"","","","","","","",NA,"","","","","",974381,1,"2024-02-08_14h44.32.787","experiment","2023.2.3","Win32",59.52380952,"6101ab943961ab6022c9d969","65c4d99ac54131abf9bf5100","65c4e8ab5500ab66e682f6ed","",NA,NA,"",NA,NA,"",NA,NA,"",NA,NA,"",NA,NA,"",NA,NA,NA,NA,"","",NA,NA,NA,"",NA,NA,"","","",NA,NA,"","",NA,NA,NA,NA,"","","",NA,NA,NA,NA,NA,NA,2,NA,NA,"",NA,NA,"",NA,NA,"",NA,NA,"s",0.4741,NA,"space",0.3159,NA,2,"brown_gnomes",2,2,"bright_forest","yellow_basket","red_gnome",2,7,"dark_forest","red_basket",2,0,0,1,"brown_gnomes","bright_forest","yellow_basket",870,-2,0,96,0,192,1,1,"",NA,NA,"",NA,NA,"",NA,NA,NA,NA,NA,NA,"","",NA,NA,"",NA,NA,"",NA,NA,"",NA,NA,NA,NA,NA,NA,"",NA,NA,"","",NA,NA,NA,NA,NA,NA,NA,"",NA,NA,NA,NA,NA,NA,"",NA,NA,"","","",NA,NA,NA,NA,NA,NA,NA,"",NA,NA,NA,NA,"",NA,NA,NA,NA,"","","","",NA,NA,NA,NA,NA,"",NA,NA,NA,NA,"",NA,NA,NA,NA,"","",NA,NA,NA,NA,NA,"",NA,NA,NA,NA,NA,NA,NA
"","",NA,"","","","","","","",NA,"","","","","","","",NA,"","","","","","","",NA,"","","","","",974381,1,"2024-02-08_14h44.32.787","experiment","2023.2.3","Win32",59.52380952,"6101ab943961ab6022c9d969","65c4d99ac54131abf9bf5100","65c4e8ab5500ab66e682f6ed","",NA,NA,"",NA,NA,"",NA,NA,"",NA,NA,"",NA,NA,"",NA,NA,NA,NA,"","",NA,NA,NA,"",NA,NA,"","","",NA,NA,"","",NA,NA,NA,NA,"","","",NA,NA,NA,NA,NA,NA,2,NA,NA,"",NA,NA,"",NA,NA,"",NA,NA,"k",0.3904,NA,"space",0.4047,NA,2,"red_gnome",2,7,"dark_forest","red_basket","brown_gnomes",2,0,"bright_forest","yellow_basket",0,0,0,1,"brown_gnomes","bright_forest","yellow_basket",870,-1,0,96,1,193,1,1,"",NA,NA,"",NA,NA,"",NA,NA,NA,NA,NA,NA,"","",NA,NA,"",NA,NA,"",NA,NA,"",NA,NA,NA,NA,NA,NA,"",NA,NA,"","",NA,NA,NA,NA,NA,NA,NA,"",NA,NA,NA,NA,NA,NA,"",NA,NA,"","","",NA,NA,NA,NA,NA,NA,NA,"",NA,NA,NA,NA,"",NA,NA,NA,NA,"","","","",NA,NA,NA,NA,NA,"",NA,NA,NA,NA,"",NA,NA,NA,NA,"","",NA,NA,NA,NA,NA,"",NA,NA,NA,NA,NA,NA,NA
"","",NA,"","","","","","","",NA,"","","","","","","",NA,"","","","","","","",NA,"","","","","",974381,1,"2024-02-08_14h44.32.787","experiment","2023.2.3","Win32",59.52380952,"6101ab943961ab6022c9d969","65c4d99ac54131abf9bf5100","65c4e8ab5500ab66e682f6ed","",NA,NA,"",NA,NA,"",NA,NA,"",NA,NA,"",NA,NA,"",NA,NA,NA,NA,"","",NA,NA,NA,"",NA,NA,"","","",NA,NA,"","",NA,NA,NA,NA,"","","",NA,NA,NA,NA,NA,NA,2,NA,NA,"",NA,NA,"",NA,NA,"",NA,NA,"s",0.4701,NA,"space",0.2995,NA,2,"brown_gnomes",2,1,"bright_forest","yellow_basket","red_gnome",2,7,"dark_forest","red_basket",1,0,0,1,"brown_gnomes","bright_forest","yellow_basket",871,0,-4,97,0,194,1,1,"",NA,NA,"",NA,NA,"",NA,NA,NA,NA,NA,NA,"","",NA,NA,"",NA,NA,"",NA,NA,"",NA,NA,NA,NA,NA,NA,"",NA,NA,"","",NA,NA,NA,NA,NA,NA,NA,"",NA,NA,NA,NA,NA,NA,"",NA,NA,"","","",NA,NA,NA,NA,NA,NA,NA,"",NA,NA,NA,NA,"",NA,NA,NA,NA,"","","","",NA,NA,NA,NA,NA,"",NA,NA,NA,NA,"",NA,NA,NA,NA,"","",NA,NA,NA,NA,NA,"",NA,NA,NA,NA,NA,NA,NA
"","",NA,"","","","","","","",NA,"","","","","","","",NA,"","","","","","","",NA,"","","","","",974381,1,"2024-02-08_14h44.32.787","experiment","2023.2.3","Win32",59.52380952,"6101ab943961ab6022c9d969","65c4d99ac54131abf9bf5100","65c4e8ab5500ab66e682f6ed","",NA,NA,"",NA,NA,"",NA,NA,"",NA,NA,"",NA,NA,"",NA,NA,NA,NA,"","",NA,NA,NA,"",NA,NA,"","","",NA,NA,"","",NA,NA,NA,NA,"","","",NA,NA,NA,NA,NA,NA,1,NA,NA,"",NA,NA,"",NA,NA,"",NA,NA,"k",0.4993,NA,"space",0.2823,NA,1,"green_gnome",1,1,"bright_forest","yellow_basket","purple_gnome",1,3,"dark_forest","red_basket",3,0,0,1,"purple_gnome","dark_forest","red_basket",874,0,3,97,1,195,0,1,"",NA,NA,"",NA,NA,"",NA,NA,NA,NA,NA,NA,"","",NA,NA,"",NA,NA,"",NA,NA,"",NA,NA,NA,NA,NA,NA,"",NA,NA,"","",NA,NA,NA,NA,NA,NA,NA,"",NA,NA,NA,NA,NA,NA,"",NA,NA,"","","",NA,NA,NA,NA,NA,NA,NA,"",NA,NA,NA,NA,"",NA,NA,NA,NA,"","","","",NA,NA,NA,NA,NA,"",NA,NA,NA,NA,"",NA,NA,NA,NA,"","",NA,NA,NA,NA,NA,"",NA,NA,NA,NA,NA,NA,NA
"","",NA,"","","","","","","",NA,"","","","","","","",NA,"","","","","","","",NA,"","","","","",974381,1,"2024-02-08_14h44.32.787","experiment","2023.2.3","Win32",59.52380952,"6101ab943961ab6022c9d969","65c4d99ac54131abf9bf5100","65c4e8ab5500ab66e682f6ed","",NA,NA,"",NA,NA,"",NA,NA,"",NA,NA,"",NA,NA,"",NA,NA,NA,NA,"","",NA,NA,NA,"",NA,NA,"","","",NA,NA,"","",NA,NA,NA,NA,"","","",NA,NA,NA,NA,NA,NA,1,NA,NA,"",NA,NA,"",NA,NA,"",NA,NA,"s",0.5263,NA,"space",0.3337,NA,1,"purple_gnome",1,6,"dark_forest","red_basket","green_gnome",1,1,"bright_forest","yellow_basket",6,0,0,1,"purple_gnome","dark_forest","red_basket",880,0,3,98,0,196,0,1,"",NA,NA,"",NA,NA,"",NA,NA,NA,NA,NA,NA,"","",NA,NA,"",NA,NA,"",NA,NA,"",NA,NA,NA,NA,NA,NA,"",NA,NA,"","",NA,NA,NA,NA,NA,NA,NA,"",NA,NA,NA,NA,NA,NA,"",NA,NA,"","","",NA,NA,NA,NA,NA,NA,NA,"",NA,NA,NA,NA,"",NA,NA,NA,NA,"","","","",NA,NA,NA,NA,NA,"",NA,NA,NA,NA,"",NA,NA,NA,NA,"","",NA,NA,NA,NA,NA,"",NA,NA,NA,NA,NA,NA,NA
"","",NA,"","","","","","","",NA,"","","","","","","",NA,"","","","","","","",NA,"","","","","",974381,1,"2024-02-08_14h44.32.787","experiment","2023.2.3","Win32",59.52380952,"6101ab943961ab6022c9d969","65c4d99ac54131abf9bf5100","65c4e8ab5500ab66e682f6ed","",NA,NA,"",NA,NA,"",NA,NA,"",NA,NA,"",NA,NA,"",NA,NA,NA,NA,"","",NA,NA,NA,"",NA,NA,"","","",NA,NA,"","",NA,NA,NA,NA,"","","",NA,NA,NA,NA,NA,NA,2,NA,NA,"",NA,NA,"",NA,NA,"",NA,NA,"k",1.3228,NA,"space",0.0443,NA,2,"red_gnome",2,9,"dark_forest","red_basket","brown_gnomes",2,1,"bright_forest","yellow_basket",1,0,0,1,"brown_gnomes","bright_forest","yellow_basket",881,-1,4,98,1,197,1,1,"",NA,NA,"",NA,NA,"",NA,NA,NA,NA,NA,NA,"","",NA,NA,"",NA,NA,"",NA,NA,"",NA,NA,NA,NA,NA,NA,"",NA,NA,"","",NA,NA,NA,NA,NA,NA,NA,"",NA,NA,NA,NA,NA,NA,"",NA,NA,"","","",NA,NA,NA,NA,NA,NA,NA,"",NA,NA,NA,NA,"",NA,NA,NA,NA,"","","","",NA,NA,NA,NA,NA,"",NA,NA,NA,NA,"",NA,NA,NA,NA,"","",NA,NA,NA,NA,NA,"",NA,NA,NA,NA,NA,NA,NA
"","",NA,"","","","","","","",NA,"","","","","","","",NA,"","","","","","","",NA,"","","","","",974381,1,"2024-02-08_14h44.32.787","experiment","2023.2.3","Win32",59.52380952,"6101ab943961ab6022c9d969","65c4d99ac54131abf9bf5100","65c4e8ab5500ab66e682f6ed","",NA,NA,"",NA,NA,"",NA,NA,"",NA,NA,"",NA,NA,"",NA,NA,NA,NA,"","",NA,NA,NA,"",NA,NA,"","","",NA,NA,"","",NA,NA,NA,NA,"","","",NA,NA,NA,NA,NA,NA,2,NA,NA,"",NA,NA,"",NA,NA,"",NA,NA,"k",0.0706,NA,"space",0.2117,NA,2,"brown_gnomes",2,0,"bright_forest","yellow_basket","red_gnome",2,5,"dark_forest","red_basket",5,0,0,1,"red_gnome","dark_forest","red_basket",886,-1,-1,99,0,198,1,1,"",NA,NA,"",NA,NA,"",NA,NA,NA,NA,NA,NA,"","",NA,NA,"",NA,NA,"",NA,NA,"",NA,NA,NA,NA,NA,NA,"",NA,NA,"","",NA,NA,NA,NA,NA,NA,NA,"",NA,NA,NA,NA,NA,NA,"",NA,NA,"","","",NA,NA,NA,NA,NA,NA,NA,"",NA,NA,NA,NA,"",NA,NA,NA,NA,"","","","",NA,NA,NA,NA,NA,"",NA,NA,NA,NA,"",NA,NA,NA,NA,"","",NA,NA,NA,NA,NA,"",NA,NA,NA,NA,NA,NA,NA
"","",NA,"","","","","","","",NA,"","","","","","","",NA,"","","","","","","",NA,"","","","","",974381,1,"2024-02-08_14h44.32.787","experiment","2023.2.3","Win32",59.52380952,"6101ab943961ab6022c9d969","65c4d99ac54131abf9bf5100","65c4e8ab5500ab66e682f6ed","",NA,NA,"",NA,NA,"",NA,NA,"",NA,NA,"",NA,NA,"",NA,NA,NA,NA,"","",NA,NA,NA,"",NA,NA,"","","",NA,NA,"","",NA,NA,NA,NA,"","","",NA,NA,NA,NA,NA,NA,1,NA,NA,"",NA,NA,"",NA,NA,"",NA,NA,"k",0.573,NA,"space",0.4169,NA,1,"green_gnome",1,1,"bright_forest","yellow_basket","purple_gnome",1,4,"dark_forest","red_basket",4,0,0,1,"purple_gnome","dark_forest","red_basket",890,0,3,99,1,199,0,1,"",NA,NA,"",NA,NA,"",NA,NA,NA,NA,NA,NA,"","",NA,NA,"",NA,NA,"",NA,NA,"",NA,NA,NA,NA,NA,NA,"",NA,NA,"","",NA,NA,NA,NA,NA,NA,NA,"",NA,NA,NA,NA,NA,NA,"",NA,NA,"","","",NA,NA,NA,NA,NA,NA,NA,"",NA,NA,NA,NA,"",NA,NA,NA,NA,"","","","",NA,NA,NA,NA,NA,"",NA,NA,NA,NA,"",NA,NA,NA,NA,"","",NA,NA,NA,NA,NA,"",NA,NA,NA,NA,NA,NA,NA
"","",NA,"","","","","","","",NA,"","","","","","","",NA,"","","","","","","",NA,"","","","","",974381,1,"2024-02-08_14h44.32.787","experiment","2023.2.3","Win32",59.52380952,"6101ab943961ab6022c9d969","65c4d99ac54131abf9bf5100","65c4e8ab5500ab66e682f6ed","",NA,NA,"",NA,NA,"",NA,NA,"",NA,NA,"",NA,NA,"",NA,NA,NA,NA,"","",NA,NA,NA,"",NA,NA,"","","",NA,NA,"","",NA,NA,NA,NA,"","","",NA,NA,NA,NA,NA,NA,NA,NA,NA,"",NA,NA,"",NA,NA,"",NA,NA,"",NA,NA,"",NA,NA,NA,"",NA,NA,"","","",NA,NA,"","",NA,NA,NA,NA,"","","",NA,NA,NA,NA,NA,NA,NA,NA,"space",3.4918,NA,"space",24.3426,NA,"Keep focused and make sure you press the letter or space in time as it goes quick and you can easily miss it. Not sure how to get the most mushrooms but the taller hat gnome seemed to give higher amounts most of the time. ",0.612037094,-0.372222265,1,0,0,52.301,"vb_finished_typing_rect","space",10.3714,NA,"space",23.2258,NA,"space",4.4198,NA,"space",3.2313,NA,62.59259118,11.9851,62.68518942,14.4346,"space",15.6266,NA,"red_gnome","brown_gnomes",0,0,0,5,1,2,3,"",NA,NA,NA,NA,NA,NA,"",NA,NA,"","","",NA,NA,NA,NA,NA,NA,NA,"",NA,NA,NA,NA,"",NA,NA,NA,NA,"","","","",NA,NA,NA,NA,NA,"",NA,NA,NA,NA,"",NA,NA,NA,NA,"","",NA,NA,NA,NA,NA,"",NA,NA,NA,NA,NA,NA,NA
"","",NA,"","","","","","","",NA,"","","","","","","",NA,"","","","","","","",NA,"","","","","",974381,1,"2024-02-08_14h44.32.787","experiment","2023.2.3","Win32",59.52380952,"6101ab943961ab6022c9d969","65c4d99ac54131abf9bf5100","65c4e8ab5500ab66e682f6ed","",NA,NA,"",NA,NA,"",NA,NA,"",NA,NA,"",NA,NA,"",NA,NA,NA,NA,"","",NA,NA,NA,"",NA,NA,"","","",NA,NA,"","",NA,NA,NA,NA,"","","",NA,NA,NA,NA,NA,NA,NA,NA,NA,"",NA,NA,"",NA,NA,"",NA,NA,"",NA,NA,"",NA,NA,NA,"",NA,NA,"","","",NA,NA,"","",NA,NA,NA,NA,"","","",NA,NA,NA,NA,NA,NA,NA,NA,"",NA,NA,"",NA,NA,"",NA,NA,NA,NA,NA,NA,"","",NA,NA,"",NA,NA,"",NA,NA,"",NA,NA,65.1851866,7.0989,65.74074074,9.017,"space",9.3647,NA,"brown_gnomes","green_gnome",0,1,1,1,1,0,2,"",NA,NA,NA,NA,NA,NA,"",NA,NA,"","","",NA,NA,NA,NA,NA,NA,NA,"",NA,NA,NA,NA,"",NA,NA,NA,NA,"","","","",NA,NA,NA,NA,NA,"",NA,NA,NA,NA,"",NA,NA,NA,NA,"","",NA,NA,NA,NA,NA,"",NA,NA,NA,NA,NA,NA,NA
"","",NA,"","","","","","","",NA,"","","","","","","",NA,"","","","","","","",NA,"","","","","",974381,1,"2024-02-08_14h44.32.787","experiment","2023.2.3","Win32",59.52380952,"6101ab943961ab6022c9d969","65c4d99ac54131abf9bf5100","65c4e8ab5500ab66e682f6ed","",NA,NA,"",NA,NA,"",NA,NA,"",NA,NA,"",NA,NA,"",NA,NA,NA,NA,"","",NA,NA,NA,"",NA,NA,"","","",NA,NA,"","",NA,NA,NA,NA,"","","",NA,NA,NA,NA,NA,NA,NA,NA,NA,"",NA,NA,"",NA,NA,"",NA,NA,"",NA,NA,"",NA,NA,NA,"",NA,NA,"","","",NA,NA,"","",NA,NA,NA,NA,"","","",NA,NA,NA,NA,NA,NA,NA,NA,"",NA,NA,"",NA,NA,"",NA,NA,NA,NA,NA,NA,"","",NA,NA,"",NA,NA,"",NA,NA,"",NA,NA,57.22222505,7.6069,56.75926208,9.2553,"space",9.4358,NA,"purple_gnome","green_gnome",0,2,2,0,1,0,1,"",NA,NA,NA,NA,NA,NA,"",NA,NA,"","","",NA,NA,NA,NA,NA,NA,NA,"",NA,NA,NA,NA,"",NA,NA,NA,NA,"","","","",NA,NA,NA,NA,NA,"",NA,NA,NA,NA,"",NA,NA,NA,NA,"","",NA,NA,NA,NA,NA,"",NA,NA,NA,NA,NA,NA,NA
"","",NA,"","","","","","","",NA,"","","","","","","",NA,"","","","","","","",NA,"","","","","",974381,1,"2024-02-08_14h44.32.787","experiment","2023.2.3","Win32",59.52380952,"6101ab943961ab6022c9d969","65c4d99ac54131abf9bf5100","65c4e8ab5500ab66e682f6ed","",NA,NA,"",NA,NA,"",NA,NA,"",NA,NA,"",NA,NA,"",NA,NA,NA,NA,"","",NA,NA,NA,"",NA,NA,"","","",NA,NA,"","",NA,NA,NA,NA,"","","",NA,NA,NA,NA,NA,NA,NA,NA,NA,"",NA,NA,"",NA,NA,"",NA,NA,"",NA,NA,"",NA,NA,NA,"",NA,NA,"","","",NA,NA,"","",NA,NA,NA,NA,"","","",NA,NA,NA,NA,NA,NA,NA,NA,"",NA,NA,"",NA,NA,"",NA,NA,NA,NA,NA,NA,"","",NA,NA,"",NA,NA,"",NA,NA,"",NA,NA,59.0740769,5.2393,59.25925926,6.9058,"space",6.6365,NA,"purple_gnome","red_gnome",0,3,3,4,1,1,3,"",NA,NA,NA,NA,NA,NA,"",NA,NA,"","","",NA,NA,NA,NA,NA,NA,NA,"",NA,NA,NA,NA,"",NA,NA,NA,NA,"","","","",NA,NA,NA,NA,NA,"",NA,NA,NA,NA,"",NA,NA,NA,NA,"","",NA,NA,NA,NA,NA,"",NA,NA,NA,NA,NA,NA,NA
"","",NA,"","","","","","","",NA,"","","","","","","",NA,"","","","","","","",NA,"","","","","",974381,1,"2024-02-08_14h44.32.787","experiment","2023.2.3","Win32",59.52380952,"6101ab943961ab6022c9d969","65c4d99ac54131abf9bf5100","65c4e8ab5500ab66e682f6ed","",NA,NA,"",NA,NA,"",NA,NA,"",NA,NA,"",NA,NA,"",NA,NA,NA,NA,"","",NA,NA,NA,"",NA,NA,"","","",NA,NA,"","",NA,NA,NA,NA,"","","",NA,NA,NA,NA,NA,NA,NA,NA,NA,"",NA,NA,"",NA,NA,"",NA,NA,"",NA,NA,"",NA,NA,NA,"",NA,NA,"","","",NA,NA,"","",NA,NA,NA,NA,"","","",NA,NA,NA,NA,NA,NA,NA,NA,"",NA,NA,"",NA,NA,"",NA,NA,NA,NA,NA,NA,"","",NA,NA,"",NA,NA,"",NA,NA,"",NA,NA,0.833334746,6.6396,99.44445292,10.7794,"space",10.7718,NA,"red_gnome","green_gnome",0,4,4,2,1,0,3,"",NA,NA,NA,NA,NA,NA,"",NA,NA,"","","",NA,NA,NA,NA,NA,NA,NA,"",NA,NA,NA,NA,"",NA,NA,NA,NA,"","","","",NA,NA,NA,NA,NA,"",NA,NA,NA,NA,"",NA,NA,NA,NA,"","",NA,NA,NA,NA,NA,"",NA,NA,NA,NA,NA,NA,NA
"","",NA,"","","","","","","",NA,"","","","","","","",NA,"","","","","","","",NA,"","","","","",974381,1,"2024-02-08_14h44.32.787","experiment","2023.2.3","Win32",59.52380952,"6101ab943961ab6022c9d969","65c4d99ac54131abf9bf5100","65c4e8ab5500ab66e682f6ed","",NA,NA,"",NA,NA,"",NA,NA,"",NA,NA,"",NA,NA,"",NA,NA,NA,NA,"","",NA,NA,NA,"",NA,NA,"","","",NA,NA,"","",NA,NA,NA,NA,"","","",NA,NA,NA,NA,NA,NA,NA,NA,NA,"",NA,NA,"",NA,NA,"",NA,NA,"",NA,NA,"",NA,NA,NA,"",NA,NA,"","","",NA,NA,"","",NA,NA,NA,NA,"","","",NA,NA,NA,NA,NA,NA,NA,NA,"",NA,NA,"",NA,NA,"",NA,NA,NA,NA,NA,NA,"","",NA,NA,"",NA,NA,"",NA,NA,"",NA,NA,0.555557675,3.774,99.62963528,5.8578,"space",5.7045,NA,"purple_gnome","brown_gnomes",0,5,5,3,1,1,2,"",NA,NA,NA,NA,NA,NA,"",NA,NA,"","","",NA,NA,NA,NA,NA,NA,NA,"",NA,NA,NA,NA,"",NA,NA,NA,NA,"","","","",NA,NA,NA,NA,NA,"",NA,NA,NA,NA,"",NA,NA,NA,NA,"","",NA,NA,NA,NA,NA,"",NA,NA,NA,NA,NA,NA,NA
"","",NA,"","","","","","","",NA,"","","","","","","",NA,"","","","","","","",NA,"","","","","",974381,1,"2024-02-08_14h44.32.787","experiment","2023.2.3","Win32",59.52380952,"6101ab943961ab6022c9d969","65c4d99ac54131abf9bf5100","65c4e8ab5500ab66e682f6ed","",NA,NA,"",NA,NA,"",NA,NA,"",NA,NA,"",NA,NA,"",NA,NA,NA,NA,"","",NA,NA,NA,"",NA,NA,"","","",NA,NA,"","",NA,NA,NA,NA,"","","",NA,NA,NA,NA,NA,NA,NA,NA,NA,"",NA,NA,"",NA,NA,"",NA,NA,"",NA,NA,"",NA,NA,NA,"",NA,NA,"","","",NA,NA,"","",NA,NA,NA,NA,"","","",NA,NA,NA,NA,NA,NA,NA,NA,"",NA,NA,"",NA,NA,"",NA,NA,NA,NA,NA,NA,"","",NA,NA,"",NA,NA,"",NA,NA,"",NA,NA,NA,NA,NA,NA,"",NA,NA,"","",NA,NA,NA,NA,NA,NA,NA,"space",10.9097,NA,0,4.9858,69.53703562,8.3458,"space",9.2377,NA,"brown_gnomes","dark_forest","red_basket",0,0,0,5,1,2,1,"",NA,NA,NA,NA,"",NA,NA,NA,NA,"","","","",NA,NA,NA,NA,NA,"",NA,NA,NA,NA,"",NA,NA,NA,NA,"","",NA,NA,NA,NA,NA,"",NA,NA,NA,NA,NA,NA,NA
"","",NA,"","","","","","","",NA,"","","","","","","",NA,"","","","","","","",NA,"","","","","",974381,1,"2024-02-08_14h44.32.787","experiment","2023.2.3","Win32",59.52380952,"6101ab943961ab6022c9d969","65c4d99ac54131abf9bf5100","65c4e8ab5500ab66e682f6ed","",NA,NA,"",NA,NA,"",NA,NA,"",NA,NA,"",NA,NA,"",NA,NA,NA,NA,"","",NA,NA,NA,"",NA,NA,"","","",NA,NA,"","",NA,NA,NA,NA,"","","",NA,NA,NA,NA,NA,NA,NA,NA,NA,"",NA,NA,"",NA,NA,"",NA,NA,"",NA,NA,"",NA,NA,NA,"",NA,NA,"","","",NA,NA,"","",NA,NA,NA,NA,"","","",NA,NA,NA,NA,NA,NA,NA,NA,"",NA,NA,"",NA,NA,"",NA,NA,NA,NA,NA,NA,"","",NA,NA,"",NA,NA,"",NA,NA,"",NA,NA,NA,NA,NA,NA,"",NA,NA,"","",NA,NA,NA,NA,NA,NA,NA,"",NA,NA,0.370371783,4.9373,75.09259118,7.2414,"space",8.0421,NA,"purple_gnome","bright_forest","yellow_basket",0,1,1,2,1,1,0,"",NA,NA,NA,NA,"",NA,NA,NA,NA,"","","","",NA,NA,NA,NA,NA,"",NA,NA,NA,NA,"",NA,NA,NA,NA,"","",NA,NA,NA,NA,NA,"",NA,NA,NA,NA,NA,NA,NA
"","",NA,"","","","","","","",NA,"","","","","","","",NA,"","","","","","","",NA,"","","","","",974381,1,"2024-02-08_14h44.32.787","experiment","2023.2.3","Win32",59.52380952,"6101ab943961ab6022c9d969","65c4d99ac54131abf9bf5100","65c4e8ab5500ab66e682f6ed","",NA,NA,"",NA,NA,"",NA,NA,"",NA,NA,"",NA,NA,"",NA,NA,NA,NA,"","",NA,NA,NA,"",NA,NA,"","","",NA,NA,"","",NA,NA,NA,NA,"","","",NA,NA,NA,NA,NA,NA,NA,NA,NA,"",NA,NA,"",NA,NA,"",NA,NA,"",NA,NA,"",NA,NA,NA,"",NA,NA,"","","",NA,NA,"","",NA,NA,NA,NA,"","","",NA,NA,NA,NA,NA,NA,NA,NA,"",NA,NA,"",NA,NA,"",NA,NA,NA,NA,NA,NA,"","",NA,NA,"",NA,NA,"",NA,NA,"",NA,NA,NA,NA,NA,NA,"",NA,NA,"","",NA,NA,NA,NA,NA,NA,NA,"",NA,NA,1.481483601,6.4211,60.37037461,8.3387,"space",8.353,NA,"green_gnome","dark_forest","red_basket",0,2,2,1,1,0,1,"",NA,NA,NA,NA,"",NA,NA,NA,NA,"","","","",NA,NA,NA,NA,NA,"",NA,NA,NA,NA,"",NA,NA,NA,NA,"","",NA,NA,NA,NA,NA,"",NA,NA,NA,NA,NA,NA,NA
"","",NA,"","","","","","","",NA,"","","","","","","",NA,"","","","","","","",NA,"","","","","",974381,1,"2024-02-08_14h44.32.787","experiment","2023.2.3","Win32",59.52380952,"6101ab943961ab6022c9d969","65c4d99ac54131abf9bf5100","65c4e8ab5500ab66e682f6ed","",NA,NA,"",NA,NA,"",NA,NA,"",NA,NA,"",NA,NA,"",NA,NA,NA,NA,"","",NA,NA,NA,"",NA,NA,"","","",NA,NA,"","",NA,NA,NA,NA,"","","",NA,NA,NA,NA,NA,NA,NA,NA,NA,"",NA,NA,"",NA,NA,"",NA,NA,"",NA,NA,"",NA,NA,NA,"",NA,NA,"","","",NA,NA,"","",NA,NA,NA,NA,"","","",NA,NA,NA,NA,NA,NA,NA,NA,"",NA,NA,"",NA,NA,"",NA,NA,NA,NA,NA,NA,"","",NA,NA,"",NA,NA,"",NA,NA,"",NA,NA,NA,NA,NA,NA,"",NA,NA,"","",NA,NA,NA,NA,NA,NA,NA,"",NA,NA,80.46297144,5.5231,67.12962963,7.5161,"space",7.3762,NA,"brown_gnomes","bright_forest","yellow_basket",0,3,3,4,1,2,0,"",NA,NA,NA,NA,"",NA,NA,NA,NA,"","","","",NA,NA,NA,NA,NA,"",NA,NA,NA,NA,"",NA,NA,NA,NA,"","",NA,NA,NA,NA,NA,"",NA,NA,NA,NA,NA,NA,NA
"","",NA,"","","","","","","",NA,"","","","","","","",NA,"","","","","","","",NA,"","","","","",974381,1,"2024-02-08_14h44.32.787","experiment","2023.2.3","Win32",59.52380952,"6101ab943961ab6022c9d969","65c4d99ac54131abf9bf5100","65c4e8ab5500ab66e682f6ed","",NA,NA,"",NA,NA,"",NA,NA,"",NA,NA,"",NA,NA,"",NA,NA,NA,NA,"","",NA,NA,NA,"",NA,NA,"","","",NA,NA,"","",NA,NA,NA,NA,"","","",NA,NA,NA,NA,NA,NA,NA,NA,NA,"",NA,NA,"",NA,NA,"",NA,NA,"",NA,NA,"",NA,NA,NA,"",NA,NA,"","","",NA,NA,"","",NA,NA,NA,NA,"","","",NA,NA,NA,NA,NA,NA,NA,NA,"",NA,NA,"",NA,NA,"",NA,NA,NA,NA,NA,NA,"","",NA,NA,"",NA,NA,"",NA,NA,"",NA,NA,NA,NA,NA,NA,"",NA,NA,"","",NA,NA,NA,NA,NA,NA,NA,"",NA,NA,8.888891008,4.1359,58.98148572,7.5025,"space",7.3029,NA,"red_gnome","dark_forest","red_basket",0,4,4,7,1,3,1,"",NA,NA,NA,NA,"",NA,NA,NA,NA,"","","","",NA,NA,NA,NA,NA,"",NA,NA,NA,NA,"",NA,NA,NA,NA,"","",NA,NA,NA,NA,NA,"",NA,NA,NA,NA,NA,NA,NA
"","",NA,"","","","","","","",NA,"","","","","","","",NA,"","","","","","","",NA,"","","","","",974381,1,"2024-02-08_14h44.32.787","experiment","2023.2.3","Win32",59.52380952,"6101ab943961ab6022c9d969","65c4d99ac54131abf9bf5100","65c4e8ab5500ab66e682f6ed","",NA,NA,"",NA,NA,"",NA,NA,"",NA,NA,"",NA,NA,"",NA,NA,NA,NA,"","",NA,NA,NA,"",NA,NA,"","","",NA,NA,"","",NA,NA,NA,NA,"","","",NA,NA,NA,NA,NA,NA,NA,NA,NA,"",NA,NA,"",NA,NA,"",NA,NA,"",NA,NA,"",NA,NA,NA,"",NA,NA,"","","",NA,NA,"","",NA,NA,NA,NA,"","","",NA,NA,NA,NA,NA,NA,NA,NA,"",NA,NA,"",NA,NA,"",NA,NA,NA,NA,NA,NA,"","",NA,NA,"",NA,NA,"",NA,NA,"",NA,NA,NA,NA,NA,NA,"",NA,NA,"","",NA,NA,NA,NA,NA,NA,NA,"",NA,NA,7.314816228,4.7165,65.55555838,6.4516,"space",6.0681,NA,"red_gnome","bright_forest","yellow_basket",0,5,5,6,1,3,0,"",NA,NA,NA,NA,"",NA,NA,NA,NA,"","","","",NA,NA,NA,NA,NA,"",NA,NA,NA,NA,"",NA,NA,NA,NA,"","",NA,NA,NA,NA,NA,"",NA,NA,NA,NA,NA,NA,NA
"","",NA,"","","","","","","",NA,"","","","","","","",NA,"","","","","","","",NA,"","","","","",974381,1,"2024-02-08_14h44.32.787","experiment","2023.2.3","Win32",59.52380952,"6101ab943961ab6022c9d969","65c4d99ac54131abf9bf5100","65c4e8ab5500ab66e682f6ed","",NA,NA,"",NA,NA,"",NA,NA,"",NA,NA,"",NA,NA,"",NA,NA,NA,NA,"","",NA,NA,NA,"",NA,NA,"","","",NA,NA,"","",NA,NA,NA,NA,"","","",NA,NA,NA,NA,NA,NA,NA,NA,NA,"",NA,NA,"",NA,NA,"",NA,NA,"",NA,NA,"",NA,NA,NA,"",NA,NA,"","","",NA,NA,"","",NA,NA,NA,NA,"","","",NA,NA,NA,NA,NA,NA,NA,NA,"",NA,NA,"",NA,NA,"",NA,NA,NA,NA,NA,NA,"","",NA,NA,"",NA,NA,"",NA,NA,"",NA,NA,NA,NA,NA,NA,"",NA,NA,"","",NA,NA,NA,NA,NA,NA,NA,"",NA,NA,76.29629771,6.021,62.68518942,7.9101,"space",7.5024,NA,"purple_gnome","dark_forest","red_basket",0,6,6,3,1,1,1,"",NA,NA,NA,NA,"",NA,NA,NA,NA,"","","","",NA,NA,NA,NA,NA,"",NA,NA,NA,NA,"",NA,NA,NA,NA,"","",NA,NA,NA,NA,NA,"",NA,NA,NA,NA,NA,NA,NA
"","",NA,"","","","","","","",NA,"","","","","","","",NA,"","","","","","","",NA,"","","","","",974381,1,"2024-02-08_14h44.32.787","experiment","2023.2.3","Win32",59.52380952,"6101ab943961ab6022c9d969","65c4d99ac54131abf9bf5100","65c4e8ab5500ab66e682f6ed","",NA,NA,"",NA,NA,"",NA,NA,"",NA,NA,"",NA,NA,"",NA,NA,NA,NA,"","",NA,NA,NA,"",NA,NA,"","","",NA,NA,"","",NA,NA,NA,NA,"","","",NA,NA,NA,NA,NA,NA,NA,NA,NA,"",NA,NA,"",NA,NA,"",NA,NA,"",NA,NA,"",NA,NA,NA,"",NA,NA,"","","",NA,NA,"","",NA,NA,NA,NA,"","","",NA,NA,NA,NA,NA,NA,NA,NA,"",NA,NA,"",NA,NA,"",NA,NA,NA,NA,NA,NA,"","",NA,NA,"",NA,NA,"",NA,NA,"",NA,NA,NA,NA,NA,NA,"",NA,NA,"","",NA,NA,NA,NA,NA,NA,NA,"",NA,NA,42.31481905,7.0733,39.72222364,4.713,"space",6.8372,NA,"green_gnome","bright_forest","yellow_basket",0,7,7,0,1,0,0,"",NA,NA,NA,NA,"",NA,NA,NA,NA,"","","","",NA,NA,NA,NA,NA,"",NA,NA,NA,NA,"",NA,NA,NA,NA,"","",NA,NA,NA,NA,NA,"",NA,NA,NA,NA,NA,NA,NA
"","",NA,"","","","","","","",NA,"","","","","","","",NA,"","","","","","","",NA,"","","","","",974381,1,"2024-02-08_14h44.32.787","experiment","2023.2.3","Win32",59.52380952,"6101ab943961ab6022c9d969","65c4d99ac54131abf9bf5100","65c4e8ab5500ab66e682f6ed","",NA,NA,"",NA,NA,"",NA,NA,"",NA,NA,"",NA,NA,"",NA,NA,NA,NA,"","",NA,NA,NA,"",NA,NA,"","","",NA,NA,"","",NA,NA,NA,NA,"","","",NA,NA,NA,NA,NA,NA,NA,NA,NA,"",NA,NA,"",NA,NA,"",NA,NA,"",NA,NA,"",NA,NA,NA,"",NA,NA,"","","",NA,NA,"","",NA,NA,NA,NA,"","","",NA,NA,NA,NA,NA,NA,NA,NA,"",NA,NA,"",NA,NA,"",NA,NA,NA,NA,NA,NA,"","",NA,NA,"",NA,NA,"",NA,NA,"",NA,NA,NA,NA,NA,NA,"",NA,NA,"","",NA,NA,NA,NA,NA,NA,NA,"",NA,NA,NA,NA,NA,NA,"",NA,NA,"","","",NA,NA,NA,NA,NA,NA,NA,"space",7.5544,NA,18.79629559,4.6386,"space",6.953,NA,69.35185326,7.139,"dark_forest","bright_forest","red_basket","yellow_basket",0,0,0,0,1,"",NA,NA,NA,NA,"",NA,NA,NA,NA,"","",NA,NA,NA,NA,NA,"",NA,NA,NA,NA,NA,NA,NA
"","",NA,"","","","","","","",NA,"","","","","","","",NA,"","","","","","","",NA,"","","","","",974381,1,"2024-02-08_14h44.32.787","experiment","2023.2.3","Win32",59.52380952,"6101ab943961ab6022c9d969","65c4d99ac54131abf9bf5100","65c4e8ab5500ab66e682f6ed","",NA,NA,"",NA,NA,"",NA,NA,"",NA,NA,"",NA,NA,"",NA,NA,NA,NA,"","",NA,NA,NA,"",NA,NA,"","","",NA,NA,"","",NA,NA,NA,NA,"","","",NA,NA,NA,NA,NA,NA,NA,NA,NA,"",NA,NA,"",NA,NA,"",NA,NA,"",NA,NA,"",NA,NA,NA,"",NA,NA,"","","",NA,NA,"","",NA,NA,NA,NA,"","","",NA,NA,NA,NA,NA,NA,NA,NA,"",NA,NA,"",NA,NA,"",NA,NA,NA,NA,NA,NA,"","",NA,NA,"",NA,NA,"",NA,NA,"",NA,NA,NA,NA,NA,NA,"",NA,NA,"","",NA,NA,NA,NA,NA,0,3,"",NA,NA,NA,NA,NA,NA,"",NA,NA,"","","",NA,NA,NA,NA,NA,NA,NA,"",NA,NA,NA,NA,"",NA,NA,NA,NA,"","","","",NA,NA,NA,NA,NA,"space",2.8792,NA,63.42592593,5.4076,"space",7.0218,NA,55.83333616,7.4298,"green_gnome","red_gnome",0,0,0,2,1,"",NA,NA,NA,NA,NA,NA,NA
"","",NA,"","","","","","","",NA,"","","","","","","",NA,"","","","","","","",NA,"","","","","",974381,1,"2024-02-08_14h44.32.787","experiment","2023.2.3","Win32",59.52380952,"6101ab943961ab6022c9d969","65c4d99ac54131abf9bf5100","65c4e8ab5500ab66e682f6ed","",NA,NA,"",NA,NA,"",NA,NA,"",NA,NA,"",NA,NA,"",NA,NA,NA,NA,"","",NA,NA,NA,"",NA,NA,"","","",NA,NA,"","",NA,NA,NA,NA,"","","",NA,NA,NA,NA,NA,NA,NA,NA,NA,"",NA,NA,"",NA,NA,"",NA,NA,"",NA,NA,"",NA,NA,NA,"",NA,NA,"","","",NA,NA,"","",NA,NA,NA,NA,"","","",NA,NA,NA,NA,NA,NA,NA,NA,"",NA,NA,"",NA,NA,"",NA,NA,NA,NA,NA,NA,"","",NA,NA,"",NA,NA,"",NA,NA,"",NA,NA,NA,NA,NA,NA,"",NA,NA,"","",NA,NA,NA,NA,NA,0,1,"",NA,NA,NA,NA,NA,NA,"",NA,NA,"","","",NA,NA,NA,NA,NA,NA,NA,"",NA,NA,NA,NA,"",NA,NA,NA,NA,"","","","",NA,NA,NA,NA,NA,"",NA,NA,0.370371783,3.2547,"space",5.295,NA,84.53703986,5.5085,"purple_gnome","green_gnome",0,1,1,0,1,"",NA,NA,NA,NA,NA,NA,NA
"","",NA,"","","","","","","",NA,"","","","","","","",NA,"","","","","","","",NA,"","","","","",974381,1,"2024-02-08_14h44.32.787","experiment","2023.2.3","Win32",59.52380952,"6101ab943961ab6022c9d969","65c4d99ac54131abf9bf5100","65c4e8ab5500ab66e682f6ed","",NA,NA,"",NA,NA,"",NA,NA,"",NA,NA,"",NA,NA,"",NA,NA,NA,NA,"","",NA,NA,NA,"",NA,NA,"","","",NA,NA,"","",NA,NA,NA,NA,"","","",NA,NA,NA,NA,NA,NA,NA,NA,NA,"",NA,NA,"",NA,NA,"",NA,NA,"",NA,NA,"",NA,NA,NA,"",NA,NA,"","","",NA,NA,"","",NA,NA,NA,NA,"","","",NA,NA,NA,NA,NA,NA,NA,NA,"",NA,NA,"",NA,NA,"",NA,NA,NA,NA,NA,NA,"","",NA,NA,"",NA,NA,"",NA,NA,"",NA,NA,NA,NA,NA,NA,"",NA,NA,"","",NA,NA,NA,NA,NA,1,2,"",NA,NA,NA,NA,NA,NA,"",NA,NA,"","","",NA,NA,NA,NA,NA,NA,NA,"",NA,NA,NA,NA,"",NA,NA,NA,NA,"","","","",NA,NA,NA,NA,NA,"",NA,NA,56.48148148,6.4812,"space",8.807,NA,58.98148572,9.009,"purple_gnome","brown_gnomes",0,2,2,3,1,"",NA,NA,NA,NA,NA,NA,NA
"","",NA,"","","","","","","",NA,"","","","","","","",NA,"","","","","","","",NA,"","","","","",974381,1,"2024-02-08_14h44.32.787","experiment","2023.2.3","Win32",59.52380952,"6101ab943961ab6022c9d969","65c4d99ac54131abf9bf5100","65c4e8ab5500ab66e682f6ed","",NA,NA,"",NA,NA,"",NA,NA,"",NA,NA,"",NA,NA,"",NA,NA,NA,NA,"","",NA,NA,NA,"",NA,NA,"","","",NA,NA,"","",NA,NA,NA,NA,"","","",NA,NA,NA,NA,NA,NA,NA,NA,NA,"",NA,NA,"",NA,NA,"",NA,NA,"",NA,NA,"",NA,NA,NA,"",NA,NA,"","","",NA,NA,"","",NA,NA,NA,NA,"","","",NA,NA,NA,NA,NA,NA,NA,NA,"",NA,NA,"",NA,NA,"",NA,NA,NA,NA,NA,NA,"","",NA,NA,"",NA,NA,"",NA,NA,"",NA,NA,NA,NA,NA,NA,"",NA,NA,"","",NA,NA,NA,NA,NA,0,2,"",NA,NA,NA,NA,NA,NA,"",NA,NA,"","","",NA,NA,NA,NA,NA,NA,NA,"",NA,NA,NA,NA,"",NA,NA,NA,NA,"","","","",NA,NA,NA,NA,NA,"",NA,NA,1.018520638,2.9899,"space",4.1634,NA,74.44444586,4.5066,"brown_gnomes","green_gnome",0,3,3,1,1,"",NA,NA,NA,NA,NA,NA,NA
"","",NA,"","","","","","","",NA,"","","","","","","",NA,"","","","","","","",NA,"","","","","",974381,1,"2024-02-08_14h44.32.787","experiment","2023.2.3","Win32",59.52380952,"6101ab943961ab6022c9d969","65c4d99ac54131abf9bf5100","65c4e8ab5500ab66e682f6ed","",NA,NA,"",NA,NA,"",NA,NA,"",NA,NA,"",NA,NA,"",NA,NA,NA,NA,"","",NA,NA,NA,"",NA,NA,"","","",NA,NA,"","",NA,NA,NA,NA,"","","",NA,NA,NA,NA,NA,NA,NA,NA,NA,"",NA,NA,"",NA,NA,"",NA,NA,"",NA,NA,"",NA,NA,NA,"",NA,NA,"","","",NA,NA,"","",NA,NA,NA,NA,"","","",NA,NA,NA,NA,NA,NA,NA,NA,"",NA,NA,"",NA,NA,"",NA,NA,NA,NA,NA,NA,"","",NA,NA,"",NA,NA,"",NA,NA,"",NA,NA,NA,NA,NA,NA,"",NA,NA,"","",NA,NA,NA,NA,NA,1,3,"",NA,NA,NA,NA,NA,NA,"",NA,NA,"","","",NA,NA,NA,NA,NA,NA,NA,"",NA,NA,NA,NA,"",NA,NA,NA,NA,"","","","",NA,NA,NA,NA,NA,"",NA,NA,99.25925643,3.2577,"space",5.0569,NA,93.61111676,5.4235,"red_gnome","purple_gnome",0,4,4,4,1,"",NA,NA,NA,NA,NA,NA,NA
"","",NA,"","","","","","","",NA,"","","","","","","",NA,"","","","","","","",NA,"","","","","",974381,1,"2024-02-08_14h44.32.787","experiment","2023.2.3","Win32",59.52380952,"6101ab943961ab6022c9d969","65c4d99ac54131abf9bf5100","65c4e8ab5500ab66e682f6ed","",NA,NA,"",NA,NA,"",NA,NA,"",NA,NA,"",NA,NA,"",NA,NA,NA,NA,"","",NA,NA,NA,"",NA,NA,"","","",NA,NA,"","",NA,NA,NA,NA,"","","",NA,NA,NA,NA,NA,NA,NA,NA,NA,"",NA,NA,"",NA,NA,"",NA,NA,"",NA,NA,"",NA,NA,NA,"",NA,NA,"","","",NA,NA,"","",NA,NA,NA,NA,"","","",NA,NA,NA,NA,NA,NA,NA,NA,"",NA,NA,"",NA,NA,"",NA,NA,NA,NA,NA,NA,"","",NA,NA,"",NA,NA,"",NA,NA,"",NA,NA,NA,NA,NA,NA,"",NA,NA,"","",NA,NA,NA,NA,NA,2,3,"",NA,NA,NA,NA,NA,NA,"",NA,NA,"","","",NA,NA,NA,NA,NA,NA,NA,"",NA,NA,NA,NA,"",NA,NA,NA,NA,"","","","",NA,NA,NA,NA,NA,"",NA,NA,99.81481764,2.848,"space",4.4822,NA,79.07407549,4.6398,"red_gnome","brown_gnomes",0,5,5,5,1,"",NA,NA,NA,NA,NA,NA,NA
"","",NA,"","","","","","","",NA,"","","","","","","",NA,"","","","","","","",NA,"","","","","",974381,1,"2024-02-08_14h44.32.787","experiment","2023.2.3","Win32",59.52380952,"6101ab943961ab6022c9d969","65c4d99ac54131abf9bf5100","65c4e8ab5500ab66e682f6ed","",NA,NA,"",NA,NA,"",NA,NA,"",NA,NA,"",NA,NA,"",NA,NA,NA,NA,"","",NA,NA,NA,"",NA,NA,"","","",NA,NA,"","",NA,NA,NA,NA,"","","",NA,NA,NA,NA,NA,NA,NA,NA,NA,"",NA,NA,"",NA,NA,"",NA,NA,"",NA,NA,"",NA,NA,NA,"",NA,NA,"","","",NA,NA,"","",NA,NA,NA,NA,"","","",NA,NA,NA,NA,NA,NA,NA,NA,"",NA,NA,"",NA,NA,"",NA,NA,NA,NA,NA,NA,"","",NA,NA,"",NA,NA,"",NA,NA,"",NA,NA,NA,NA,NA,NA,"",NA,NA,"","",NA,NA,NA,NA,NA,NA,NA,"",NA,NA,NA,NA,NA,NA,"",NA,NA,"","","",NA,NA,NA,NA,NA,NA,NA,"",NA,NA,NA,NA,"",NA,NA,NA,NA,"","","","",NA,NA,NA,NA,NA,"",NA,NA,NA,NA,"",NA,NA,NA,NA,"","",NA,NA,NA,NA,NA,"space",13.4102,NA,0,0,0,0,1
