"parent_PID","stim1_name","stim1_file","stim1_pair","stim1_deact_file","stim1_step2_name","stim1_step2_file","stim1_step2_basket_name","stim1_step2_basket_file","stim2_name","stim2_file","stim2_pair","stim2_deact_file","stim2_step2_name","stim2_step2_file","stim2_step2_basket_name","stim2_step2_basket_file","stim3_name","stim3_file","stim3_pair","stim3_deact_file","stim3_step2_name","stim3_step2_file","stim3_step2_basket_name","stim3_step2_basket_file","stim4_name","stim4_file","stim4_pair","stim4_deact_file","stim4_step2_name","stim4_step2_file","stim4_step2_basket_name","stim4_step2_basket_file","participant","session","date","expName","psychopyVersion","OS","frameRate","PROLIFIC_PID","STUDY_ID","SESSION_ID","consent_keyresp.keys","consent_keyresp.rt","consent_keyresp.duration","global_instructions1_key.keys","global_instructions1_key.rt","global_instructions1_key.duration","global_instructions2_key.keys","global_instructions2_key.rt","global_instructions2_key.duration","global_instructions3_key.keys","global_instructions3_key.rt","global_instructions3_key.duration","global_instructions4_key.keys","global_instructions4_key.rt","global_instructions4_key.duration","global_instructions5_key.keys","global_instructions5_key.rt","global_instructions5_key.duration","p_fixation_2.started","p_fixation_2.stopped","p_step1_keyresp.keys","p_step1_keyresp.rt","p_step1_keyresp.duration","p_step2_keyresp.keys","p_failStep2_keyresp.keys","p_failStep2_keyresp.rt","p_failStep2_keyresp.duration","p_step1_pair_index","p_step1_stimLeft_name","p_step1_stimLeft_pair","p_step1_stimLeft_reward","p_step1_stimLeft_step2Stim","p_step1_stimLeft_step2Basket","p_step1_stimRight_name","p_step1_stimRight_pair","p_step1_stimRight_reward","p_step1_stimRight_step2Stim","p_step1_stimRight_step2Basket","p_points","p_fail_step1","p_fail_step2","p_reward_flag","p_step1_choice","p_step2_stim","p_step2_basket","p_score","practice.thisRepN","practice.thisTrialN","practice.thisN","practice.thisIndex","practice.ran","pair_index","p_failStep1_keyresp.keys","p_failStep1_keyresp.rt","p_failStep1_keyresp.duration","p_step2_keyresp.rt","p_step2_keyresp.duration","t_instructions_keyresp.keys","t_instructions_keyresp.rt","t_instructions_keyresp.duration","t_advice_reading.started","t_advice_reading.stopped","t_advice_mouse.x","t_advice_mouse.y","t_advice_mouse.leftButton","t_advice_mouse.midButton","t_advice_mouse.rightButton","t_advice_mouse.time","t_advice_mouse.clicked_name","t_instructions_2_keyresp.keys","t_instructions_2_keyresp.rt","t_instructions_2_keyresp.duration","t_start.started","t_start.stopped","t_step1_keyresp.keys","t_step1_keyresp.rt","t_step1_keyresp.duration","t_step2_keyresp.keys","t_step2_keyresp.rt","t_step2_keyresp.duration","t_step1_pair_index","t_step1_stimLeft_name","t_step1_stimLeft_pair","t_step1_stimLeft_reward","t_step1_stimLeft_step2Stim","t_step1_stimLeft_step2Basket","t_step1_stimRight_name","t_step1_stimRight_pair","t_step1_stimRight_reward","t_step1_stimRight_step2Stim","t_step1_stimRight_step2Basket","t_points","t_fail_step1","t_fail_step2","t_reward_flag","t_step1_choice","t_step2_stim","t_step2_basket","globa_score","t_data_stimWalk0","t_data_stimWalk1","trials.thisRepN","trials.thisTrialN","trials.thisN","trials.thisIndex","trials.ran","pl_global_instructions_keyresp.keys","pl_global_instructions_keyresp.rt","pl_global_instructions_keyresp.duration","vb_instructions_keyresp.keys","vb_instructions_keyresp.rt","vb_instructions_keyresp.duration","vb_instructions_2_keyresp.keys","vb_instructions_2_keyresp.rt","vb_instructions_2_keyresp.duration","vb_textbox.text","vb_mouse.x","vb_mouse.y","vb_mouse.leftButton","vb_mouse.midButton","vb_mouse.rightButton","vb_mouse.time","vb_mouse.clicked_name","pl1_instructions1_keyresp.keys","pl1_instructions1_keyresp.rt","pl1_instructions1_keyresp.duration","pl1_instructions2_keyresp.keys","pl1_instructions2_keyresp.rt","pl1_instructions2_keyresp.duration","pl1_instructions3_keyresp.keys","pl1_instructions3_keyresp.rt","pl1_instructions3_keyresp.duration","pl1_instructions4_keyresp.keys","pl1_instructions4_keyresp.rt","pl1_instructions4_keyresp.duration","pl1_task_lickert.response","pl1_task_lickert.rt","pl1_task_confidence_lickert.response","pl1_task_confidence_lickert.rt","pl1_task_keyresp.keys","pl1_task_keyresp.rt","pl1_task_keyresp.duration","pl1_task_stimLeft","pl1_task_stimRight","pl1_loop.thisRepN","pl1_loop.thisTrialN","pl1_loop.thisN","pl1_loop.thisIndex","pl1_loop.ran","stimLeft_index","stimRight_index","pl2_instructions_keyresp.keys","pl2_instructions_keyresp.rt","pl2_instructions_keyresp.duration","pl2_task_lickert.response","pl2_task_lickert.rt","pl2_task_confidence_lickert.response","pl2_task_confidence_lickert.rt","pl2_task_keyresp.keys","pl2_task_keyresp.rt","pl2_task_keyresp.duration","pl2_task_gnome","pl2_task_forest","pl2_task_basket","pl2_loop.thisRepN","pl2_loop.thisTrialN","pl2_loop.thisN","pl2_loop.thisIndex","pl2_loop.ran","gnome_id","forest_id","pl3_instructions_keyresp.keys","pl3_instructions_keyresp.rt","pl3_instructions_keyresp.duration","pl3_task_lickert.response","pl3_task_lickert.rt","pl3_task_keyresp.keys","pl3_task_keyresp.rt","pl3_task_keyresp.duration","pl3_task_confidence_lickert.response","pl3_task_confidence_lickert.rt","pl3_task_stimLeftBg","pl3_task_stimRightBg","pl3_task_stimLeft","pl3_task_stimRight","pl3_loop.thisRepN","pl3_loop.thisTrialN","pl3_loop.thisN","pl3_loop.thisIndex","pl3_loop.ran","pl4_instructions_keyresp.keys","pl4_instructions_keyresp.rt","pl4_instructions_keyresp.duration","pl4_task_lickert.response","pl4_task_lickert.rt","pl4_task_keyresp.keys","pl4_task_keyresp.rt","pl4_task_keyresp.duration","pl4_task_confidence_lickert.response","pl4_task_confidence_lickert.rt","pl4_task_stimLeft","pl4_task_stimRight","pl4_loop.thisRepN","pl4_loop.thisTrialN","pl4_loop.thisN","pl4_loop.thisIndex","pl4_loop.ran","end_keyresp.keys","end_keyresp.rt","end_keyresp.duration","show_trials.thisRepN","show_trials.thisTrialN","show_trials.thisN","show_trials.thisIndex","show_trials.ran"
"5acc6abbfa3b4e000173c8b5","brown_gnomes","ressources/step1_stim1.png",1,"ressources/step1_stim1_deact.png","bright_forest","ressources/step2_background1.png","red_basket","ressources/step2_stim2.png","purple_gnome","ressources/step1_stim2.png",2,"ressources/step1_stim2_deact.png","bright_forest","ressources/step2_background1.png","red_basket","ressources/step2_stim2.png","red_gnome","ressources/step1_stim3.png",2,"ressources/step1_stim3_deact.png","dark_forest","ressources/step2_background2.png","yellow_basket","ressources/step2_stim1.png","green_gnome","ressources/step1_stim4.png",1,"ressources/step1_stim4_deact.png","dark_forest","ressources/step2_background2.png","yellow_basket","ressources/step2_stim1.png",440478,1,"2024-02-20_10h25.18.089","experiment","2023.2.3","Win32",55.24861878,"6169ea2f9163a46bf5f356e2","65d473f163fad2a70bb049f3","65d47dd18e13c15dc0ab4448","",,,"",,,"",,,"",,,"",,,"",,,,,"",,,"","",,,,"",,,"","","",,,"","",,,,,"","","",,,,,,,,"",,,,,"",,,,,,,,,,,"","",,,,,"",,,"",,,,"",,,"","","",,,"","",,,,,"","","",,,,,,,,,"",,,"",,,"",,,"",,,,,,,"","",,,"",,,"",,,"",,,,,,,"",,,"","",,,,,,,,"",,,,,,,"",,,"","","",,,,,,,,"",,,,,"",,,,,"","","","",,,,,,"",,,,,"",,,,,"","",,,,,,"",,,,,,,
"","","",,"","","","","","","",,"","","","","","","",,"","","","","","","",,"","","","","",440478,1,"2024-02-20_10h25.18.089","experiment","2023.2.3","Win32",55.24861878,"6169ea2f9163a46bf5f356e2","65d473f163fad2a70bb049f3","65d47dd18e13c15dc0ab4448","y",11.4647,,"",,,"",,,"",,,"",,,"",,,,,"",,,"","",,,,"",,,"","","",,,"","",,,,,"","","",,,,,,,,"",,,,,"",,,,,,,,,,,"","",,,,,"",,,"",,,,"",,,"","","",,,"","",,,,,"","","",,,,,,,,,"",,,"",,,"",,,"",,,,,,,"","",,,"",,,"",,,"",,,,,,,"",,,"","",,,,,,,,"",,,,,,,"",,,"","","",,,,,,,,"",,,,,"",,,,,"","","","",,,,,,"",,,,,"",,,,,"","",,,,,,"",,,,,,,
"","","",,"","","","","","","",,"","","","","","","",,"","","","","","","",,"","","","","",440478,1,"2024-02-20_10h25.18.089","experiment","2023.2.3","Win32",55.24861878,"6169ea2f9163a46bf5f356e2","65d473f163fad2a70bb049f3","65d47dd18e13c15dc0ab4448","",,,"space",12.8378,,"space",18.0181,,"space",16.1896,,"space",21.674,,"space",27.2819,,109.0569,109.5732,"s",0.6917,,"","space",0.1867,,2,"p_pink_gnome",2,0,"p_yellow_forest","p_green_basket","p_orange_gnome",2,5,"p_green_forest","p_blue_basket",0,0,1,0,"p_pink_gnome","p_yellow_forest","p_green_basket",0,0,0,0,1,1,2,"",,,,,"",,,,,,,,,,,"","",,,,,"",,,"",,,,"",,,"","","",,,"","",,,,,"","","",,,,,,,,,"",,,"",,,"",,,"",,,,,,,"","",,,"",,,"",,,"",,,,,,,"",,,"","",,,,,,,,"",,,,,,,"",,,"","","",,,,,,,,"",,,,,"",,,,,"","","","",,,,,,"",,,,,"",,,,,"","",,,,,,"",,,,,,,
"","","",,"","","","","","","",,"","","","","","","",,"","","","","","","",,"","","","","",440478,1,"2024-02-20_10h25.18.089","experiment","2023.2.3","Win32",55.24861878,"6169ea2f9163a46bf5f356e2","65d473f163fad2a70bb049f3","65d47dd18e13c15dc0ab4448","",,,"",,,"",,,"",,,"",,,"",,,112.8409,113.3457,"",,,"","",,,1,"p_blue_gnome",1,5,"p_green_forest","p_blue_basket","p_green_gnome",1,0,"p_yellow_forest","p_green_basket",0,1,0,0,"p_pink_gnome","p_yellow_forest","p_green_basket",0,0,1,1,0,1,1,"space",2.6806,,,,"",,,,,,,,,,,"","",,,,,"",,,"",,,,"",,,"","","",,,"","",,,,,"","","",,,,,,,,,"",,,"",,,"",,,"",,,,,,,"","",,,"",,,"",,,"",,,,,,,"",,,"","",,,,,,,,"",,,,,,,"",,,"","","",,,,,,,,"",,,,,"",,,,,"","","","",,,,,,"",,,,,"",,,,,"","",,,,,,"",,,,,,,
"","","",,"","","","","","","",,"","","","","","","",,"","","","","","","",,"","","","","",440478,1,"2024-02-20_10h25.18.089","experiment","2023.2.3","Win32",55.24861878,"6169ea2f9163a46bf5f356e2","65d473f163fad2a70bb049f3","65d47dd18e13c15dc0ab4448","",,,"",,,"",,,"",,,"",,,"",,,117.6614,118.1686,"k",0.6537,,"space","",,,1,"p_blue_gnome",1,6,"p_green_forest","p_blue_basket","p_green_gnome",1,1,"p_yellow_forest","p_green_basket",1,0,0,1,"p_green_gnome","p_yellow_forest","p_green_basket",1,1,0,2,0,1,1,"",,,0.5,,"",,,,,,,,,,,"","",,,,,"",,,"",,,,"",,,"","","",,,"","",,,,,"","","",,,,,,,,,"",,,"",,,"",,,"",,,,,,,"","",,,"",,,"",,,"",,,,,,,"",,,"","",,,,,,,,"",,,,,,,"",,,"","","",,,,,,,,"",,,,,"",,,,,"","","","",,,,,,"",,,,,"",,,,,"","",,,,,,"",,,,,,,
"","","",,"","","","","","","",,"","","","","","","",,"","","","","","","",,"","","","","",440478,1,"2024-02-20_10h25.18.089","experiment","2023.2.3","Win32",55.24861878,"6169ea2f9163a46bf5f356e2","65d473f163fad2a70bb049f3","65d47dd18e13c15dc0ab4448","",,,"",,,"",,,"",,,"",,,"",,,123.247,123.758,"s",0.6287,,"space","",,,1,"p_green_gnome",1,1,"p_yellow_forest","p_green_basket","p_blue_gnome",1,6,"p_green_forest","p_blue_basket",1,0,0,1,"p_green_gnome","p_yellow_forest","p_green_basket",2,1,1,3,0,1,1,"",,,0.5654,,"",,,,,,,,,,,"","",,,,,"",,,"",,,,"",,,"","","",,,"","",,,,,"","","",,,,,,,,,"",,,"",,,"",,,"",,,,,,,"","",,,"",,,"",,,"",,,,,,,"",,,"","",,,,,,,,"",,,,,,,"",,,"","","",,,,,,,,"",,,,,"",,,,,"","","","",,,,,,"",,,,,"",,,,,"","",,,,,,"",,,,,,,
"","","",,"","","","","","","",,"","","","","","","",,"","","","","","","",,"","","","","",440478,1,"2024-02-20_10h25.18.089","experiment","2023.2.3","Win32",55.24861878,"6169ea2f9163a46bf5f356e2","65d473f163fad2a70bb049f3","65d47dd18e13c15dc0ab4448","",,,"",,,"",,,"",,,"",,,"",,,128.8411,129.3526,"k",0.7423,,"space","",,,2,"p_orange_gnome",2,7,"p_green_forest","p_blue_basket","p_pink_gnome",2,2,"p_yellow_forest","p_green_basket",2,0,0,1,"p_pink_gnome","p_yellow_forest","p_green_basket",4,2,0,4,1,1,2,"",,,0.9884,,"",,,,,,,,,,,"","",,,,,"",,,"",,,,"",,,"","","",,,"","",,,,,"","","",,,,,,,,,"",,,"",,,"",,,"",,,,,,,"","",,,"",,,"",,,"",,,,,,,"",,,"","",,,,,,,,"",,,,,,,"",,,"","","",,,,,,,,"",,,,,"",,,,,"","","","",,,,,,"",,,,,"",,,,,"","",,,,,,"",,,,,,,
"","","",,"","","","","","","",,"","","","","","","",,"","","","","","","",,"","","","","",440478,1,"2024-02-20_10h25.18.089","experiment","2023.2.3","Win32",55.24861878,"6169ea2f9163a46bf5f356e2","65d473f163fad2a70bb049f3","65d47dd18e13c15dc0ab4448","",,,"",,,"",,,"",,,"",,,"",,,134.4382,134.9472,"k",0.5774,,"space","",,,1,"p_green_gnome",1,2,"p_yellow_forest","p_green_basket","p_blue_gnome",1,7,"p_green_forest","p_blue_basket",7,0,0,1,"p_blue_gnome","p_green_forest","p_blue_basket",11,2,1,5,0,1,1,"",,,0.5869,,"",,,,,,,,,,,"","",,,,,"",,,"",,,,"",,,"","","",,,"","",,,,,"","","",,,,,,,,,"",,,"",,,"",,,"",,,,,,,"","",,,"",,,"",,,"",,,,,,,"",,,"","",,,,,,,,"",,,,,,,"",,,"","","",,,,,,,,"",,,,,"",,,,,"","","","",,,,,,"",,,,,"",,,,,"","",,,,,,"",,,,,,,
"","","",,"","","","","","","",,"","","","","","","",,"","","","","","","",,"","","","","",440478,1,"2024-02-20_10h25.18.089","experiment","2023.2.3","Win32",55.24861878,"6169ea2f9163a46bf5f356e2","65d473f163fad2a70bb049f3","65d47dd18e13c15dc0ab4448","",,,"",,,"",,,"",,,"",,,"",,,140.0261,140.5347,"k",0.635,,"space","",,,2,"p_pink_gnome",2,3,"p_yellow_forest","p_green_basket","p_orange_gnome",2,8,"p_green_forest","p_blue_basket",8,0,0,1,"p_orange_gnome","p_green_forest","p_blue_basket",19,3,0,6,1,1,2,"",,,0.573,,"",,,,,,,,,,,"","",,,,,"",,,"",,,,"",,,"","","",,,"","",,,,,"","","",,,,,,,,,"",,,"",,,"",,,"",,,,,,,"","",,,"",,,"",,,"",,,,,,,"",,,"","",,,,,,,,"",,,,,,,"",,,"","","",,,,,,,,"",,,,,"",,,,,"","","","",,,,,,"",,,,,"",,,,,"","",,,,,,"",,,,,,,
"","","",,"","","","","","","",,"","","","","","","",,"","","","","","","",,"","","","","",440478,1,"2024-02-20_10h25.18.089","experiment","2023.2.3","Win32",55.24861878,"6169ea2f9163a46bf5f356e2","65d473f163fad2a70bb049f3","65d47dd18e13c15dc0ab4448","",,,"",,,"",,,"",,,"",,,"",,,145.6037,146.1127,"k",0.8674,,"space","",,,2,"p_pink_gnome",2,3,"p_yellow_forest","p_green_basket","p_orange_gnome",2,8,"p_green_forest","p_blue_basket",8,0,0,1,"p_orange_gnome","p_green_forest","p_blue_basket",27,3,1,7,1,1,2,"",,,0.7126,0.1481,"",,,,,,,,,,,"","",,,,,"",,,"",,,,"",,,"","","",,,"","",,,,,"","","",,,,,,,,,"",,,"",,,"",,,"",,,,,,,"","",,,"",,,"",,,"",,,,,,,"",,,"","",,,,,,,,"",,,,,,,"",,,"","","",,,,,,,,"",,,,,"",,,,,"","","","",,,,,,"",,,,,"",,,,,"","",,,,,,"",,,,,,,
"","","",,"","","","","","","",,"","","","","","","",,"","","","","","","",,"","","","","",440478,1,"2024-02-20_10h25.18.089","experiment","2023.2.3","Win32",55.24861878,"6169ea2f9163a46bf5f356e2","65d473f163fad2a70bb049f3","65d47dd18e13c15dc0ab4448","",,,"",,,"",,,"",,,"",,,"",,,150.9998,151.516,"k",0.7579,,"space","",,,2,"p_orange_gnome",2,9,"p_green_forest","p_blue_basket","p_pink_gnome",2,4,"p_yellow_forest","p_green_basket",4,0,0,1,"p_pink_gnome","p_yellow_forest","p_green_basket",31,4,0,8,1,1,2,"",,,0.7628,,"",,,,,,,,,,,"","",,,,,"",,,"",,,,"",,,"","","",,,"","",,,,,"","","",,,,,,,,,"",,,"",,,"",,,"",,,,,,,"","",,,"",,,"",,,"",,,,,,,"",,,"","",,,,,,,,"",,,,,,,"",,,"","","",,,,,,,,"",,,,,"",,,,,"","","","",,,,,,"",,,,,"",,,,,"","",,,,,,"",,,,,,,
"","","",,"","","","","","","",,"","","","","","","",,"","","","","","","",,"","","","","",440478,1,"2024-02-20_10h25.18.089","experiment","2023.2.3","Win32",55.24861878,"6169ea2f9163a46bf5f356e2","65d473f163fad2a70bb049f3","65d47dd18e13c15dc0ab4448","",,,"",,,"",,,"",,,"",,,"",,,156.5925,157.1029,"k",0.8502,,"space","",,,1,"p_blue_gnome",1,9,"p_green_forest","p_blue_basket","p_green_gnome",1,4,"p_yellow_forest","p_green_basket",4,0,0,1,"p_green_gnome","p_yellow_forest","p_green_basket",35,4,1,9,0,1,1,"",,,0.645,,"",,,,,,,,,,,"","",,,,,"",,,"",,,,"",,,"","","",,,"","",,,,,"","","",,,,,,,,,"",,,"",,,"",,,"",,,,,,,"","",,,"",,,"",,,"",,,,,,,"",,,"","",,,,,,,,"",,,,,,,"",,,"","","",,,,,,,,"",,,,,"",,,,,"","","","",,,,,,"",,,,,"",,,,,"","",,,,,,"",,,,,,,
"","","",,"","","","","","","",,"","","","","","","",,"","","","","","","",,"","","","","",440478,1,"2024-02-20_10h25.18.089","experiment","2023.2.3","Win32",55.24861878,"6169ea2f9163a46bf5f356e2","65d473f163fad2a70bb049f3","65d47dd18e13c15dc0ab4448","",,,"",,,"",,,"",,,"",,,"",,,,,"",,,"","",,,,"",,,"","","",,,"","",,,,,"","","",,,,,,,1,"",,,,,"space",24.9636,,187.1102,217.3916,0.684895833,-0.368489583,1,0,0,30.237,"t_advice_finished_typing_rect","space",18.9516,,237.8482,237.8487,"s",0.6804,,"space",0.8693,,1,"brown_gnomes",1,8,"bright_forest","red_basket","green_gnome",1,1,"dark_forest","yellow_basket",8,0,0,1,"brown_gnomes","bright_forest","red_basket",8,1,-2,0,0,0,0,1,"",,,"",,,"",,,"",,,,,,,"","",,,"",,,"",,,"",,,,,,,"",,,"","",,,,,,,,"",,,,,,,"",,,"","","",,,,,,,,"",,,,,"",,,,,"","","","",,,,,,"",,,,,"",,,,,"","",,,,,,"",,,,,,,
"","","",,"","","","","","","",,"","","","","","","",,"","","","","","","",,"","","","","",440478,1,"2024-02-20_10h25.18.089","experiment","2023.2.3","Win32",55.24861878,"6169ea2f9163a46bf5f356e2","65d473f163fad2a70bb049f3","65d47dd18e13c15dc0ab4448","",,,"",,,"",,,"",,,"",,,"",,,,,"",,,"","",,,,"",,,"","","",,,"","",,,,,"","","",,,,,,,1,"",,,,,"",,,,,,,,,,,"","",,,,,"s",0.6781,,"space",0.8996,,1,"brown_gnomes",1,9,"bright_forest","red_basket","green_gnome",1,1,"dark_forest","yellow_basket",9,0,0,1,"brown_gnomes","bright_forest","red_basket",17,-1,1,0,1,1,0,1,"",,,"",,,"",,,"",,,,,,,"","",,,"",,,"",,,"",,,,,,,"",,,"","",,,,,,,,"",,,,,,,"",,,"","","",,,,,,,,"",,,,,"",,,,,"","","","",,,,,,"",,,,,"",,,,,"","",,,,,,"",,,,,,,
"","","",,"","","","","","","",,"","","","","","","",,"","","","","","","",,"","","","","",440478,1,"2024-02-20_10h25.18.089","experiment","2023.2.3","Win32",55.24861878,"6169ea2f9163a46bf5f356e2","65d473f163fad2a70bb049f3","65d47dd18e13c15dc0ab4448","",,,"",,,"",,,"",,,"",,,"",,,,,"",,,"","",,,,"",,,"","","",,,"","",,,,,"","","",,,,,,,1,"",,,,,"",,,,,,,,,,,"","",,,,,"k",0.7458,,"space",0.5754,,1,"green_gnome",1,2,"dark_forest","yellow_basket","brown_gnomes",1,8,"bright_forest","red_basket",8,0,0,1,"brown_gnomes","bright_forest","red_basket",25,1,-1,1,0,2,0,1,"",,,"",,,"",,,"",,,,,,,"","",,,"",,,"",,,"",,,,,,,"",,,"","",,,,,,,,"",,,,,,,"",,,"","","",,,,,,,,"",,,,,"",,,,,"","","","",,,,,,"",,,,,"",,,,,"","",,,,,,"",,,,,,,
"","","",,"","","","","","","",,"","","","","","","",,"","","","","","","",,"","","","","",440478,1,"2024-02-20_10h25.18.089","experiment","2023.2.3","Win32",55.24861878,"6169ea2f9163a46bf5f356e2","65d473f163fad2a70bb049f3","65d47dd18e13c15dc0ab4448","",,,"",,,"",,,"",,,"",,,"",,,,,"",,,"","",,,,"",,,"","","",,,"","",,,,,"","","",,,,,,,1,"",,,,,"",,,,,,,,,,,"","",,,,,"s",0.6283,,"space",0.8068,,1,"brown_gnomes",1,9,"bright_forest","red_basket","green_gnome",1,1,"dark_forest","yellow_basket",9,0,0,1,"brown_gnomes","bright_forest","red_basket",34,-3,-1,1,1,3,0,1,"",,,"",,,"",,,"",,,,,,,"","",,,"",,,"",,,"",,,,,,,"",,,"","",,,,,,,,"",,,,,,,"",,,"","","",,,,,,,,"",,,,,"",,,,,"","","","",,,,,,"",,,,,"",,,,,"","",,,,,,"",,,,,,,
"","","",,"","","","","","","",,"","","","","","","",,"","","","","","","",,"","","","","",440478,1,"2024-02-20_10h25.18.089","experiment","2023.2.3","Win32",55.24861878,"6169ea2f9163a46bf5f356e2","65d473f163fad2a70bb049f3","65d47dd18e13c15dc0ab4448","",,,"",,,"",,,"",,,"",,,"",,,,,"",,,"","",,,,"",,,"","","",,,"","",,,,,"","","",,,,,,,2,"",,,,,"",,,,,,,,,,,"","",,,,,"s",1.4276,,"space",0.3224,,2,"purple_gnome",2,6,"bright_forest","red_basket","red_gnome",2,0,"dark_forest","yellow_basket",6,0,0,1,"purple_gnome","bright_forest","red_basket",40,5,0,2,0,4,1,1,"",,,"",,,"",,,"",,,,,,,"","",,,"",,,"",,,"",,,,,,,"",,,"","",,,,,,,,"",,,,,,,"",,,"","","",,,,,,,,"",,,,,"",,,,,"","","","",,,,,,"",,,,,"",,,,,"","",,,,,,"",,,,,,,
"","","",,"","","","","","","",,"","","","","","","",,"","","","","","","",,"","","","","",440478,1,"2024-02-20_10h25.18.089","experiment","2023.2.3","Win32",55.24861878,"6169ea2f9163a46bf5f356e2","65d473f163fad2a70bb049f3","65d47dd18e13c15dc0ab4448","",,,"",,,"",,,"",,,"",,,"",,,,,"",,,"","",,,,"",,,"","","",,,"","",,,,,"","","",,,,,,,1,"",,,,,"",,,,,,,,,,,"","",,,,,"s",0.7825,,"space",1.041,,1,"brown_gnomes",1,7,"bright_forest","red_basket","green_gnome",1,0,"dark_forest","yellow_basket",7,0,0,1,"brown_gnomes","bright_forest","red_basket",47,3,2,2,1,5,0,1,"",,,"",,,"",,,"",,,,,,,"","",,,"",,,"",,,"",,,,,,,"",,,"","",,,,,,,,"",,,,,,,"",,,"","","",,,,,,,,"",,,,,"",,,,,"","","","",,,,,,"",,,,,"",,,,,"","",,,,,,"",,,,,,,
"","","",,"","","","","","","",,"","","","","","","",,"","","","","","","",,"","","","","",440478,1,"2024-02-20_10h25.18.089","experiment","2023.2.3","Win32",55.24861878,"6169ea2f9163a46bf5f356e2","65d473f163fad2a70bb049f3","65d47dd18e13c15dc0ab4448","",,,"",,,"",,,"",,,"",,,"",,,,,"",,,"","",,,,"",,,"","","",,,"","",,,,,"","","",,,,,,,2,"",,,,,"",,,,,,,,,,,"","",,,,,"s",1.1104,,"space",1.3081,,2,"purple_gnome",2,8,"bright_forest","red_basket","red_gnome",2,2,"dark_forest","yellow_basket",8,0,0,1,"purple_gnome","bright_forest","red_basket",55,2,3,3,0,6,1,1,"",,,"",,,"",,,"",,,,,,,"","",,,"",,,"",,,"",,,,,,,"",,,"","",,,,,,,,"",,,,,,,"",,,"","","",,,,,,,,"",,,,,"",,,,,"","","","",,,,,,"",,,,,"",,,,,"","",,,,,,"",,,,,,,
"","","",,"","","","","","","",,"","","","","","","",,"","","","","","","",,"","","","","",440478,1,"2024-02-20_10h25.18.089","experiment","2023.2.3","Win32",55.24861878,"6169ea2f9163a46bf5f356e2","65d473f163fad2a70bb049f3","65d47dd18e13c15dc0ab4448","",,,"",,,"",,,"",,,"",,,"",,,,,"",,,"","",,,,"",,,"","","",,,"","",,,,,"","","",,,,,,,2,"",,,,,"",,,,,,,,,,,"","",,,,,"s",0.825,,"space",1.2214,,2,"purple_gnome",2,8,"bright_forest","red_basket","red_gnome",2,5,"dark_forest","yellow_basket",8,0,0,1,"purple_gnome","bright_forest","red_basket",63,1,3,3,1,7,1,1,"",,,"",,,"",,,"",,,,,,,"","",,,"",,,"",,,"",,,,,,,"",,,"","",,,,,,,,"",,,,,,,"",,,"","","",,,,,,,,"",,,,,"",,,,,"","","","",,,,,,"",,,,,"",,,,,"","",,,,,,"",,,,,,,
"","","",,"","","","","","","",,"","","","","","","",,"","","","","","","",,"","","","","",440478,1,"2024-02-20_10h25.18.089","experiment","2023.2.3","Win32",55.24861878,"6169ea2f9163a46bf5f356e2","65d473f163fad2a70bb049f3","65d47dd18e13c15dc0ab4448","",,,"",,,"",,,"",,,"",,,"",,,,,"",,,"","",,,,"",,,"","","",,,"","",,,,,"","","",,,,,,,1,"",,,,,"",,,,,,,,,,,"","",,,,,"s",0.7589,,"space",1.2221,,1,"brown_gnomes",1,9,"bright_forest","red_basket","green_gnome",1,8,"dark_forest","yellow_basket",9,0,0,1,"brown_gnomes","bright_forest","red_basket",72,0,-3,4,0,8,0,1,"",,,"",,,"",,,"",,,,,,,"","",,,"",,,"",,,"",,,,,,,"",,,"","",,,,,,,,"",,,,,,,"",,,"","","",,,,,,,,"",,,,,"",,,,,"","","","",,,,,,"",,,,,"",,,,,"","",,,,,,"",,,,,,,
"","","",,"","","","","","","",,"","","","","","","",,"","","","","","","",,"","","","","",440478,1,"2024-02-20_10h25.18.089","experiment","2023.2.3","Win32",55.24861878,"6169ea2f9163a46bf5f356e2","65d473f163fad2a70bb049f3","65d47dd18e13c15dc0ab4448","",,,"",,,"",,,"",,,"",,,"",,,,,"",,,"","",,,,"",,,"","","",,,"","",,,,,"","","",,,,,,,1,"",,,,,"",,,,,,,,,,,"","",,,,,"k",1.3164,,"space",0.911,,1,"green_gnome",1,5,"dark_forest","yellow_basket","brown_gnomes",1,9,"bright_forest","red_basket",9,0,0,1,"brown_gnomes","bright_forest","red_basket",81,2,0,4,1,9,0,1,"",,,"",,,"",,,"",,,,,,,"","",,,"",,,"",,,"",,,,,,,"",,,"","",,,,,,,,"",,,,,,,"",,,"","","",,,,,,,,"",,,,,"",,,,,"","","","",,,,,,"",,,,,"",,,,,"","",,,,,,"",,,,,,,
"","","",,"","","","","","","",,"","","","","","","",,"","","","","","","",,"","","","","",440478,1,"2024-02-20_10h25.18.089","experiment","2023.2.3","Win32",55.24861878,"6169ea2f9163a46bf5f356e2","65d473f163fad2a70bb049f3","65d47dd18e13c15dc0ab4448","",,,"",,,"",,,"",,,"",,,"",,,,,"",,,"","",,,,"",,,"","","",,,"","",,,,,"","","",,,,,,,1,"",,,,,"",,,,,,,,,,,"","",,,,,"s",0.9434,,"space",0.8229,,1,"brown_gnomes",1,7,"bright_forest","red_basket","green_gnome",1,5,"dark_forest","yellow_basket",7,0,0,1,"brown_gnomes","bright_forest","red_basket",88,-1,0,5,0,10,0,1,"",,,"",,,"",,,"",,,,,,,"","",,,"",,,"",,,"",,,,,,,"",,,"","",,,,,,,,"",,,,,,,"",,,"","","",,,,,,,,"",,,,,"",,,,,"","","","",,,,,,"",,,,,"",,,,,"","",,,,,,"",,,,,,,
"","","",,"","","","","","","",,"","","","","","","",,"","","","","","","",,"","","","","",440478,1,"2024-02-20_10h25.18.089","experiment","2023.2.3","Win32",55.24861878,"6169ea2f9163a46bf5f356e2","65d473f163fad2a70bb049f3","65d47dd18e13c15dc0ab4448","",,,"",,,"",,,"",,,"",,,"",,,,,"",,,"","",,,,"",,,"","","",,,"","",,,,,"","","",,,,,,,1,"",,,,,"",,,,,,,,,,,"","",,,,,"s",0.7934,,"",,,1,"brown_gnomes",1,6,"bright_forest","red_basket","green_gnome",1,5,"dark_forest","yellow_basket",0,0,1,0,"brown_gnomes","bright_forest","red_basket",88,-1,-2,5,1,11,0,1,"",,,"",,,"",,,"",,,,,,,"","",,,"",,,"",,,"",,,,,,,"",,,"","",,,,,,,,"",,,,,,,"",,,"","","",,,,,,,,"",,,,,"",,,,,"","","","",,,,,,"",,,,,"",,,,,"","",,,,,,"",,,,,,,
"","","",,"","","","","","","",,"","","","","","","",,"","","","","","","",,"","","","","",440478,1,"2024-02-20_10h25.18.089","experiment","2023.2.3","Win32",55.24861878,"6169ea2f9163a46bf5f356e2","65d473f163fad2a70bb049f3","65d47dd18e13c15dc0ab4448","",,,"",,,"",,,"",,,"",,,"",,,,,"",,,"","",,,,"",,,"","","",,,"","",,,,,"","","",,,,,,,1,"",,,,,"",,,,,,,,,,,"","",,,,,"k",1.3172,,"space",0.9418,,1,"green_gnome",1,3,"dark_forest","yellow_basket","brown_gnomes",1,5,"bright_forest","red_basket",5,0,0,1,"brown_gnomes","bright_forest","red_basket",93,2,0,6,0,12,0,1,"",,,"",,,"",,,"",,,,,,,"","",,,"",,,"",,,"",,,,,,,"",,,"","",,,,,,,,"",,,,,,,"",,,"","","",,,,,,,,"",,,,,"",,,,,"","","","",,,,,,"",,,,,"",,,,,"","",,,,,,"",,,,,,,
"","","",,"","","","","","","",,"","","","","","","",,"","","","","","","",,"","","","","",440478,1,"2024-02-20_10h25.18.089","experiment","2023.2.3","Win32",55.24861878,"6169ea2f9163a46bf5f356e2","65d473f163fad2a70bb049f3","65d47dd18e13c15dc0ab4448","",,,"",,,"",,,"",,,"",,,"",,,,,"",,,"","",,,,"",,,"","","",,,"","",,,,,"","","",,,,,,,1,"",,,,,"",,,,,,,,,,,"","",,,,,"k",0.7353,,"space",0.9516,,1,"green_gnome",1,3,"dark_forest","yellow_basket","brown_gnomes",1,7,"bright_forest","red_basket",7,0,0,1,"brown_gnomes","bright_forest","red_basket",100,-1,2,6,1,13,0,1,"",,,"",,,"",,,"",,,,,,,"","",,,"",,,"",,,"",,,,,,,"",,,"","",,,,,,,,"",,,,,,,"",,,"","","",,,,,,,,"",,,,,"",,,,,"","","","",,,,,,"",,,,,"",,,,,"","",,,,,,"",,,,,,,
"","","",,"","","","","","","",,"","","","","","","",,"","","","","","","",,"","","","","",440478,1,"2024-02-20_10h25.18.089","experiment","2023.2.3","Win32",55.24861878,"6169ea2f9163a46bf5f356e2","65d473f163fad2a70bb049f3","65d47dd18e13c15dc0ab4448","",,,"",,,"",,,"",,,"",,,"",,,,,"",,,"","",,,,"",,,"","","",,,"","",,,,,"","","",,,,,,,2,"",,,,,"",,,,,,,,,,,"","",,,,,"s",1.4869,,"space",1.0947,,2,"purple_gnome",2,6,"bright_forest","red_basket","red_gnome",2,5,"dark_forest","yellow_basket",6,0,0,1,"purple_gnome","bright_forest","red_basket",106,-4,0,7,0,14,1,1,"",,,"",,,"",,,"",,,,,,,"","",,,"",,,"",,,"",,,,,,,"",,,"","",,,,,,,,"",,,,,,,"",,,"","","",,,,,,,,"",,,,,"",,,,,"","","","",,,,,,"",,,,,"",,,,,"","",,,,,,"",,,,,,,
"","","",,"","","","","","","",,"","","","","","","",,"","","","","","","",,"","","","","",440478,1,"2024-02-20_10h25.18.089","experiment","2023.2.3","Win32",55.24861878,"6169ea2f9163a46bf5f356e2","65d473f163fad2a70bb049f3","65d47dd18e13c15dc0ab4448","",,,"",,,"",,,"",,,"",,,"",,,,,"",,,"","",,,,"",,,"","","",,,"","",,,,,"","","",,,,,,,2,"",,,,,"",,,,,,,,,,,"","",,,,,"s",0.8537,,"",,,2,"purple_gnome",2,2,"bright_forest","red_basket","red_gnome",2,5,"dark_forest","yellow_basket",0,0,1,0,"purple_gnome","bright_forest","red_basket",106,-3,0,7,1,15,1,1,"",,,"",,,"",,,"",,,,,,,"","",,,"",,,"",,,"",,,,,,,"",,,"","",,,,,,,,"",,,,,,,"",,,"","","",,,,,,,,"",,,,,"",,,,,"","","","",,,,,,"",,,,,"",,,,,"","",,,,,,"",,,,,,,
"","","",,"","","","","","","",,"","","","","","","",,"","","","","","","",,"","","","","",440478,1,"2024-02-20_10h25.18.089","experiment","2023.2.3","Win32",55.24861878,"6169ea2f9163a46bf5f356e2","65d473f163fad2a70bb049f3","65d47dd18e13c15dc0ab4448","",,,"",,,"",,,"",,,"",,,"",,,,,"",,,"","",,,,"",,,"","","",,,"","",,,,,"","","",,,,,,,1,"",,,,,"",,,,,,,,,,,"","",,,,,"k",0.9878,,"",,,1,"green_gnome",1,5,"dark_forest","yellow_basket","brown_gnomes",1,1,"bright_forest","red_basket",0,0,1,0,"brown_gnomes","bright_forest","red_basket",106,-1,-2,8,0,16,0,1,"",,,"",,,"",,,"",,,,,,,"","",,,"",,,"",,,"",,,,,,,"",,,"","",,,,,,,,"",,,,,,,"",,,"","","",,,,,,,,"",,,,,"",,,,,"","","","",,,,,,"",,,,,"",,,,,"","",,,,,,"",,,,,,,
"","","",,"","","","","","","",,"","","","","","","",,"","","","","","","",,"","","","","",440478,1,"2024-02-20_10h25.18.089","experiment","2023.2.3","Win32",55.24861878,"6169ea2f9163a46bf5f356e2","65d473f163fad2a70bb049f3","65d47dd18e13c15dc0ab4448","",,,"",,,"",,,"",,,"",,,"",,,,,"",,,"","",,,,"",,,"","","",,,"","",,,,,"","","",,,,,,,2,"",,,,,"",,,,,,,,,,,"","",,,,,"k",0.993,,"space",0.8161,,2,"red_gnome",2,3,"dark_forest","yellow_basket","purple_gnome",2,0,"bright_forest","red_basket",0,0,0,1,"purple_gnome","bright_forest","red_basket",106,0,-2,8,1,17,1,1,"",,,"",,,"",,,"",,,,,,,"","",,,"",,,"",,,"",,,,,,,"",,,"","",,,,,,,,"",,,,,,,"",,,"","","",,,,,,,,"",,,,,"",,,,,"","","","",,,,,,"",,,,,"",,,,,"","",,,,,,"",,,,,,,
"","","",,"","","","","","","",,"","","","","","","",,"","","","","","","",,"","","","","",440478,1,"2024-02-20_10h25.18.089","experiment","2023.2.3","Win32",55.24861878,"6169ea2f9163a46bf5f356e2","65d473f163fad2a70bb049f3","65d47dd18e13c15dc0ab4448","",,,"",,,"",,,"",,,"",,,"",,,,,"",,,"","",,,,"",,,"","","",,,"","",,,,,"","","",,,,,,,1,"",,,,,"",,,,,,,,,,,"","",,,,,"k",1.1304,,"space",0.5208,,1,"brown_gnomes",1,0,"bright_forest","red_basket","green_gnome",1,1,"dark_forest","yellow_basket",1,0,0,1,"green_gnome","dark_forest","yellow_basket",107,-1,1,9,0,18,0,1,"",,,"",,,"",,,"",,,,,,,"","",,,"",,,"",,,"",,,,,,,"",,,"","",,,,,,,,"",,,,,,,"",,,"","","",,,,,,,,"",,,,,"",,,,,"","","","",,,,,,"",,,,,"",,,,,"","",,,,,,"",,,,,,,
"","","",,"","","","","","","",,"","","","","","","",,"","","","","","","",,"","","","","",440478,1,"2024-02-20_10h25.18.089","experiment","2023.2.3","Win32",55.24861878,"6169ea2f9163a46bf5f356e2","65d473f163fad2a70bb049f3","65d47dd18e13c15dc0ab4448","",,,"",,,"",,,"",,,"",,,"",,,,,"",,,"","",,,,"",,,"","","",,,"","",,,,,"","","",,,,,,,2,"",,,,,"",,,,,,,,,,,"","",,,,,"k",1.2447,,"space",0.5369,,2,"red_gnome",2,2,"dark_forest","yellow_basket","purple_gnome",2,1,"bright_forest","red_basket",1,0,0,1,"purple_gnome","bright_forest","red_basket",108,-1,-1,9,1,19,1,1,"",,,"",,,"",,,"",,,,,,,"","",,,"",,,"",,,"",,,,,,,"",,,"","",,,,,,,,"",,,,,,,"",,,"","","",,,,,,,,"",,,,,"",,,,,"","","","",,,,,,"",,,,,"",,,,,"","",,,,,,"",,,,,,,
"","","",,"","","","","","","",,"","","","","","","",,"","","","","","","",,"","","","","",440478,1,"2024-02-20_10h25.18.089","experiment","2023.2.3","Win32",55.24861878,"6169ea2f9163a46bf5f356e2","65d473f163fad2a70bb049f3","65d47dd18e13c15dc0ab4448","",,,"",,,"",,,"",,,"",,,"",,,,,"",,,"","",,,,"",,,"","","",,,"","",,,,,"","","",,,,,,,2,"",,,,,"",,,,,,,,,,,"","",,,,,"k",0.8809,,"space",0.6718,,2,"red_gnome",2,1,"dark_forest","yellow_basket","purple_gnome",2,0,"bright_forest","red_basket",0,0,0,1,"purple_gnome","bright_forest","red_basket",108,3,1,10,0,20,1,1,"",,,"",,,"",,,"",,,,,,,"","",,,"",,,"",,,"",,,,,,,"",,,"","",,,,,,,,"",,,,,,,"",,,"","","",,,,,,,,"",,,,,"",,,,,"","","","",,,,,,"",,,,,"",,,,,"","",,,,,,"",,,,,,,
"","","",,"","","","","","","",,"","","","","","","",,"","","","","","","",,"","","","","",440478,1,"2024-02-20_10h25.18.089","experiment","2023.2.3","Win32",55.24861878,"6169ea2f9163a46bf5f356e2","65d473f163fad2a70bb049f3","65d47dd18e13c15dc0ab4448","",,,"",,,"",,,"",,,"",,,"",,,,,"",,,"","",,,,"",,,"","","",,,"","",,,,,"","","",,,,,,,2,"",,,,,"",,,,,,,,,,,"","",,,,,"k",0.9606,,"space",0.4173,,2,"purple_gnome",2,3,"bright_forest","red_basket","red_gnome",2,2,"dark_forest","yellow_basket",2,0,0,1,"red_gnome","dark_forest","yellow_basket",110,-3,1,10,1,21,1,1,"",,,"",,,"",,,"",,,,,,,"","",,,"",,,"",,,"",,,,,,,"",,,"","",,,,,,,,"",,,,,,,"",,,"","","",,,,,,,,"",,,,,"",,,,,"","","","",,,,,,"",,,,,"",,,,,"","",,,,,,"",,,,,,,
"","","",,"","","","","","","",,"","","","","","","",,"","","","","","","",,"","","","","",440478,1,"2024-02-20_10h25.18.089","experiment","2023.2.3","Win32",55.24861878,"6169ea2f9163a46bf5f356e2","65d473f163fad2a70bb049f3","65d47dd18e13c15dc0ab4448","",,,"",,,"",,,"",,,"",,,"",,,,,"",,,"","",,,,"",,,"","","",,,"","",,,,,"","","",,,,,,,1,"",,,,,"",,,,,,,,,,,"","",,,,,"s",1.0633,,"space",0.3758,,1,"green_gnome",1,3,"dark_forest","yellow_basket","brown_gnomes",1,0,"bright_forest","red_basket",3,0,0,1,"green_gnome","dark_forest","yellow_basket",113,1,0,11,0,22,0,1,"",,,"",,,"",,,"",,,,,,,"","",,,"",,,"",,,"",,,,,,,"",,,"","",,,,,,,,"",,,,,,,"",,,"","","",,,,,,,,"",,,,,"",,,,,"","","","",,,,,,"",,,,,"",,,,,"","",,,,,,"",,,,,,,
"","","",,"","","","","","","",,"","","","","","","",,"","","","","","","",,"","","","","",440478,1,"2024-02-20_10h25.18.089","experiment","2023.2.3","Win32",55.24861878,"6169ea2f9163a46bf5f356e2","65d473f163fad2a70bb049f3","65d47dd18e13c15dc0ab4448","",,,"",,,"",,,"",,,"",,,"",,,,,"",,,"","",,,,"",,,"","","",,,"","",,,,,"","","",,,,,,,1,"",,,,,"",,,,,,,,,,,"","",,,,,"s",1.1783,,"space",0.5232,,1,"green_gnome",1,3,"dark_forest","yellow_basket","brown_gnomes",1,1,"bright_forest","red_basket",3,0,0,1,"green_gnome","dark_forest","yellow_basket",116,3,0,11,1,23,0,1,"",,,"",,,"",,,"",,,,,,,"","",,,"",,,"",,,"",,,,,,,"",,,"","",,,,,,,,"",,,,,,,"",,,"","","",,,,,,,,"",,,,,"",,,,,"","","","",,,,,,"",,,,,"",,,,,"","",,,,,,"",,,,,,,
"","","",,"","","","","","","",,"","","","","","","",,"","","","","","","",,"","","","","",440478,1,"2024-02-20_10h25.18.089","experiment","2023.2.3","Win32",55.24861878,"6169ea2f9163a46bf5f356e2","65d473f163fad2a70bb049f3","65d47dd18e13c15dc0ab4448","",,,"",,,"",,,"",,,"",,,"",,,,,"",,,"","",,,,"",,,"","","",,,"","",,,,,"","","",,,,,,,2,"",,,,,"",,,,,,,,,,,"","",,,,,"s",1.5011,,"space",0.7462,,2,"red_gnome",2,3,"dark_forest","yellow_basket","purple_gnome",2,4,"bright_forest","red_basket",3,0,0,1,"red_gnome","dark_forest","yellow_basket",119,-1,0,12,0,24,1,1,"",,,"",,,"",,,"",,,,,,,"","",,,"",,,"",,,"",,,,,,,"",,,"","",,,,,,,,"",,,,,,,"",,,"","","",,,,,,,,"",,,,,"",,,,,"","","","",,,,,,"",,,,,"",,,,,"","",,,,,,"",,,,,,,
"","","",,"","","","","","","",,"","","","","","","",,"","","","","","","",,"","","","","",440478,1,"2024-02-20_10h25.18.089","experiment","2023.2.3","Win32",55.24861878,"6169ea2f9163a46bf5f356e2","65d473f163fad2a70bb049f3","65d47dd18e13c15dc0ab4448","",,,"",,,"",,,"",,,"",,,"",,,,,"",,,"","",,,,"",,,"","","",,,"","",,,,,"","","",,,,,,,2,"",,,,,"",,,,,,,,,,,"","",,,,,"s",0.7508,,"space",0.6862,,2,"purple_gnome",2,3,"bright_forest","red_basket","red_gnome",2,3,"dark_forest","yellow_basket",3,0,0,1,"purple_gnome","bright_forest","red_basket",122,3,4,12,1,25,1,1,"",,,"",,,"",,,"",,,,,,,"","",,,"",,,"",,,"",,,,,,,"",,,"","",,,,,,,,"",,,,,,,"",,,"","","",,,,,,,,"",,,,,"",,,,,"","","","",,,,,,"",,,,,"",,,,,"","",,,,,,"",,,,,,,
"","","",,"","","","","","","",,"","","","","","","",,"","","","","","","",,"","","","","",440478,1,"2024-02-20_10h25.18.089","experiment","2023.2.3","Win32",55.24861878,"6169ea2f9163a46bf5f356e2","65d473f163fad2a70bb049f3","65d47dd18e13c15dc0ab4448","",,,"",,,"",,,"",,,"",,,"",,,,,"",,,"","",,,,"",,,"","","",,,"","",,,,,"","","",,,,,,,2,"",,,,,"",,,,,,,,,,,"","",,,,,"s",0.6849,,"space",0.3839,,2,"purple_gnome",2,6,"bright_forest","red_basket","red_gnome",2,7,"dark_forest","yellow_basket",6,0,0,1,"purple_gnome","bright_forest","red_basket",128,-1,2,13,0,26,1,1,"",,,"",,,"",,,"",,,,,,,"","",,,"",,,"",,,"",,,,,,,"",,,"","",,,,,,,,"",,,,,,,"",,,"","","",,,,,,,,"",,,,,"",,,,,"","","","",,,,,,"",,,,,"",,,,,"","",,,,,,"",,,,,,,
"","","",,"","","","","","","",,"","","","","","","",,"","","","","","","",,"","","","","",440478,1,"2024-02-20_10h25.18.089","experiment","2023.2.3","Win32",55.24861878,"6169ea2f9163a46bf5f356e2","65d473f163fad2a70bb049f3","65d47dd18e13c15dc0ab4448","",,,"",,,"",,,"",,,"",,,"",,,,,"",,,"","",,,,"",,,"","","",,,"","",,,,,"","","",,,,,,,1,"",,,,,"",,,,,,,,,,,"","",,,,,"k",0.811,,"space",0.5096,,1,"green_gnome",1,9,"dark_forest","yellow_basket","brown_gnomes",1,5,"bright_forest","red_basket",5,0,0,1,"brown_gnomes","bright_forest","red_basket",133,0,1,13,1,27,0,1,"",,,"",,,"",,,"",,,,,,,"","",,,"",,,"",,,"",,,,,,,"",,,"","",,,,,,,,"",,,,,,,"",,,"","","",,,,,,,,"",,,,,"",,,,,"","","","",,,,,,"",,,,,"",,,,,"","",,,,,,"",,,,,,,
"","","",,"","","","","","","",,"","","","","","","",,"","","","","","","",,"","","","","",440478,1,"2024-02-20_10h25.18.089","experiment","2023.2.3","Win32",55.24861878,"6169ea2f9163a46bf5f356e2","65d473f163fad2a70bb049f3","65d47dd18e13c15dc0ab4448","",,,"",,,"",,,"",,,"",,,"",,,,,"",,,"","",,,,"",,,"","","",,,"","",,,,,"","","",,,,,,,2,"",,,,,"",,,,,,,,,,,"","",,,,,"k",0.7853,,"space",0.8098,,2,"red_gnome",2,8,"dark_forest","yellow_basket","purple_gnome",2,5,"bright_forest","red_basket",5,0,0,1,"purple_gnome","bright_forest","red_basket",138,0,-1,14,0,28,1,1,"",,,"",,,"",,,"",,,,,,,"","",,,"",,,"",,,"",,,,,,,"",,,"","",,,,,,,,"",,,,,,,"",,,"","","",,,,,,,,"",,,,,"",,,,,"","","","",,,,,,"",,,,,"",,,,,"","",,,,,,"",,,,,,,
"","","",,"","","","","","","",,"","","","","","","",,"","","","","","","",,"","","","","",440478,1,"2024-02-20_10h25.18.089","experiment","2023.2.3","Win32",55.24861878,"6169ea2f9163a46bf5f356e2","65d473f163fad2a70bb049f3","65d47dd18e13c15dc0ab4448","",,,"",,,"",,,"",,,"",,,"",,,,,"",,,"","",,,,"",,,"","","",,,"","",,,,,"","","",,,,,,,1,"",,,,,"",,,,,,,,,,,"","",,,,,"s",0.8837,,"space",0.5539,,1,"brown_gnomes",1,5,"bright_forest","red_basket","green_gnome",1,7,"dark_forest","yellow_basket",5,0,0,1,"brown_gnomes","bright_forest","red_basket",143,-2,-5,14,1,29,0,1,"",,,"",,,"",,,"",,,,,,,"","",,,"",,,"",,,"",,,,,,,"",,,"","",,,,,,,,"",,,,,,,"",,,"","","",,,,,,,,"",,,,,"",,,,,"","","","",,,,,,"",,,,,"",,,,,"","",,,,,,"",,,,,,,
"","","",,"","","","","","","",,"","","","","","","",,"","","","","","","",,"","","","","",440478,1,"2024-02-20_10h25.18.089","experiment","2023.2.3","Win32",55.24861878,"6169ea2f9163a46bf5f356e2","65d473f163fad2a70bb049f3","65d47dd18e13c15dc0ab4448","",,,"",,,"",,,"",,,"",,,"",,,,,"",,,"","",,,,"",,,"","","",,,"","",,,,,"","","",,,,,,,1,"",,,,,"",,,,,,,,,,,"","",,,,,"s",0.6922,,"space",0.4843,,1,"brown_gnomes",1,3,"bright_forest","red_basket","green_gnome",1,2,"dark_forest","yellow_basket",3,0,0,1,"brown_gnomes","bright_forest","red_basket",146,2,1,15,0,30,0,1,"",,,"",,,"",,,"",,,,,,,"","",,,"",,,"",,,"",,,,,,,"",,,"","",,,,,,,,"",,,,,,,"",,,"","","",,,,,,,,"",,,,,"",,,,,"","","","",,,,,,"",,,,,"",,,,,"","",,,,,,"",,,,,,,
"","","",,"","","","","","","",,"","","","","","","",,"","","","","","","",,"","","","","",440478,1,"2024-02-20_10h25.18.089","experiment","2023.2.3","Win32",55.24861878,"6169ea2f9163a46bf5f356e2","65d473f163fad2a70bb049f3","65d47dd18e13c15dc0ab4448","",,,"",,,"",,,"",,,"",,,"",,,,,"",,,"","",,,,"",,,"","","",,,"","",,,,,"","","",,,,,,,1,"",,,,,"",,,,,,,,,,,"","",,,,,"k",0.6347,,"space",0.479,,1,"brown_gnomes",1,5,"bright_forest","red_basket","green_gnome",1,3,"dark_forest","yellow_basket",3,0,0,1,"green_gnome","dark_forest","yellow_basket",149,1,-4,15,1,31,0,1,"",,,"",,,"",,,"",,,,,,,"","",,,"",,,"",,,"",,,,,,,"",,,"","",,,,,,,,"",,,,,,,"",,,"","","",,,,,,,,"",,,,,"",,,,,"","","","",,,,,,"",,,,,"",,,,,"","",,,,,,"",,,,,,,
"","","",,"","","","","","","",,"","","","","","","",,"","","","","","","",,"","","","","",440478,1,"2024-02-20_10h25.18.089","experiment","2023.2.3","Win32",55.24861878,"6169ea2f9163a46bf5f356e2","65d473f163fad2a70bb049f3","65d47dd18e13c15dc0ab4448","",,,"",,,"",,,"",,,"",,,"",,,,,"",,,"","",,,,"",,,"","","",,,"","",,,,,"","","",,,,,,,1,"",,,,,"",,,,,,,,,,,"","",,,,,"k",0.777,,"space",0.4877,,1,"brown_gnomes",1,6,"bright_forest","red_basket","green_gnome",1,1,"dark_forest","yellow_basket",1,0,0,1,"green_gnome","dark_forest","yellow_basket",150,0,1,16,0,32,0,1,"",,,"",,,"",,,"",,,,,,,"","",,,"",,,"",,,"",,,,,,,"",,,"","",,,,,,,,"",,,,,,,"",,,"","","",,,,,,,,"",,,,,"",,,,,"","","","",,,,,,"",,,,,"",,,,,"","",,,,,,"",,,,,,,
"","","",,"","","","","","","",,"","","","","","","",,"","","","","","","",,"","","","","",440478,1,"2024-02-20_10h25.18.089","experiment","2023.2.3","Win32",55.24861878,"6169ea2f9163a46bf5f356e2","65d473f163fad2a70bb049f3","65d47dd18e13c15dc0ab4448","",,,"",,,"",,,"",,,"",,,"",,,,,"",,,"","",,,,"",,,"","","",,,"","",,,,,"","","",,,,,,,1,"",,,,,"",,,,,,,,,,,"","",,,,,"s",0.6524,,"space",0.4329,,1,"brown_gnomes",1,6,"bright_forest","red_basket","green_gnome",1,2,"dark_forest","yellow_basket",6,0,0,1,"brown_gnomes","bright_forest","red_basket",156,2,3,16,1,33,0,1,"",,,"",,,"",,,"",,,,,,,"","",,,"",,,"",,,"",,,,,,,"",,,"","",,,,,,,,"",,,,,,,"",,,"","","",,,,,,,,"",,,,,"",,,,,"","","","",,,,,,"",,,,,"",,,,,"","",,,,,,"",,,,,,,
"","","",,"","","","","","","",,"","","","","","","",,"","","","","","","",,"","","","","",440478,1,"2024-02-20_10h25.18.089","experiment","2023.2.3","Win32",55.24861878,"6169ea2f9163a46bf5f356e2","65d473f163fad2a70bb049f3","65d47dd18e13c15dc0ab4448","",,,"",,,"",,,"",,,"",,,"",,,,,"",,,"","",,,,"",,,"","","",,,"","",,,,,"","","",,,,,,,1,"",,,,,"",,,,,,,,,,,"","",,,,,"s",0.6427,,"space",0.5348,,1,"brown_gnomes",1,8,"bright_forest","red_basket","green_gnome",1,5,"dark_forest","yellow_basket",8,0,0,1,"brown_gnomes","bright_forest","red_basket",164,-3,1,17,0,34,0,1,"",,,"",,,"",,,"",,,,,,,"","",,,"",,,"",,,"",,,,,,,"",,,"","",,,,,,,,"",,,,,,,"",,,"","","",,,,,,,,"",,,,,"",,,,,"","","","",,,,,,"",,,,,"",,,,,"","",,,,,,"",,,,,,,
"","","",,"","","","","","","",,"","","","","","","",,"","","","","","","",,"","","","","",440478,1,"2024-02-20_10h25.18.089","experiment","2023.2.3","Win32",55.24861878,"6169ea2f9163a46bf5f356e2","65d473f163fad2a70bb049f3","65d47dd18e13c15dc0ab4448","",,,"",,,"",,,"",,,"",,,"",,,,,"",,,"","",,,,"",,,"","","",,,"","",,,,,"","","",,,,,,,1,"",,,,,"",,,,,,,,,,,"","",,,,,"s",0.6784,,"space",0.5921,,1,"brown_gnomes",1,5,"bright_forest","red_basket","green_gnome",1,6,"dark_forest","yellow_basket",5,0,0,1,"brown_gnomes","bright_forest","red_basket",169,3,-3,17,1,35,0,1,"",,,"",,,"",,,"",,,,,,,"","",,,"",,,"",,,"",,,,,,,"",,,"","",,,,,,,,"",,,,,,,"",,,"","","",,,,,,,,"",,,,,"",,,,,"","","","",,,,,,"",,,,,"",,,,,"","",,,,,,"",,,,,,,
"","","",,"","","","","","","",,"","","","","","","",,"","","","","","","",,"","","","","",440478,1,"2024-02-20_10h25.18.089","experiment","2023.2.3","Win32",55.24861878,"6169ea2f9163a46bf5f356e2","65d473f163fad2a70bb049f3","65d47dd18e13c15dc0ab4448","",,,"",,,"",,,"",,,"",,,"",,,,,"",,,"","",,,,"",,,"","","",,,"","",,,,,"","","",,,,,,,1,"",,,,,"",,,,,,,,,,,"","",,,,,"s",0.8951,,"space",0.6648,,1,"brown_gnomes",1,8,"bright_forest","red_basket","green_gnome",1,3,"dark_forest","yellow_basket",8,0,0,1,"brown_gnomes","bright_forest","red_basket",177,-3,1,18,0,36,0,1,"",,,"",,,"",,,"",,,,,,,"","",,,"",,,"",,,"",,,,,,,"",,,"","",,,,,,,,"",,,,,,,"",,,"","","",,,,,,,,"",,,,,"",,,,,"","","","",,,,,,"",,,,,"",,,,,"","",,,,,,"",,,,,,,
"","","",,"","","","","","","",,"","","","","","","",,"","","","","","","",,"","","","","",440478,1,"2024-02-20_10h25.18.089","experiment","2023.2.3","Win32",55.24861878,"6169ea2f9163a46bf5f356e2","65d473f163fad2a70bb049f3","65d47dd18e13c15dc0ab4448","",,,"",,,"",,,"",,,"",,,"",,,,,"",,,"","",,,,"",,,"","","",,,"","",,,,,"","","",,,,,,,1,"",,,,,"",,,,,,,,,,,"","",,,,,"k",0.776,,"space",0.54,,1,"green_gnome",1,4,"dark_forest","yellow_basket","brown_gnomes",1,5,"bright_forest","red_basket",5,0,0,1,"brown_gnomes","bright_forest","red_basket",182,-1,-3,18,1,37,0,1,"",,,"",,,"",,,"",,,,,,,"","",,,"",,,"",,,"",,,,,,,"",,,"","",,,,,,,,"",,,,,,,"",,,"","","",,,,,,,,"",,,,,"",,,,,"","","","",,,,,,"",,,,,"",,,,,"","",,,,,,"",,,,,,,
"","","",,"","","","","","","",,"","","","","","","",,"","","","","","","",,"","","","","",440478,1,"2024-02-20_10h25.18.089","experiment","2023.2.3","Win32",55.24861878,"6169ea2f9163a46bf5f356e2","65d473f163fad2a70bb049f3","65d47dd18e13c15dc0ab4448","",,,"",,,"",,,"",,,"",,,"",,,,,"",,,"","",,,,"",,,"","","",,,"","",,,,,"","","",,,,,,,2,"",,,,,"",,,,,,,,,,,"","",,,,,"k",0.7183,,"space",0.506,,2,"red_gnome",2,1,"dark_forest","yellow_basket","purple_gnome",2,4,"bright_forest","red_basket",4,0,0,1,"purple_gnome","bright_forest","red_basket",186,1,-4,19,0,38,1,1,"",,,"",,,"",,,"",,,,,,,"","",,,"",,,"",,,"",,,,,,,"",,,"","",,,,,,,,"",,,,,,,"",,,"","","",,,,,,,,"",,,,,"",,,,,"","","","",,,,,,"",,,,,"",,,,,"","",,,,,,"",,,,,,,
"","","",,"","","","","","","",,"","","","","","","",,"","","","","","","",,"","","","","",440478,1,"2024-02-20_10h25.18.089","experiment","2023.2.3","Win32",55.24861878,"6169ea2f9163a46bf5f356e2","65d473f163fad2a70bb049f3","65d47dd18e13c15dc0ab4448","",,,"",,,"",,,"",,,"",,,"",,,,,"",,,"","",,,,"",,,"","","",,,"","",,,,,"","","",,,,,,,1,"",,,,,"",,,,,,,,,,,"","",,,,,"s",0.8551,,"space",0.9362,,1,"brown_gnomes",1,5,"bright_forest","red_basket","green_gnome",1,3,"dark_forest","yellow_basket",5,0,0,1,"brown_gnomes","bright_forest","red_basket",191,-1,-1,19,1,39,0,1,"",,,"",,,"",,,"",,,,,,,"","",,,"",,,"",,,"",,,,,,,"",,,"","",,,,,,,,"",,,,,,,"",,,"","","",,,,,,,,"",,,,,"",,,,,"","","","",,,,,,"",,,,,"",,,,,"","",,,,,,"",,,,,,,
"","","",,"","","","","","","",,"","","","","","","",,"","","","","","","",,"","","","","",440478,1,"2024-02-20_10h25.18.089","experiment","2023.2.3","Win32",55.24861878,"6169ea2f9163a46bf5f356e2","65d473f163fad2a70bb049f3","65d47dd18e13c15dc0ab4448","",,,"",,,"",,,"",,,"",,,"",,,,,"",,,"","",,,,"",,,"","","",,,"","",,,,,"","","",,,,,,,1,"",,,,,"",,,,,,,,,,,"","",,,,,"k",0.6267,,"space",0.629,,1,"green_gnome",1,2,"dark_forest","yellow_basket","brown_gnomes",1,4,"bright_forest","red_basket",4,0,0,1,"brown_gnomes","bright_forest","red_basket",195,3,3,20,0,40,0,1,"",,,"",,,"",,,"",,,,,,,"","",,,"",,,"",,,"",,,,,,,"",,,"","",,,,,,,,"",,,,,,,"",,,"","","",,,,,,,,"",,,,,"",,,,,"","","","",,,,,,"",,,,,"",,,,,"","",,,,,,"",,,,,,,
"","","",,"","","","","","","",,"","","","","","","",,"","","","","","","",,"","","","","",440478,1,"2024-02-20_10h25.18.089","experiment","2023.2.3","Win32",55.24861878,"6169ea2f9163a46bf5f356e2","65d473f163fad2a70bb049f3","65d47dd18e13c15dc0ab4448","",,,"",,,"",,,"",,,"",,,"",,,,,"",,,"","",,,,"",,,"","","",,,"","",,,,,"","","",,,,,,,2,"",,,,,"",,,,,,,,,,,"","",,,,,"s",1.0732,,"space",0.7256,,2,"purple_gnome",2,7,"bright_forest","red_basket","red_gnome",2,5,"dark_forest","yellow_basket",7,0,0,1,"purple_gnome","bright_forest","red_basket",202,2,4,20,1,41,1,1,"",,,"",,,"",,,"",,,,,,,"","",,,"",,,"",,,"",,,,,,,"",,,"","",,,,,,,,"",,,,,,,"",,,"","","",,,,,,,,"",,,,,"",,,,,"","","","",,,,,,"",,,,,"",,,,,"","",,,,,,"",,,,,,,
"","","",,"","","","","","","",,"","","","","","","",,"","","","","","","",,"","","","","",440478,1,"2024-02-20_10h25.18.089","experiment","2023.2.3","Win32",55.24861878,"6169ea2f9163a46bf5f356e2","65d473f163fad2a70bb049f3","65d47dd18e13c15dc0ab4448","",,,"",,,"",,,"",,,"",,,"",,,,,"",,,"","",,,,"",,,"","","",,,"","",,,,,"","","",,,,,,,1,"",,,,,"",,,,,,,,,,,"","",,,,,"s",0.75,,"space",0.4383,,1,"brown_gnomes",1,9,"bright_forest","red_basket","green_gnome",1,9,"dark_forest","yellow_basket",9,0,0,1,"brown_gnomes","bright_forest","red_basket",211,2,-1,21,0,42,0,1,"",,,"",,,"",,,"",,,,,,,"","",,,"",,,"",,,"",,,,,,,"",,,"","",,,,,,,,"",,,,,,,"",,,"","","",,,,,,,,"",,,,,"",,,,,"","","","",,,,,,"",,,,,"",,,,,"","",,,,,,"",,,,,,,
"","","",,"","","","","","","",,"","","","","","","",,"","","","","","","",,"","","","","",440478,1,"2024-02-20_10h25.18.089","experiment","2023.2.3","Win32",55.24861878,"6169ea2f9163a46bf5f356e2","65d473f163fad2a70bb049f3","65d47dd18e13c15dc0ab4448","",,,"",,,"",,,"",,,"",,,"",,,,,"",,,"","",,,,"",,,"","","",,,"","",,,,,"","","",,,,,,,1,"",,,,,"",,,,,,,,,,,"","",,,,,"s",0.6206,,"space",0.5212,,1,"brown_gnomes",1,7,"bright_forest","red_basket","green_gnome",1,8,"dark_forest","yellow_basket",7,0,0,1,"brown_gnomes","bright_forest","red_basket",218,-2,3,21,1,43,0,1,"",,,"",,,"",,,"",,,,,,,"","",,,"",,,"",,,"",,,,,,,"",,,"","",,,,,,,,"",,,,,,,"",,,"","","",,,,,,,,"",,,,,"",,,,,"","","","",,,,,,"",,,,,"",,,,,"","",,,,,,"",,,,,,,
"","","",,"","","","","","","",,"","","","","","","",,"","","","","","","",,"","","","","",440478,1,"2024-02-20_10h25.18.089","experiment","2023.2.3","Win32",55.24861878,"6169ea2f9163a46bf5f356e2","65d473f163fad2a70bb049f3","65d47dd18e13c15dc0ab4448","",,,"",,,"",,,"",,,"",,,"",,,,,"",,,"","",,,,"",,,"","","",,,"","",,,,,"","","",,,,,,,1,"",,,,,"",,,,,,,,,,,"","",,,,,"k",0.6743,,"space",0.4703,,1,"green_gnome",1,7,"dark_forest","yellow_basket","brown_gnomes",1,5,"bright_forest","red_basket",5,0,0,1,"brown_gnomes","bright_forest","red_basket",223,1,2,22,0,44,0,1,"",,,"",,,"",,,"",,,,,,,"","",,,"",,,"",,,"",,,,,,,"",,,"","",,,,,,,,"",,,,,,,"",,,"","","",,,,,,,,"",,,,,"",,,,,"","","","",,,,,,"",,,,,"",,,,,"","",,,,,,"",,,,,,,
"","","",,"","","","","","","",,"","","","","","","",,"","","","","","","",,"","","","","",440478,1,"2024-02-20_10h25.18.089","experiment","2023.2.3","Win32",55.24861878,"6169ea2f9163a46bf5f356e2","65d473f163fad2a70bb049f3","65d47dd18e13c15dc0ab4448","",,,"",,,"",,,"",,,"",,,"",,,,,"",,,"","",,,,"",,,"","","",,,"","",,,,,"","","",,,,,,,2,"",,,,,"",,,,,,,,,,,"","",,,,,"k",0.8899,,"space",0.467,,2,"red_gnome",2,9,"dark_forest","yellow_basket","purple_gnome",2,6,"bright_forest","red_basket",6,0,0,1,"purple_gnome","bright_forest","red_basket",229,-3,-4,22,1,45,1,1,"",,,"",,,"",,,"",,,,,,,"","",,,"",,,"",,,"",,,,,,,"",,,"","",,,,,,,,"",,,,,,,"",,,"","","",,,,,,,,"",,,,,"",,,,,"","","","",,,,,,"",,,,,"",,,,,"","",,,,,,"",,,,,,,
"","","",,"","","","","","","",,"","","","","","","",,"","","","","","","",,"","","","","",440478,1,"2024-02-20_10h25.18.089","experiment","2023.2.3","Win32",55.24861878,"6169ea2f9163a46bf5f356e2","65d473f163fad2a70bb049f3","65d47dd18e13c15dc0ab4448","",,,"",,,"",,,"",,,"",,,"",,,,,"",,,"","",,,,"",,,"","","",,,"","",,,,,"","","",,,,,,,2,"",,,,,"",,,,,,,,,,,"","",,,,,"k",0.6995,,"space",0.728,,2,"red_gnome",2,5,"dark_forest","yellow_basket","purple_gnome",2,3,"bright_forest","red_basket",3,0,0,1,"purple_gnome","bright_forest","red_basket",232,-4,4,23,0,46,1,1,"",,,"",,,"",,,"",,,,,,,"","",,,"",,,"",,,"",,,,,,,"",,,"","",,,,,,,,"",,,,,,,"",,,"","","",,,,,,,,"",,,,,"",,,,,"","","","",,,,,,"",,,,,"",,,,,"","",,,,,,"",,,,,,,
"","","",,"","","","","","","",,"","","","","","","",,"","","","","","","",,"","","","","",440478,1,"2024-02-20_10h25.18.089","experiment","2023.2.3","Win32",55.24861878,"6169ea2f9163a46bf5f356e2","65d473f163fad2a70bb049f3","65d47dd18e13c15dc0ab4448","",,,"",,,"",,,"",,,"",,,"",,,,,"",,,"","",,,,"",,,"","","",,,"","",,,,,"","","",,,,,,,1,"",,,,,"",,,,,,,,,,,"","",,,,,"k",0.8342,,"space",0.7939,,1,"green_gnome",1,9,"dark_forest","yellow_basket","brown_gnomes",1,1,"bright_forest","red_basket",1,0,0,1,"brown_gnomes","bright_forest","red_basket",233,-3,3,23,1,47,0,1,"",,,"",,,"",,,"",,,,,,,"","",,,"",,,"",,,"",,,,,,,"",,,"","",,,,,,,,"",,,,,,,"",,,"","","",,,,,,,,"",,,,,"",,,,,"","","","",,,,,,"",,,,,"",,,,,"","",,,,,,"",,,,,,,
"","","",,"","","","","","","",,"","","","","","","",,"","","","","","","",,"","","","","",440478,1,"2024-02-20_10h25.18.089","experiment","2023.2.3","Win32",55.24861878,"6169ea2f9163a46bf5f356e2","65d473f163fad2a70bb049f3","65d47dd18e13c15dc0ab4448","",,,"",,,"",,,"",,,"",,,"",,,,,"",,,"","",,,,"",,,"","","",,,"","",,,,,"","","",,,,,,,1,"",,,,,"",,,,,,,,,,,"","",,,,,"s",0.7421,,"space",0.4409,,1,"green_gnome",1,6,"dark_forest","yellow_basket","brown_gnomes",1,2,"bright_forest","red_basket",6,0,0,1,"green_gnome","dark_forest","yellow_basket",239,-1,3,24,0,48,0,1,"",,,"",,,"",,,"",,,,,,,"","",,,"",,,"",,,"",,,,,,,"",,,"","",,,,,,,,"",,,,,,,"",,,"","","",,,,,,,,"",,,,,"",,,,,"","","","",,,,,,"",,,,,"",,,,,"","",,,,,,"",,,,,,,
"","","",,"","","","","","","",,"","","","","","","",,"","","","","","","",,"","","","","",440478,1,"2024-02-20_10h25.18.089","experiment","2023.2.3","Win32",55.24861878,"6169ea2f9163a46bf5f356e2","65d473f163fad2a70bb049f3","65d47dd18e13c15dc0ab4448","",,,"",,,"",,,"",,,"",,,"",,,,,"",,,"","",,,,"",,,"","","",,,"","",,,,,"","","",,,,,,,2,"",,,,,"",,,,,,,,,,,"","",,,,,"k",1.2257,,"space",0.6582,,2,"purple_gnome",2,1,"bright_forest","red_basket","red_gnome",2,9,"dark_forest","yellow_basket",9,0,0,1,"red_gnome","dark_forest","yellow_basket",248,-3,-1,24,1,49,1,1,"",,,"",,,"",,,"",,,,,,,"","",,,"",,,"",,,"",,,,,,,"",,,"","",,,,,,,,"",,,,,,,"",,,"","","",,,,,,,,"",,,,,"",,,,,"","","","",,,,,,"",,,,,"",,,,,"","",,,,,,"",,,,,,,
"","","",,"","","","","","","",,"","","","","","","",,"","","","","","","",,"","","","","",440478,1,"2024-02-20_10h25.18.089","experiment","2023.2.3","Win32",55.24861878,"6169ea2f9163a46bf5f356e2","65d473f163fad2a70bb049f3","65d47dd18e13c15dc0ab4448","",,,"",,,"",,,"",,,"",,,"",,,,,"",,,"","",,,,"",,,"","","",,,"","",,,,,"","","",,,,,,,1,"",,,,,"",,,,,,,,,,,"","",,,,,"k",0.6158,,"space",0.7937,,1,"green_gnome",1,8,"dark_forest","yellow_basket","brown_gnomes",1,2,"bright_forest","red_basket",2,0,0,1,"brown_gnomes","bright_forest","red_basket",250,1,-1,25,0,50,0,1,"",,,"",,,"",,,"",,,,,,,"","",,,"",,,"",,,"",,,,,,,"",,,"","",,,,,,,,"",,,,,,,"",,,"","","",,,,,,,,"",,,,,"",,,,,"","","","",,,,,,"",,,,,"",,,,,"","",,,,,,"",,,,,,,
"","","",,"","","","","","","",,"","","","","","","",,"","","","","","","",,"","","","","",440478,1,"2024-02-20_10h25.18.089","experiment","2023.2.3","Win32",55.24861878,"6169ea2f9163a46bf5f356e2","65d473f163fad2a70bb049f3","65d47dd18e13c15dc0ab4448","",,,"",,,"",,,"",,,"",,,"",,,,,"",,,"","",,,,"",,,"","","",,,"","",,,,,"","","",,,,,,,1,"",,,,,"",,,,,,,,,,,"","",,,,,"k",0.9279,,"space",0.5756,,1,"brown_gnomes",1,3,"bright_forest","red_basket","green_gnome",1,7,"dark_forest","yellow_basket",7,0,0,1,"green_gnome","dark_forest","yellow_basket",257,1,-2,25,1,51,0,1,"",,,"",,,"",,,"",,,,,,,"","",,,"",,,"",,,"",,,,,,,"",,,"","",,,,,,,,"",,,,,,,"",,,"","","",,,,,,,,"",,,,,"",,,,,"","","","",,,,,,"",,,,,"",,,,,"","",,,,,,"",,,,,,,
"","","",,"","","","","","","",,"","","","","","","",,"","","","","","","",,"","","","","",440478,1,"2024-02-20_10h25.18.089","experiment","2023.2.3","Win32",55.24861878,"6169ea2f9163a46bf5f356e2","65d473f163fad2a70bb049f3","65d47dd18e13c15dc0ab4448","",,,"",,,"",,,"",,,"",,,"",,,,,"",,,"","",,,,"",,,"","","",,,"","",,,,,"","","",,,,,,,2,"",,,,,"",,,,,,,,,,,"","",,,,,"s",0.7392,,"space",0.4468,,2,"red_gnome",2,5,"dark_forest","yellow_basket","purple_gnome",2,4,"bright_forest","red_basket",5,0,0,1,"red_gnome","dark_forest","yellow_basket",262,0,-3,26,0,52,1,1,"",,,"",,,"",,,"",,,,,,,"","",,,"",,,"",,,"",,,,,,,"",,,"","",,,,,,,,"",,,,,,,"",,,"","","",,,,,,,,"",,,,,"",,,,,"","","","",,,,,,"",,,,,"",,,,,"","",,,,,,"",,,,,,,
"","","",,"","","","","","","",,"","","","","","","",,"","","","","","","",,"","","","","",440478,1,"2024-02-20_10h25.18.089","experiment","2023.2.3","Win32",55.24861878,"6169ea2f9163a46bf5f356e2","65d473f163fad2a70bb049f3","65d47dd18e13c15dc0ab4448","",,,"",,,"",,,"",,,"",,,"",,,,,"",,,"","",,,,"",,,"","","",,,"","",,,,,"","","",,,,,,,2,"",,,,,"",,,,,,,,,,,"","",,,,,"s",0.6725,,"space",0.3809,,2,"red_gnome",2,2,"dark_forest","yellow_basket","purple_gnome",2,4,"bright_forest","red_basket",2,0,0,1,"red_gnome","dark_forest","yellow_basket",264,0,-4,26,1,53,1,1,"",,,"",,,"",,,"",,,,,,,"","",,,"",,,"",,,"",,,,,,,"",,,"","",,,,,,,,"",,,,,,,"",,,"","","",,,,,,,,"",,,,,"",,,,,"","","","",,,,,,"",,,,,"",,,,,"","",,,,,,"",,,,,,,
"","","",,"","","","","","","",,"","","","","","","",,"","","","","","","",,"","","","","",440478,1,"2024-02-20_10h25.18.089","experiment","2023.2.3","Win32",55.24861878,"6169ea2f9163a46bf5f356e2","65d473f163fad2a70bb049f3","65d47dd18e13c15dc0ab4448","",,,"",,,"",,,"",,,"",,,"",,,,,"",,,"","",,,,"",,,"","","",,,"","",,,,,"","","",,,,,,,2,"",,,,,"",,,,,,,,,,,"","",,,,,"s",0.6675,,"space",0.7393,,2,"purple_gnome",2,4,"bright_forest","red_basket","red_gnome",2,2,"dark_forest","yellow_basket",4,0,0,1,"purple_gnome","bright_forest","red_basket",268,-4,3,27,0,54,1,1,"",,,"",,,"",,,"",,,,,,,"","",,,"",,,"",,,"",,,,,,,"",,,"","",,,,,,,,"",,,,,,,"",,,"","","",,,,,,,,"",,,,,"",,,,,"","","","",,,,,,"",,,,,"",,,,,"","",,,,,,"",,,,,,,
"","","",,"","","","","","","",,"","","","","","","",,"","","","","","","",,"","","","","",440478,1,"2024-02-20_10h25.18.089","experiment","2023.2.3","Win32",55.24861878,"6169ea2f9163a46bf5f356e2","65d473f163fad2a70bb049f3","65d47dd18e13c15dc0ab4448","",,,"",,,"",,,"",,,"",,,"",,,,,"",,,"","",,,,"",,,"","","",,,"","",,,,,"","","",,,,,,,2,"",,,,,"",,,,,,,,,,,"","",,,,,"s",0.6326,,"space",0.4136,,2,"purple_gnome",2,0,"bright_forest","red_basket","red_gnome",2,5,"dark_forest","yellow_basket",0,0,0,1,"purple_gnome","bright_forest","red_basket",268,-1,0,27,1,55,1,1,"",,,"",,,"",,,"",,,,,,,"","",,,"",,,"",,,"",,,,,,,"",,,"","",,,,,,,,"",,,,,,,"",,,"","","",,,,,,,,"",,,,,"",,,,,"","","","",,,,,,"",,,,,"",,,,,"","",,,,,,"",,,,,,,
"","","",,"","","","","","","",,"","","","","","","",,"","","","","","","",,"","","","","",440478,1,"2024-02-20_10h25.18.089","experiment","2023.2.3","Win32",55.24861878,"6169ea2f9163a46bf5f356e2","65d473f163fad2a70bb049f3","65d47dd18e13c15dc0ab4448","",,,"",,,"",,,"",,,"",,,"",,,,,"",,,"","",,,,"",,,"","","",,,"","",,,,,"","","",,,,,,,2,"",,,,,"",,,,,,,,,,,"","",,,,,"k",0.7037,,"space",0.4585,,2,"purple_gnome",2,1,"bright_forest","red_basket","red_gnome",2,5,"dark_forest","yellow_basket",5,0,0,1,"red_gnome","dark_forest","yellow_basket",273,3,-2,28,0,56,1,1,"",,,"",,,"",,,"",,,,,,,"","",,,"",,,"",,,"",,,,,,,"",,,"","",,,,,,,,"",,,,,,,"",,,"","","",,,,,,,,"",,,,,"",,,,,"","","","",,,,,,"",,,,,"",,,,,"","",,,,,,"",,,,,,,
"","","",,"","","","","","","",,"","","","","","","",,"","","","","","","",,"","","","","",440478,1,"2024-02-20_10h25.18.089","experiment","2023.2.3","Win32",55.24861878,"6169ea2f9163a46bf5f356e2","65d473f163fad2a70bb049f3","65d47dd18e13c15dc0ab4448","",,,"",,,"",,,"",,,"",,,"",,,,,"",,,"","",,,,"",,,"","","",,,"","",,,,,"","","",,,,,,,1,"",,,,,"",,,,,,,,,,,"","",,,,,"s",0.7157,,"space",0.3441,,1,"green_gnome",1,3,"dark_forest","yellow_basket","brown_gnomes",1,4,"bright_forest","red_basket",3,0,0,1,"green_gnome","dark_forest","yellow_basket",276,-3,1,28,1,57,0,1,"",,,"",,,"",,,"",,,,,,,"","",,,"",,,"",,,"",,,,,,,"",,,"","",,,,,,,,"",,,,,,,"",,,"","","",,,,,,,,"",,,,,"",,,,,"","","","",,,,,,"",,,,,"",,,,,"","",,,,,,"",,,,,,,
"","","",,"","","","","","","",,"","","","","","","",,"","","","","","","",,"","","","","",440478,1,"2024-02-20_10h25.18.089","experiment","2023.2.3","Win32",55.24861878,"6169ea2f9163a46bf5f356e2","65d473f163fad2a70bb049f3","65d47dd18e13c15dc0ab4448","",,,"",,,"",,,"",,,"",,,"",,,,,"",,,"","",,,,"",,,"","","",,,"","",,,,,"","","",,,,,,,1,"",,,,,"",,,,,,,,,,,"","",,,,,"s",0.7121,,"space",0.6469,,1,"green_gnome",1,4,"dark_forest","yellow_basket","brown_gnomes",1,1,"bright_forest","red_basket",4,0,0,1,"green_gnome","dark_forest","yellow_basket",280,1,1,29,0,58,0,1,"",,,"",,,"",,,"",,,,,,,"","",,,"",,,"",,,"",,,,,,,"",,,"","",,,,,,,,"",,,,,,,"",,,"","","",,,,,,,,"",,,,,"",,,,,"","","","",,,,,,"",,,,,"",,,,,"","",,,,,,"",,,,,,,
"","","",,"","","","","","","",,"","","","","","","",,"","","","","","","",,"","","","","",440478,1,"2024-02-20_10h25.18.089","experiment","2023.2.3","Win32",55.24861878,"6169ea2f9163a46bf5f356e2","65d473f163fad2a70bb049f3","65d47dd18e13c15dc0ab4448","",,,"",,,"",,,"",,,"",,,"",,,,,"",,,"","",,,,"",,,"","","",,,"","",,,,,"","","",,,,,,,1,"",,,,,"",,,,,,,,,,,"","",,,,,"k",1.0114,,"space",0.558,,1,"brown_gnomes",1,2,"bright_forest","red_basket","green_gnome",1,5,"dark_forest","yellow_basket",5,0,0,1,"green_gnome","dark_forest","yellow_basket",285,0,2,29,1,59,0,1,"",,,"",,,"",,,"",,,,,,,"","",,,"",,,"",,,"",,,,,,,"",,,"","",,,,,,,,"",,,,,,,"",,,"","","",,,,,,,,"",,,,,"",,,,,"","","","",,,,,,"",,,,,"",,,,,"","",,,,,,"",,,,,,,
"","","",,"","","","","","","",,"","","","","","","",,"","","","","","","",,"","","","","",440478,1,"2024-02-20_10h25.18.089","experiment","2023.2.3","Win32",55.24861878,"6169ea2f9163a46bf5f356e2","65d473f163fad2a70bb049f3","65d47dd18e13c15dc0ab4448","",,,"",,,"",,,"",,,"",,,"",,,,,"",,,"","",,,,"",,,"","","",,,"","",,,,,"","","",,,,,,,2,"",,,,,"",,,,,,,,,,,"","",,,,,"k",0.7454,,"space",0.5557,,2,"purple_gnome",2,2,"bright_forest","red_basket","red_gnome",2,7,"dark_forest","yellow_basket",7,0,0,1,"red_gnome","dark_forest","yellow_basket",292,2,2,30,0,60,1,1,"",,,"",,,"",,,"",,,,,,,"","",,,"",,,"",,,"",,,,,,,"",,,"","",,,,,,,,"",,,,,,,"",,,"","","",,,,,,,,"",,,,,"",,,,,"","","","",,,,,,"",,,,,"",,,,,"","",,,,,,"",,,,,,,
"","","",,"","","","","","","",,"","","","","","","",,"","","","","","","",,"","","","","",440478,1,"2024-02-20_10h25.18.089","experiment","2023.2.3","Win32",55.24861878,"6169ea2f9163a46bf5f356e2","65d473f163fad2a70bb049f3","65d47dd18e13c15dc0ab4448","",,,"",,,"",,,"",,,"",,,"",,,,,"",,,"","",,,,"",,,"","","",,,"","",,,,,"","","",,,,,,,1,"",,,,,"",,,,,,,,,,,"","",,,,,"s",0.602,,"space",0.4308,,1,"green_gnome",1,9,"dark_forest","yellow_basket","brown_gnomes",1,4,"bright_forest","red_basket",9,0,0,1,"green_gnome","dark_forest","yellow_basket",301,0,1,30,1,61,0,1,"",,,"",,,"",,,"",,,,,,,"","",,,"",,,"",,,"",,,,,,,"",,,"","",,,,,,,,"",,,,,,,"",,,"","","",,,,,,,,"",,,,,"",,,,,"","","","",,,,,,"",,,,,"",,,,,"","",,,,,,"",,,,,,,
"","","",,"","","","","","","",,"","","","","","","",,"","","","","","","",,"","","","","",440478,1,"2024-02-20_10h25.18.089","experiment","2023.2.3","Win32",55.24861878,"6169ea2f9163a46bf5f356e2","65d473f163fad2a70bb049f3","65d47dd18e13c15dc0ab4448","",,,"",,,"",,,"",,,"",,,"",,,,,"",,,"","",,,,"",,,"","","",,,"","",,,,,"","","",,,,,,,2,"",,,,,"",,,,,,,,,,,"","",,,,,"s",0.7009,,"space",0.4649,,2,"red_gnome",2,8,"dark_forest","yellow_basket","purple_gnome",2,4,"bright_forest","red_basket",8,0,0,1,"red_gnome","dark_forest","yellow_basket",309,-1,2,31,0,62,1,1,"",,,"",,,"",,,"",,,,,,,"","",,,"",,,"",,,"",,,,,,,"",,,"","",,,,,,,,"",,,,,,,"",,,"","","",,,,,,,,"",,,,,"",,,,,"","","","",,,,,,"",,,,,"",,,,,"","",,,,,,"",,,,,,,
"","","",,"","","","","","","",,"","","","","","","",,"","","","","","","",,"","","","","",440478,1,"2024-02-20_10h25.18.089","experiment","2023.2.3","Win32",55.24861878,"6169ea2f9163a46bf5f356e2","65d473f163fad2a70bb049f3","65d47dd18e13c15dc0ab4448","",,,"",,,"",,,"",,,"",,,"",,,,,"",,,"","",,,,"",,,"","","",,,"","",,,,,"","","",,,,,,,2,"",,,,,"",,,,,,,,,,,"","",,,,,"k",0.7617,,"space",0.4566,,2,"purple_gnome",2,3,"bright_forest","red_basket","red_gnome",2,8,"dark_forest","yellow_basket",8,0,0,1,"red_gnome","dark_forest","yellow_basket",317,-2,-5,31,1,63,1,1,"",,,"",,,"",,,"",,,,,,,"","",,,"",,,"",,,"",,,,,,,"",,,"","",,,,,,,,"",,,,,,,"",,,"","","",,,,,,,,"",,,,,"",,,,,"","","","",,,,,,"",,,,,"",,,,,"","",,,,,,"",,,,,,,
"","","",,"","","","","","","",,"","","","","","","",,"","","","","","","",,"","","","","",440478,1,"2024-02-20_10h25.18.089","experiment","2023.2.3","Win32",55.24861878,"6169ea2f9163a46bf5f356e2","65d473f163fad2a70bb049f3","65d47dd18e13c15dc0ab4448","",,,"",,,"",,,"",,,"",,,"",,,,,"",,,"","",,,,"",,,"","","",,,"","",,,,,"","","",,,,,,,1,"",,,,,"",,,,,,,,,,,"","",,,,,"k",0.6753,,"space",0.3894,,1,"brown_gnomes",1,1,"bright_forest","red_basket","green_gnome",1,3,"dark_forest","yellow_basket",3,0,0,1,"green_gnome","dark_forest","yellow_basket",320,-1,-1,32,0,64,0,1,"",,,"",,,"",,,"",,,,,,,"","",,,"",,,"",,,"",,,,,,,"",,,"","",,,,,,,,"",,,,,,,"",,,"","","",,,,,,,,"",,,,,"",,,,,"","","","",,,,,,"",,,,,"",,,,,"","",,,,,,"",,,,,,,
"","","",,"","","","","","","",,"","","","","","","",,"","","","","","","",,"","","","","",440478,1,"2024-02-20_10h25.18.089","experiment","2023.2.3","Win32",55.24861878,"6169ea2f9163a46bf5f356e2","65d473f163fad2a70bb049f3","65d47dd18e13c15dc0ab4448","",,,"",,,"",,,"",,,"",,,"",,,,,"",,,"","",,,,"",,,"","","",,,"","",,,,,"","","",,,,,,,2,"",,,,,"",,,,,,,,,,,"","",,,,,"k",0.7659,,"space",0.4405,,2,"red_gnome",2,2,"dark_forest","yellow_basket","purple_gnome",2,0,"bright_forest","red_basket",0,0,0,1,"purple_gnome","bright_forest","red_basket",320,0,0,32,1,65,1,1,"",,,"",,,"",,,"",,,,,,,"","",,,"",,,"",,,"",,,,,,,"",,,"","",,,,,,,,"",,,,,,,"",,,"","","",,,,,,,,"",,,,,"",,,,,"","","","",,,,,,"",,,,,"",,,,,"","",,,,,,"",,,,,,,
"","","",,"","","","","","","",,"","","","","","","",,"","","","","","","",,"","","","","",440478,1,"2024-02-20_10h25.18.089","experiment","2023.2.3","Win32",55.24861878,"6169ea2f9163a46bf5f356e2","65d473f163fad2a70bb049f3","65d47dd18e13c15dc0ab4448","",,,"",,,"",,,"",,,"",,,"",,,,,"",,,"","",,,,"",,,"","","",,,"","",,,,,"","","",,,,,,,2,"",,,,,"",,,,,,,,,,,"","",,,,,"s",0.7589,,"",,,2,"red_gnome",2,2,"dark_forest","yellow_basket","purple_gnome",2,0,"bright_forest","red_basket",0,0,1,0,"red_gnome","dark_forest","yellow_basket",320,0,-1,33,0,66,1,1,"",,,"",,,"",,,"",,,,,,,"","",,,"",,,"",,,"",,,,,,,"",,,"","",,,,,,,,"",,,,,,,"",,,"","","",,,,,,,,"",,,,,"",,,,,"","","","",,,,,,"",,,,,"",,,,,"","",,,,,,"",,,,,,,
"","","",,"","","","","","","",,"","","","","","","",,"","","","","","","",,"","","","","",440478,1,"2024-02-20_10h25.18.089","experiment","2023.2.3","Win32",55.24861878,"6169ea2f9163a46bf5f356e2","65d473f163fad2a70bb049f3","65d47dd18e13c15dc0ab4448","",,,"",,,"",,,"",,,"",,,"",,,,,"",,,"","",,,,"",,,"","","",,,"","",,,,,"","","",,,,,,,2,"",,,,,"",,,,,,,,,,,"","",,,,,"s",0.7492,,"space",0.5719,,2,"red_gnome",2,1,"dark_forest","yellow_basket","purple_gnome",2,0,"bright_forest","red_basket",1,0,0,1,"red_gnome","dark_forest","yellow_basket",321,1,0,33,1,67,1,1,"",,,"",,,"",,,"",,,,,,,"","",,,"",,,"",,,"",,,,,,,"",,,"","",,,,,,,,"",,,,,,,"",,,"","","",,,,,,,,"",,,,,"",,,,,"","","","",,,,,,"",,,,,"",,,,,"","",,,,,,"",,,,,,,
"","","",,"","","","","","","",,"","","","","","","",,"","","","","","","",,"","","","","",440478,1,"2024-02-20_10h25.18.089","experiment","2023.2.3","Win32",55.24861878,"6169ea2f9163a46bf5f356e2","65d473f163fad2a70bb049f3","65d47dd18e13c15dc0ab4448","",,,"",,,"",,,"",,,"",,,"",,,,,"",,,"","",,,,"",,,"","","",,,"","",,,,,"","","",,,,,,,1,"",,,,,"",,,,,,,,,,,"","",,,,,"s",0.6278,,"space",0.5026,,1,"brown_gnomes",1,1,"bright_forest","red_basket","green_gnome",1,1,"dark_forest","yellow_basket",1,0,0,1,"brown_gnomes","bright_forest","red_basket",322,1,0,34,0,68,0,1,"",,,"",,,"",,,"",,,,,,,"","",,,"",,,"",,,"",,,,,,,"",,,"","",,,,,,,,"",,,,,,,"",,,"","","",,,,,,,,"",,,,,"",,,,,"","","","",,,,,,"",,,,,"",,,,,"","",,,,,,"",,,,,,,
"","","",,"","","","","","","",,"","","","","","","",,"","","","","","","",,"","","","","",440478,1,"2024-02-20_10h25.18.089","experiment","2023.2.3","Win32",55.24861878,"6169ea2f9163a46bf5f356e2","65d473f163fad2a70bb049f3","65d47dd18e13c15dc0ab4448","",,,"",,,"",,,"",,,"",,,"",,,,,"",,,"","",,,,"",,,"","","",,,"","",,,,,"","","",,,,,,,2,"",,,,,"",,,,,,,,,,,"","",,,,,"k",0.7365,,"space",0.3429,,2,"purple_gnome",2,2,"bright_forest","red_basket","red_gnome",2,1,"dark_forest","yellow_basket",1,0,0,1,"red_gnome","dark_forest","yellow_basket",323,3,0,34,1,69,1,1,"",,,"",,,"",,,"",,,,,,,"","",,,"",,,"",,,"",,,,,,,"",,,"","",,,,,,,,"",,,,,,,"",,,"","","",,,,,,,,"",,,,,"",,,,,"","","","",,,,,,"",,,,,"",,,,,"","",,,,,,"",,,,,,,
"","","",,"","","","","","","",,"","","","","","","",,"","","","","","","",,"","","","","",440478,1,"2024-02-20_10h25.18.089","experiment","2023.2.3","Win32",55.24861878,"6169ea2f9163a46bf5f356e2","65d473f163fad2a70bb049f3","65d47dd18e13c15dc0ab4448","",,,"",,,"",,,"",,,"",,,"",,,,,"",,,"","",,,,"",,,"","","",,,"","",,,,,"","","",,,,,,,2,"",,,,,"",,,,,,,,,,,"","",,,,,"s",0.9462,,"space",0.1229,,2,"red_gnome",2,1,"dark_forest","yellow_basket","purple_gnome",2,5,"bright_forest","red_basket",1,0,0,1,"red_gnome","dark_forest","yellow_basket",324,1,0,35,0,70,1,1,"",,,"",,,"",,,"",,,,,,,"","",,,"",,,"",,,"",,,,,,,"",,,"","",,,,,,,,"",,,,,,,"",,,"","","",,,,,,,,"",,,,,"",,,,,"","","","",,,,,,"",,,,,"",,,,,"","",,,,,,"",,,,,,,
"","","",,"","","","","","","",,"","","","","","","",,"","","","","","","",,"","","","","",440478,1,"2024-02-20_10h25.18.089","experiment","2023.2.3","Win32",55.24861878,"6169ea2f9163a46bf5f356e2","65d473f163fad2a70bb049f3","65d47dd18e13c15dc0ab4448","",,,"",,,"",,,"",,,"",,,"",,,,,"",,,"","",,,,"",,,"","","",,,"","",,,,,"","","",,,,,,,2,"",,,,,"",,,,,,,,,,,"","",,,,,"k",0.9793,,"space",0.4235,,2,"red_gnome",2,1,"dark_forest","yellow_basket","purple_gnome",2,6,"bright_forest","red_basket",6,0,0,1,"purple_gnome","bright_forest","red_basket",330,-2,2,35,1,71,1,1,"",,,"",,,"",,,"",,,,,,,"","",,,"",,,"",,,"",,,,,,,"",,,"","",,,,,,,,"",,,,,,,"",,,"","","",,,,,,,,"",,,,,"",,,,,"","","","",,,,,,"",,,,,"",,,,,"","",,,,,,"",,,,,,,
"","","",,"","","","","","","",,"","","","","","","",,"","","","","","","",,"","","","","",440478,1,"2024-02-20_10h25.18.089","experiment","2023.2.3","Win32",55.24861878,"6169ea2f9163a46bf5f356e2","65d473f163fad2a70bb049f3","65d47dd18e13c15dc0ab4448","",,,"",,,"",,,"",,,"",,,"",,,,,"",,,"","",,,,"",,,"","","",,,"","",,,,,"","","",,,,,,,1,"",,,,,"",,,,,,,,,,,"","",,,,,"s",0.6007,,"space",0.4396,,1,"brown_gnomes",1,4,"bright_forest","red_basket","green_gnome",1,3,"dark_forest","yellow_basket",4,0,0,1,"brown_gnomes","bright_forest","red_basket",334,0,1,36,0,72,0,1,"",,,"",,,"",,,"",,,,,,,"","",,,"",,,"",,,"",,,,,,,"",,,"","",,,,,,,,"",,,,,,,"",,,"","","",,,,,,,,"",,,,,"",,,,,"","","","",,,,,,"",,,,,"",,,,,"","",,,,,,"",,,,,,,
"","","",,"","","","","","","",,"","","","","","","",,"","","","","","","",,"","","","","",440478,1,"2024-02-20_10h25.18.089","experiment","2023.2.3","Win32",55.24861878,"6169ea2f9163a46bf5f356e2","65d473f163fad2a70bb049f3","65d47dd18e13c15dc0ab4448","",,,"",,,"",,,"",,,"",,,"",,,,,"",,,"","",,,,"",,,"","","",,,"","",,,,,"","","",,,,,,,2,"",,,,,"",,,,,,,,,,,"","",,,,,"s",0.6838,,"space",0.4455,,2,"purple_gnome",2,4,"bright_forest","red_basket","red_gnome",2,4,"dark_forest","yellow_basket",4,0,0,1,"purple_gnome","bright_forest","red_basket",338,4,-1,36,1,73,1,1,"",,,"",,,"",,,"",,,,,,,"","",,,"",,,"",,,"",,,,,,,"",,,"","",,,,,,,,"",,,,,,,"",,,"","","",,,,,,,,"",,,,,"",,,,,"","","","",,,,,,"",,,,,"",,,,,"","",,,,,,"",,,,,,,
"","","",,"","","","","","","",,"","","","","","","",,"","","","","","","",,"","","","","",440478,1,"2024-02-20_10h25.18.089","experiment","2023.2.3","Win32",55.24861878,"6169ea2f9163a46bf5f356e2","65d473f163fad2a70bb049f3","65d47dd18e13c15dc0ab4448","",,,"",,,"",,,"",,,"",,,"",,,,,"",,,"","",,,,"",,,"","","",,,"","",,,,,"","","",,,,,,,2,"",,,,,"",,,,,,,,,,,"","",,,,,"s",0.6815,,"space",0.444,,2,"purple_gnome",2,8,"bright_forest","red_basket","red_gnome",2,3,"dark_forest","yellow_basket",8,0,0,1,"purple_gnome","bright_forest","red_basket",346,0,2,37,0,74,1,1,"",,,"",,,"",,,"",,,,,,,"","",,,"",,,"",,,"",,,,,,,"",,,"","",,,,,,,,"",,,,,,,"",,,"","","",,,,,,,,"",,,,,"",,,,,"","","","",,,,,,"",,,,,"",,,,,"","",,,,,,"",,,,,,,
"","","",,"","","","","","","",,"","","","","","","",,"","","","","","","",,"","","","","",440478,1,"2024-02-20_10h25.18.089","experiment","2023.2.3","Win32",55.24861878,"6169ea2f9163a46bf5f356e2","65d473f163fad2a70bb049f3","65d47dd18e13c15dc0ab4448","",,,"",,,"",,,"",,,"",,,"",,,,,"",,,"","",,,,"",,,"","","",,,"","",,,,,"","","",,,,,,,2,"",,,,,"",,,,,,,,,,,"","",,,,,"s",0.6784,,"space",0.6768,,2,"purple_gnome",2,8,"bright_forest","red_basket","red_gnome",2,5,"dark_forest","yellow_basket",8,0,0,1,"purple_gnome","bright_forest","red_basket",354,0,1,37,1,75,1,1,"",,,"",,,"",,,"",,,,,,,"","",,,"",,,"",,,"",,,,,,,"",,,"","",,,,,,,,"",,,,,,,"",,,"","","",,,,,,,,"",,,,,"",,,,,"","","","",,,,,,"",,,,,"",,,,,"","",,,,,,"",,,,,,,
"","","",,"","","","","","","",,"","","","","","","",,"","","","","","","",,"","","","","",440478,1,"2024-02-20_10h25.18.089","experiment","2023.2.3","Win32",55.24861878,"6169ea2f9163a46bf5f356e2","65d473f163fad2a70bb049f3","65d47dd18e13c15dc0ab4448","",,,"",,,"",,,"",,,"",,,"",,,,,"",,,"","",,,,"",,,"","","",,,"","",,,,,"","","",,,,,,,2,"",,,,,"",,,,,,,,,,,"","",,,,,"s",0.9119,,"space",0.4945,,2,"purple_gnome",2,8,"bright_forest","red_basket","red_gnome",2,6,"dark_forest","yellow_basket",8,0,0,1,"purple_gnome","bright_forest","red_basket",362,-3,2,38,0,76,1,1,"",,,"",,,"",,,"",,,,,,,"","",,,"",,,"",,,"",,,,,,,"",,,"","",,,,,,,,"",,,,,,,"",,,"","","",,,,,,,,"",,,,,"",,,,,"","","","",,,,,,"",,,,,"",,,,,"","",,,,,,"",,,,,,,
"","","",,"","","","","","","",,"","","","","","","",,"","","","","","","",,"","","","","",440478,1,"2024-02-20_10h25.18.089","experiment","2023.2.3","Win32",55.24861878,"6169ea2f9163a46bf5f356e2","65d473f163fad2a70bb049f3","65d47dd18e13c15dc0ab4448","",,,"",,,"",,,"",,,"",,,"",,,,,"",,,"","",,,,"",,,"","","",,,"","",,,,,"","","",,,,,,,1,"",,,,,"",,,,,,,,,,,"","",,,,,"s",0.7321,,"space",0.5797,,1,"brown_gnomes",1,5,"bright_forest","red_basket","green_gnome",1,8,"dark_forest","yellow_basket",5,0,0,1,"brown_gnomes","bright_forest","red_basket",367,1,1,38,1,77,0,1,"",,,"",,,"",,,"",,,,,,,"","",,,"",,,"",,,"",,,,,,,"",,,"","",,,,,,,,"",,,,,,,"",,,"","","",,,,,,,,"",,,,,"",,,,,"","","","",,,,,,"",,,,,"",,,,,"","",,,,,,"",,,,,,,
"","","",,"","","","","","","",,"","","","","","","",,"","","","","","","",,"","","","","",440478,1,"2024-02-20_10h25.18.089","experiment","2023.2.3","Win32",55.24861878,"6169ea2f9163a46bf5f356e2","65d473f163fad2a70bb049f3","65d47dd18e13c15dc0ab4448","",,,"",,,"",,,"",,,"",,,"",,,,,"",,,"","",,,,"",,,"","","",,,"","",,,,,"","","",,,,,,,1,"",,,,,"",,,,,,,,,,,"","",,,,,"s",0.6844,,"space",0.5309,,1,"brown_gnomes",1,6,"bright_forest","red_basket","green_gnome",1,9,"dark_forest","yellow_basket",6,0,0,1,"brown_gnomes","bright_forest","red_basket",373,-2,-2,39,0,78,0,1,"",,,"",,,"",,,"",,,,,,,"","",,,"",,,"",,,"",,,,,,,"",,,"","",,,,,,,,"",,,,,,,"",,,"","","",,,,,,,,"",,,,,"",,,,,"","","","",,,,,,"",,,,,"",,,,,"","",,,,,,"",,,,,,,
"","","",,"","","","","","","",,"","","","","","","",,"","","","","","","",,"","","","","",440478,1,"2024-02-20_10h25.18.089","experiment","2023.2.3","Win32",55.24861878,"6169ea2f9163a46bf5f356e2","65d473f163fad2a70bb049f3","65d47dd18e13c15dc0ab4448","",,,"",,,"",,,"",,,"",,,"",,,,,"",,,"","",,,,"",,,"","","",,,"","",,,,,"","","",,,,,,,2,"",,,,,"",,,,,,,,,,,"","",,,,,"k",0.7283,,"space",0.5184,,2,"red_gnome",2,7,"dark_forest","yellow_basket","purple_gnome",2,4,"bright_forest","red_basket",4,0,0,1,"purple_gnome","bright_forest","red_basket",377,-1,3,39,1,79,1,1,"",,,"",,,"",,,"",,,,,,,"","",,,"",,,"",,,"",,,,,,,"",,,"","",,,,,,,,"",,,,,,,"",,,"","","",,,,,,,,"",,,,,"",,,,,"","","","",,,,,,"",,,,,"",,,,,"","",,,,,,"",,,,,,,
"","","",,"","","","","","","",,"","","","","","","",,"","","","","","","",,"","","","","",440478,1,"2024-02-20_10h25.18.089","experiment","2023.2.3","Win32",55.24861878,"6169ea2f9163a46bf5f356e2","65d473f163fad2a70bb049f3","65d47dd18e13c15dc0ab4448","",,,"",,,"",,,"",,,"",,,"",,,,,"",,,"","",,,,"",,,"","","",,,"","",,,,,"","","",,,,,,,2,"",,,,,"",,,,,,,,,,,"","",,,,,"k",0.6579,,"space",0.6161,,2,"red_gnome",2,8,"dark_forest","yellow_basket","purple_gnome",2,3,"bright_forest","red_basket",3,0,0,1,"purple_gnome","bright_forest","red_basket",380,-1,-3,40,0,80,1,1,"",,,"",,,"",,,"",,,,,,,"","",,,"",,,"",,,"",,,,,,,"",,,"","",,,,,,,,"",,,,,,,"",,,"","","",,,,,,,,"",,,,,"",,,,,"","","","",,,,,,"",,,,,"",,,,,"","",,,,,,"",,,,,,,
"","","",,"","","","","","","",,"","","","","","","",,"","","","","","","",,"","","","","",440478,1,"2024-02-20_10h25.18.089","experiment","2023.2.3","Win32",55.24861878,"6169ea2f9163a46bf5f356e2","65d473f163fad2a70bb049f3","65d47dd18e13c15dc0ab4448","",,,"",,,"",,,"",,,"",,,"",,,,,"",,,"","",,,,"",,,"","","",,,"","",,,,,"","","",,,,,,,1,"",,,,,"",,,,,,,,,,,"","",,,,,"k",0.7186,,"space",0.4235,,1,"brown_gnomes",1,2,"bright_forest","red_basket","green_gnome",1,5,"dark_forest","yellow_basket",5,0,0,1,"green_gnome","dark_forest","yellow_basket",385,-2,3,40,1,81,0,1,"",,,"",,,"",,,"",,,,,,,"","",,,"",,,"",,,"",,,,,,,"",,,"","",,,,,,,,"",,,,,,,"",,,"","","",,,,,,,,"",,,,,"",,,,,"","","","",,,,,,"",,,,,"",,,,,"","",,,,,,"",,,,,,,
"","","",,"","","","","","","",,"","","","","","","",,"","","","","","","",,"","","","","",440478,1,"2024-02-20_10h25.18.089","experiment","2023.2.3","Win32",55.24861878,"6169ea2f9163a46bf5f356e2","65d473f163fad2a70bb049f3","65d47dd18e13c15dc0ab4448","",,,"",,,"",,,"",,,"",,,"",,,,,"",,,"","",,,,"",,,"","","",,,"","",,,,,"","","",,,,,,,1,"",,,,,"",,,,,,,,,,,"","",,,,,"k",0.6658,,"space",0.3932,,1,"brown_gnomes",1,0,"bright_forest","red_basket","green_gnome",1,8,"dark_forest","yellow_basket",8,0,0,1,"green_gnome","dark_forest","yellow_basket",393,0,2,41,0,82,0,1,"",,,"",,,"",,,"",,,,,,,"","",,,"",,,"",,,"",,,,,,,"",,,"","",,,,,,,,"",,,,,,,"",,,"","","",,,,,,,,"",,,,,"",,,,,"","","","",,,,,,"",,,,,"",,,,,"","",,,,,,"",,,,,,,
"","","",,"","","","","","","",,"","","","","","","",,"","","","","","","",,"","","","","",440478,1,"2024-02-20_10h25.18.089","experiment","2023.2.3","Win32",55.24861878,"6169ea2f9163a46bf5f356e2","65d473f163fad2a70bb049f3","65d47dd18e13c15dc0ab4448","",,,"",,,"",,,"",,,"",,,"",,,,,"",,,"","",,,,"",,,"","","",,,"","",,,,,"","","",,,,,,,1,"",,,,,"",,,,,,,,,,,"","",,,,,"k",0.6568,,"space",0.4237,,1,"brown_gnomes",1,0,"bright_forest","red_basket","green_gnome",1,8,"dark_forest","yellow_basket",8,0,0,1,"green_gnome","dark_forest","yellow_basket",401,-3,-3,41,1,83,0,1,"",,,"",,,"",,,"",,,,,,,"","",,,"",,,"",,,"",,,,,,,"",,,"","",,,,,,,,"",,,,,,,"",,,"","","",,,,,,,,"",,,,,"",,,,,"","","","",,,,,,"",,,,,"",,,,,"","",,,,,,"",,,,,,,
"","","",,"","","","","","","",,"","","","","","","",,"","","","","","","",,"","","","","",440478,1,"2024-02-20_10h25.18.089","experiment","2023.2.3","Win32",55.24861878,"6169ea2f9163a46bf5f356e2","65d473f163fad2a70bb049f3","65d47dd18e13c15dc0ab4448","",,,"",,,"",,,"",,,"",,,"",,,,,"",,,"","",,,,"",,,"","","",,,"","",,,,,"","","",,,,,,,2,"",,,,,"",,,,,,,,,,,"","",,,,,"k",0.7924,,"space",0.5718,,2,"purple_gnome",2,3,"bright_forest","red_basket","red_gnome",2,5,"dark_forest","yellow_basket",5,0,0,1,"red_gnome","dark_forest","yellow_basket",406,2,3,42,0,84,1,1,"",,,"",,,"",,,"",,,,,,,"","",,,"",,,"",,,"",,,,,,,"",,,"","",,,,,,,,"",,,,,,,"",,,"","","",,,,,,,,"",,,,,"",,,,,"","","","",,,,,,"",,,,,"",,,,,"","",,,,,,"",,,,,,,
"","","",,"","","","","","","",,"","","","","","","",,"","","","","","","",,"","","","","",440478,1,"2024-02-20_10h25.18.089","experiment","2023.2.3","Win32",55.24861878,"6169ea2f9163a46bf5f356e2","65d473f163fad2a70bb049f3","65d47dd18e13c15dc0ab4448","",,,"",,,"",,,"",,,"",,,"",,,,,"",,,"","",,,,"",,,"","","",,,"","",,,,,"","","",,,,,,,1,"",,,,,"",,,,,,,,,,,"","",,,,,"s",0.818,,"space",0.675,,1,"brown_gnomes",1,5,"bright_forest","red_basket","green_gnome",1,8,"dark_forest","yellow_basket",5,0,0,1,"brown_gnomes","bright_forest","red_basket",411,0,-2,42,1,85,0,1,"",,,"",,,"",,,"",,,,,,,"","",,,"",,,"",,,"",,,,,,,"",,,"","",,,,,,,,"",,,,,,,"",,,"","","",,,,,,,,"",,,,,"",,,,,"","","","",,,,,,"",,,,,"",,,,,"","",,,,,,"",,,,,,,
"","","",,"","","","","","","",,"","","","","","","",,"","","","","","","",,"","","","","",440478,1,"2024-02-20_10h25.18.089","experiment","2023.2.3","Win32",55.24861878,"6169ea2f9163a46bf5f356e2","65d473f163fad2a70bb049f3","65d47dd18e13c15dc0ab4448","",,,"",,,"",,,"",,,"",,,"",,,,,"",,,"","",,,,"",,,"","","",,,"","",,,,,"","","",,,,,,,2,"",,,,,"",,,,,,,,,,,"","",,,,,"k",0.6528,,"space",0.5244,,2,"red_gnome",2,6,"dark_forest","yellow_basket","purple_gnome",2,5,"bright_forest","red_basket",5,0,0,1,"purple_gnome","bright_forest","red_basket",416,0,-4,43,0,86,1,1,"",,,"",,,"",,,"",,,,,,,"","",,,"",,,"",,,"",,,,,,,"",,,"","",,,,,,,,"",,,,,,,"",,,"","","",,,,,,,,"",,,,,"",,,,,"","","","",,,,,,"",,,,,"",,,,,"","",,,,,,"",,,,,,,
"","","",,"","","","","","","",,"","","","","","","",,"","","","","","","",,"","","","","",440478,1,"2024-02-20_10h25.18.089","experiment","2023.2.3","Win32",55.24861878,"6169ea2f9163a46bf5f356e2","65d473f163fad2a70bb049f3","65d47dd18e13c15dc0ab4448","",,,"",,,"",,,"",,,"",,,"",,,,,"",,,"","",,,,"",,,"","","",,,"","",,,,,"","","",,,,,,,2,"",,,,,"",,,,,,,,,,,"","",,,,,"s",0.7822,,"space",0.7178,,2,"purple_gnome",2,5,"bright_forest","red_basket","red_gnome",2,2,"dark_forest","yellow_basket",5,0,0,1,"purple_gnome","bright_forest","red_basket",421,2,2,43,1,87,1,1,"",,,"",,,"",,,"",,,,,,,"","",,,"",,,"",,,"",,,,,,,"",,,"","",,,,,,,,"",,,,,,,"",,,"","","",,,,,,,,"",,,,,"",,,,,"","","","",,,,,,"",,,,,"",,,,,"","",,,,,,"",,,,,,,
"","","",,"","","","","","","",,"","","","","","","",,"","","","","","","",,"","","","","",440478,1,"2024-02-20_10h25.18.089","experiment","2023.2.3","Win32",55.24861878,"6169ea2f9163a46bf5f356e2","65d473f163fad2a70bb049f3","65d47dd18e13c15dc0ab4448","",,,"",,,"",,,"",,,"",,,"",,,,,"",,,"","",,,,"",,,"","","",,,"","",,,,,"","","",,,,,,,1,"",,,,,"",,,,,,,,,,,"","",,,,,"s",0.5974,,"space",0.5224,,1,"brown_gnomes",1,7,"bright_forest","red_basket","green_gnome",1,4,"dark_forest","yellow_basket",7,0,0,1,"brown_gnomes","bright_forest","red_basket",428,1,-1,44,0,88,0,1,"",,,"",,,"",,,"",,,,,,,"","",,,"",,,"",,,"",,,,,,,"",,,"","",,,,,,,,"",,,,,,,"",,,"","","",,,,,,,,"",,,,,"",,,,,"","","","",,,,,,"",,,,,"",,,,,"","",,,,,,"",,,,,,,
"","","",,"","","","","","","",,"","","","","","","",,"","","","","","","",,"","","","","",440478,1,"2024-02-20_10h25.18.089","experiment","2023.2.3","Win32",55.24861878,"6169ea2f9163a46bf5f356e2","65d473f163fad2a70bb049f3","65d47dd18e13c15dc0ab4448","",,,"",,,"",,,"",,,"",,,"",,,,,"",,,"","",,,,"",,,"","","",,,"","",,,,,"","","",,,,,,,1,"",,,,,"",,,,,,,,,,,"","",,,,,"s",0.6844,,"space",0.6769,,1,"brown_gnomes",1,8,"bright_forest","red_basket","green_gnome",1,3,"dark_forest","yellow_basket",8,0,0,1,"brown_gnomes","bright_forest","red_basket",436,0,-2,44,1,89,0,1,"",,,"",,,"",,,"",,,,,,,"","",,,"",,,"",,,"",,,,,,,"",,,"","",,,,,,,,"",,,,,,,"",,,"","","",,,,,,,,"",,,,,"",,,,,"","","","",,,,,,"",,,,,"",,,,,"","",,,,,,"",,,,,,,
"","","",,"","","","","","","",,"","","","","","","",,"","","","","","","",,"","","","","",440478,1,"2024-02-20_10h25.18.089","experiment","2023.2.3","Win32",55.24861878,"6169ea2f9163a46bf5f356e2","65d473f163fad2a70bb049f3","65d47dd18e13c15dc0ab4448","",,,"",,,"",,,"",,,"",,,"",,,,,"",,,"","",,,,"",,,"","","",,,"","",,,,,"","","",,,,,,,1,"",,,,,"",,,,,,,,,,,"","",,,,,"s",0.6185,,"space",0.4557,,1,"brown_gnomes",1,8,"bright_forest","red_basket","green_gnome",1,1,"dark_forest","yellow_basket",8,0,0,1,"brown_gnomes","bright_forest","red_basket",444,-2,-2,45,0,90,0,1,"",,,"",,,"",,,"",,,,,,,"","",,,"",,,"",,,"",,,,,,,"",,,"","",,,,,,,,"",,,,,,,"",,,"","","",,,,,,,,"",,,,,"",,,,,"","","","",,,,,,"",,,,,"",,,,,"","",,,,,,"",,,,,,,
"","","",,"","","","","","","",,"","","","","","","",,"","","","","","","",,"","","","","",440478,1,"2024-02-20_10h25.18.089","experiment","2023.2.3","Win32",55.24861878,"6169ea2f9163a46bf5f356e2","65d473f163fad2a70bb049f3","65d47dd18e13c15dc0ab4448","",,,"",,,"",,,"",,,"",,,"",,,,,"",,,"","",,,,"",,,"","","",,,"","",,,,,"","","",,,,,,,1,"",,,,,"",,,,,,,,,,,"","",,,,,"k",0.7818,,"space",0.5827,,1,"green_gnome",1,1,"dark_forest","yellow_basket","brown_gnomes",1,6,"bright_forest","red_basket",6,0,0,1,"brown_gnomes","bright_forest","red_basket",450,1,1,45,1,91,0,1,"",,,"",,,"",,,"",,,,,,,"","",,,"",,,"",,,"",,,,,,,"",,,"","",,,,,,,,"",,,,,,,"",,,"","","",,,,,,,,"",,,,,"",,,,,"","","","",,,,,,"",,,,,"",,,,,"","",,,,,,"",,,,,,,
"","","",,"","","","","","","",,"","","","","","","",,"","","","","","","",,"","","","","",440478,1,"2024-02-20_10h25.18.089","experiment","2023.2.3","Win32",55.24861878,"6169ea2f9163a46bf5f356e2","65d473f163fad2a70bb049f3","65d47dd18e13c15dc0ab4448","",,,"",,,"",,,"",,,"",,,"",,,,,"",,,"","",,,,"",,,"","","",,,"","",,,,,"","","",,,,,,,2,"",,,,,"",,,,,,,,,,,"","",,,,,"k",0.6785,,"space",0.5419,,2,"red_gnome",2,2,"dark_forest","yellow_basket","purple_gnome",2,7,"bright_forest","red_basket",7,0,0,1,"purple_gnome","bright_forest","red_basket",457,1,2,46,0,92,1,1,"",,,"",,,"",,,"",,,,,,,"","",,,"",,,"",,,"",,,,,,,"",,,"","",,,,,,,,"",,,,,,,"",,,"","","",,,,,,,,"",,,,,"",,,,,"","","","",,,,,,"",,,,,"",,,,,"","",,,,,,"",,,,,,,
"","","",,"","","","","","","",,"","","","","","","",,"","","","","","","",,"","","","","",440478,1,"2024-02-20_10h25.18.089","experiment","2023.2.3","Win32",55.24861878,"6169ea2f9163a46bf5f356e2","65d473f163fad2a70bb049f3","65d47dd18e13c15dc0ab4448","",,,"",,,"",,,"",,,"",,,"",,,,,"",,,"","",,,,"",,,"","","",,,"","",,,,,"","","",,,,,,,1,"",,,,,"",,,,,,,,,,,"","",,,,,"s",0.6286,,"space",0.7399,,1,"brown_gnomes",1,8,"bright_forest","red_basket","green_gnome",1,4,"dark_forest","yellow_basket",8,0,0,1,"brown_gnomes","bright_forest","red_basket",465,-2,0,46,1,93,0,1,"",,,"",,,"",,,"",,,,,,,"","",,,"",,,"",,,"",,,,,,,"",,,"","",,,,,,,,"",,,,,,,"",,,"","","",,,,,,,,"",,,,,"",,,,,"","","","",,,,,,"",,,,,"",,,,,"","",,,,,,"",,,,,,,
"","","",,"","","","","","","",,"","","","","","","",,"","","","","","","",,"","","","","",440478,1,"2024-02-20_10h25.18.089","experiment","2023.2.3","Win32",55.24861878,"6169ea2f9163a46bf5f356e2","65d473f163fad2a70bb049f3","65d47dd18e13c15dc0ab4448","",,,"",,,"",,,"",,,"",,,"",,,,,"",,,"","",,,,"",,,"","","",,,"","",,,,,"","","",,,,,,,2,"",,,,,"",,,,,,,,,,,"","",,,,,"k",0.7416,,"space",0.5422,,2,"red_gnome",2,4,"dark_forest","yellow_basket","purple_gnome",2,6,"bright_forest","red_basket",6,0,0,1,"purple_gnome","bright_forest","red_basket",471,1,0,47,0,94,1,1,"",,,"",,,"",,,"",,,,,,,"","",,,"",,,"",,,"",,,,,,,"",,,"","",,,,,,,,"",,,,,,,"",,,"","","",,,,,,,,"",,,,,"",,,,,"","","","",,,,,,"",,,,,"",,,,,"","",,,,,,"",,,,,,,
"","","",,"","","","","","","",,"","","","","","","",,"","","","","","","",,"","","","","",440478,1,"2024-02-20_10h25.18.089","experiment","2023.2.3","Win32",55.24861878,"6169ea2f9163a46bf5f356e2","65d473f163fad2a70bb049f3","65d47dd18e13c15dc0ab4448","",,,"",,,"",,,"",,,"",,,"",,,,,"",,,"","",,,,"",,,"","","",,,"","",,,,,"","","",,,,,,,1,"",,,,,"",,,,,,,,,,,"","",,,,,"s",0.6124,,"space",0.6243,,1,"brown_gnomes",1,7,"bright_forest","red_basket","green_gnome",1,4,"dark_forest","yellow_basket",7,0,0,1,"brown_gnomes","bright_forest","red_basket",478,-3,0,47,1,95,0,1,"",,,"",,,"",,,"",,,,,,,"","",,,"",,,"",,,"",,,,,,,"",,,"","",,,,,,,,"",,,,,,,"",,,"","","",,,,,,,,"",,,,,"",,,,,"","","","",,,,,,"",,,,,"",,,,,"","",,,,,,"",,,,,,,
"","","",,"","","","","","","",,"","","","","","","",,"","","","","","","",,"","","","","",440478,1,"2024-02-20_10h25.18.089","experiment","2023.2.3","Win32",55.24861878,"6169ea2f9163a46bf5f356e2","65d473f163fad2a70bb049f3","65d47dd18e13c15dc0ab4448","",,,"",,,"",,,"",,,"",,,"",,,,,"",,,"","",,,,"",,,"","","",,,"","",,,,,"","","",,,,,,,1,"",,,,,"",,,,,,,,,,,"","",,,,,"k",0.8348,,"space",0.733,,1,"green_gnome",1,4,"dark_forest","yellow_basket","brown_gnomes",1,4,"bright_forest","red_basket",4,0,0,1,"brown_gnomes","bright_forest","red_basket",482,2,0,48,0,96,0,1,"",,,"",,,"",,,"",,,,,,,"","",,,"",,,"",,,"",,,,,,,"",,,"","",,,,,,,,"",,,,,,,"",,,"","","",,,,,,,,"",,,,,"",,,,,"","","","",,,,,,"",,,,,"",,,,,"","",,,,,,"",,,,,,,
"","","",,"","","","","","","",,"","","","","","","",,"","","","","","","",,"","","","","",440478,1,"2024-02-20_10h25.18.089","experiment","2023.2.3","Win32",55.24861878,"6169ea2f9163a46bf5f356e2","65d473f163fad2a70bb049f3","65d47dd18e13c15dc0ab4448","",,,"",,,"",,,"",,,"",,,"",,,,,"",,,"","",,,,"",,,"","","",,,"","",,,,,"","","",,,,,,,1,"",,,,,"",,,,,,,,,,,"","",,,,,"s",0.6187,,"space",0.9264,,1,"brown_gnomes",1,6,"bright_forest","red_basket","green_gnome",1,4,"dark_forest","yellow_basket",6,0,0,1,"brown_gnomes","bright_forest","red_basket",488,1,-7,48,1,97,0,1,"",,,"",,,"",,,"",,,,,,,"","",,,"",,,"",,,"",,,,,,,"",,,"","",,,,,,,,"",,,,,,,"",,,"","","",,,,,,,,"",,,,,"",,,,,"","","","",,,,,,"",,,,,"",,,,,"","",,,,,,"",,,,,,,
"","","",,"","","","","","","",,"","","","","","","",,"","","","","","","",,"","","","","",440478,1,"2024-02-20_10h25.18.089","experiment","2023.2.3","Win32",55.24861878,"6169ea2f9163a46bf5f356e2","65d473f163fad2a70bb049f3","65d47dd18e13c15dc0ab4448","",,,"",,,"",,,"",,,"",,,"",,,,,"",,,"","",,,,"",,,"","","",,,"","",,,,,"","","",,,,,,,2,"",,,,,"",,,,,,,,,,,"","",,,,,"k",0.7425,,"space",1.4221,0.0029,2,"red_gnome",2,3,"dark_forest","yellow_basket","purple_gnome",2,7,"bright_forest","red_basket",7,0,0,1,"purple_gnome","bright_forest","red_basket",495,1,4,49,0,98,1,1,"",,,"",,,"",,,"",,,,,,,"","",,,"",,,"",,,"",,,,,,,"",,,"","",,,,,,,,"",,,,,,,"",,,"","","",,,,,,,,"",,,,,"",,,,,"","","","",,,,,,"",,,,,"",,,,,"","",,,,,,"",,,,,,,
"","","",,"","","","","","","",,"","","","","","","",,"","","","","","","",,"","","","","",440478,1,"2024-02-20_10h25.18.089","experiment","2023.2.3","Win32",55.24861878,"6169ea2f9163a46bf5f356e2","65d473f163fad2a70bb049f3","65d47dd18e13c15dc0ab4448","",,,"",,,"",,,"",,,"",,,"",,,,,"",,,"","",,,,"",,,"","","",,,"","",,,,,"","","",,,,,,,1,"",,,,,"",,,,,,,,,,,"","",,,,,"k",0.739,,"space",0.6251,,1,"green_gnome",1,7,"dark_forest","yellow_basket","brown_gnomes",1,8,"bright_forest","red_basket",8,0,0,1,"brown_gnomes","bright_forest","red_basket",503,-1,1,49,1,99,0,1,"",,,"",,,"",,,"",,,,,,,"","",,,"",,,"",,,"",,,,,,,"",,,"","",,,,,,,,"",,,,,,,"",,,"","","",,,,,,,,"",,,,,"",,,,,"","","","",,,,,,"",,,,,"",,,,,"","",,,,,,"",,,,,,,
"","","",,"","","","","","","",,"","","","","","","",,"","","","","","","",,"","","","","",440478,1,"2024-02-20_10h25.18.089","experiment","2023.2.3","Win32",55.24861878,"6169ea2f9163a46bf5f356e2","65d473f163fad2a70bb049f3","65d47dd18e13c15dc0ab4448","",,,"",,,"",,,"",,,"",,,"",,,,,"",,,"","",,,,"",,,"","","",,,"","",,,,,"","","",,,,,,,2,"",,,,,"",,,,,,,,,,,"","",,,,,"k",0.819,,"space",0.8475,,2,"red_gnome",2,8,"dark_forest","yellow_basket","purple_gnome",2,7,"bright_forest","red_basket",7,0,0,1,"purple_gnome","bright_forest","red_basket",510,1,2,50,0,100,1,1,"",,,"",,,"",,,"",,,,,,,"","",,,"",,,"",,,"",,,,,,,"",,,"","",,,,,,,,"",,,,,,,"",,,"","","",,,,,,,,"",,,,,"",,,,,"","","","",,,,,,"",,,,,"",,,,,"","",,,,,,"",,,,,,,
"","","",,"","","","","","","",,"","","","","","","",,"","","","","","","",,"","","","","",440478,1,"2024-02-20_10h25.18.089","experiment","2023.2.3","Win32",55.24861878,"6169ea2f9163a46bf5f356e2","65d473f163fad2a70bb049f3","65d47dd18e13c15dc0ab4448","",,,"",,,"",,,"",,,"",,,"",,,,,"",,,"","",,,,"",,,"","","",,,"","",,,,,"","","",,,,,,,2,"",,,,,"",,,,,,,,,,,"","",,,,,"s",0.701,,"space",0.6749,,2,"purple_gnome",2,8,"bright_forest","red_basket","red_gnome",2,8,"dark_forest","yellow_basket",8,0,0,1,"purple_gnome","bright_forest","red_basket",518,6,0,50,1,101,1,1,"",,,"",,,"",,,"",,,,,,,"","",,,"",,,"",,,"",,,,,,,"",,,"","",,,,,,,,"",,,,,,,"",,,"","","",,,,,,,,"",,,,,"",,,,,"","","","",,,,,,"",,,,,"",,,,,"","",,,,,,"",,,,,,,
"","","",,"","","","","","","",,"","","","","","","",,"","","","","","","",,"","","","","",440478,1,"2024-02-20_10h25.18.089","experiment","2023.2.3","Win32",55.24861878,"6169ea2f9163a46bf5f356e2","65d473f163fad2a70bb049f3","65d47dd18e13c15dc0ab4448","",,,"",,,"",,,"",,,"",,,"",,,,,"",,,"","",,,,"",,,"","","",,,"","",,,,,"","","",,,,,,,2,"",,,,,"",,,,,,,,,,,"","",,,,,"s",0.586,,"space",0.8914,,2,"purple_gnome",2,4,"bright_forest","red_basket","red_gnome",2,8,"dark_forest","yellow_basket",4,0,0,1,"purple_gnome","bright_forest","red_basket",522,-3,1,51,0,102,1,1,"",,,"",,,"",,,"",,,,,,,"","",,,"",,,"",,,"",,,,,,,"",,,"","",,,,,,,,"",,,,,,,"",,,"","","",,,,,,,,"",,,,,"",,,,,"","","","",,,,,,"",,,,,"",,,,,"","",,,,,,"",,,,,,,
"","","",,"","","","","","","",,"","","","","","","",,"","","","","","","",,"","","","","",440478,1,"2024-02-20_10h25.18.089","experiment","2023.2.3","Win32",55.24861878,"6169ea2f9163a46bf5f356e2","65d473f163fad2a70bb049f3","65d47dd18e13c15dc0ab4448","",,,"",,,"",,,"",,,"",,,"",,,,,"",,,"","",,,,"",,,"","","",,,"","",,,,,"","","",,,,,,,1,"",,,,,"",,,,,,,,,,,"","",,,,,"k",0.7164,,"space",1.0573,,1,"green_gnome",1,9,"dark_forest","yellow_basket","brown_gnomes",1,1,"bright_forest","red_basket",1,0,0,1,"brown_gnomes","bright_forest","red_basket",523,0,3,51,1,103,0,1,"",,,"",,,"",,,"",,,,,,,"","",,,"",,,"",,,"",,,,,,,"",,,"","",,,,,,,,"",,,,,,,"",,,"","","",,,,,,,,"",,,,,"",,,,,"","","","",,,,,,"",,,,,"",,,,,"","",,,,,,"",,,,,,,
"","","",,"","","","","","","",,"","","","","","","",,"","","","","","","",,"","","","","",440478,1,"2024-02-20_10h25.18.089","experiment","2023.2.3","Win32",55.24861878,"6169ea2f9163a46bf5f356e2","65d473f163fad2a70bb049f3","65d47dd18e13c15dc0ab4448","",,,"",,,"",,,"",,,"",,,"",,,,,"",,,"","",,,,"",,,"","","",,,"","",,,,,"","","",,,,,,,1,"",,,,,"",,,,,,,,,,,"","",,,,,"s",0.6169,,"space",0.4917,,1,"green_gnome",1,6,"dark_forest","yellow_basket","brown_gnomes",1,1,"bright_forest","red_basket",6,0,0,1,"green_gnome","dark_forest","yellow_basket",529,-2,-1,52,0,104,0,1,"",,,"",,,"",,,"",,,,,,,"","",,,"",,,"",,,"",,,,,,,"",,,"","",,,,,,,,"",,,,,,,"",,,"","","",,,,,,,,"",,,,,"",,,,,"","","","",,,,,,"",,,,,"",,,,,"","",,,,,,"",,,,,,,
"","","",,"","","","","","","",,"","","","","","","",,"","","","","","","",,"","","","","",440478,1,"2024-02-20_10h25.18.089","experiment","2023.2.3","Win32",55.24861878,"6169ea2f9163a46bf5f356e2","65d473f163fad2a70bb049f3","65d47dd18e13c15dc0ab4448","",,,"",,,"",,,"",,,"",,,"",,,,,"",,,"","",,,,"",,,"","","",,,"","",,,,,"","","",,,,,,,1,"",,,,,"",,,,,,,,,,,"","",,,,,"s",0.5916,,"space",0.436,,1,"green_gnome",1,5,"dark_forest","yellow_basket","brown_gnomes",1,1,"bright_forest","red_basket",5,0,0,1,"green_gnome","dark_forest","yellow_basket",534,-1,-3,52,1,105,0,1,"",,,"",,,"",,,"",,,,,,,"","",,,"",,,"",,,"",,,,,,,"",,,"","",,,,,,,,"",,,,,,,"",,,"","","",,,,,,,,"",,,,,"",,,,,"","","","",,,,,,"",,,,,"",,,,,"","",,,,,,"",,,,,,,
"","","",,"","","","","","","",,"","","","","","","",,"","","","","","","",,"","","","","",440478,1,"2024-02-20_10h25.18.089","experiment","2023.2.3","Win32",55.24861878,"6169ea2f9163a46bf5f356e2","65d473f163fad2a70bb049f3","65d47dd18e13c15dc0ab4448","",,,"",,,"",,,"",,,"",,,"",,,,,"",,,"","",,,,"",,,"","","",,,"","",,,,,"","","",,,,,,,2,"",,,,,"",,,,,,,,,,,"","",,,,,"k",0.7293,,"space",0.8383,,2,"purple_gnome",2,0,"bright_forest","red_basket","red_gnome",2,2,"dark_forest","yellow_basket",2,0,0,1,"red_gnome","dark_forest","yellow_basket",536,2,0,53,0,106,1,1,"",,,"",,,"",,,"",,,,,,,"","",,,"",,,"",,,"",,,,,,,"",,,"","",,,,,,,,"",,,,,,,"",,,"","","",,,,,,,,"",,,,,"",,,,,"","","","",,,,,,"",,,,,"",,,,,"","",,,,,,"",,,,,,,
"","","",,"","","","","","","",,"","","","","","","",,"","","","","","","",,"","","","","",440478,1,"2024-02-20_10h25.18.089","experiment","2023.2.3","Win32",55.24861878,"6169ea2f9163a46bf5f356e2","65d473f163fad2a70bb049f3","65d47dd18e13c15dc0ab4448","",,,"",,,"",,,"",,,"",,,"",,,,,"",,,"","",,,,"",,,"","","",,,"","",,,,,"","","",,,,,,,1,"",,,,,"",,,,,,,,,,,"","",,,,,"k",0.7441,,"space",0.6428,,1,"green_gnome",1,2,"dark_forest","yellow_basket","brown_gnomes",1,2,"bright_forest","red_basket",2,0,0,1,"brown_gnomes","bright_forest","red_basket",538,-4,0,53,1,107,0,1,"",,,"",,,"",,,"",,,,,,,"","",,,"",,,"",,,"",,,,,,,"",,,"","",,,,,,,,"",,,,,,,"",,,"","","",,,,,,,,"",,,,,"",,,,,"","","","",,,,,,"",,,,,"",,,,,"","",,,,,,"",,,,,,,
"","","",,"","","","","","","",,"","","","","","","",,"","","","","","","",,"","","","","",440478,1,"2024-02-20_10h25.18.089","experiment","2023.2.3","Win32",55.24861878,"6169ea2f9163a46bf5f356e2","65d473f163fad2a70bb049f3","65d47dd18e13c15dc0ab4448","",,,"",,,"",,,"",,,"",,,"",,,,,"",,,"","",,,,"",,,"","","",,,"","",,,,,"","","",,,,,,,2,"",,,,,"",,,,,,,,,,,"","",,,,,"k",0.7093,,"space",0.5759,,2,"red_gnome",2,2,"dark_forest","yellow_basket","purple_gnome",2,2,"bright_forest","red_basket",2,0,0,1,"purple_gnome","bright_forest","red_basket",540,-1,-1,54,0,108,1,1,"",,,"",,,"",,,"",,,,,,,"","",,,"",,,"",,,"",,,,,,,"",,,"","",,,,,,,,"",,,,,,,"",,,"","","",,,,,,,,"",,,,,"",,,,,"","","","",,,,,,"",,,,,"",,,,,"","",,,,,,"",,,,,,,
"","","",,"","","","","","","",,"","","","","","","",,"","","","","","","",,"","","","","",440478,1,"2024-02-20_10h25.18.089","experiment","2023.2.3","Win32",55.24861878,"6169ea2f9163a46bf5f356e2","65d473f163fad2a70bb049f3","65d47dd18e13c15dc0ab4448","",,,"",,,"",,,"",,,"",,,"",,,,,"",,,"","",,,,"",,,"","","",,,"","",,,,,"","","",,,,,,,2,"",,,,,"",,,,,,,,,,,"","",,,,,"s",0.7913,,"space",0.4906,,2,"red_gnome",2,1,"dark_forest","yellow_basket","purple_gnome",2,1,"bright_forest","red_basket",1,0,0,1,"red_gnome","dark_forest","yellow_basket",541,-2,0,54,1,109,1,1,"",,,"",,,"",,,"",,,,,,,"","",,,"",,,"",,,"",,,,,,,"",,,"","",,,,,,,,"",,,,,,,"",,,"","","",,,,,,,,"",,,,,"",,,,,"","","","",,,,,,"",,,,,"",,,,,"","",,,,,,"",,,,,,,
"","","",,"","","","","","","",,"","","","","","","",,"","","","","","","",,"","","","","",440478,1,"2024-02-20_10h25.18.089","experiment","2023.2.3","Win32",55.24861878,"6169ea2f9163a46bf5f356e2","65d473f163fad2a70bb049f3","65d47dd18e13c15dc0ab4448","",,,"",,,"",,,"",,,"",,,"",,,,,"",,,"","",,,,"",,,"","","",,,"","",,,,,"","","",,,,,,,1,"",,,,,"",,,,,,,,,,,"","",,,,,"s",0.6621,,"space",0.5466,,1,"brown_gnomes",1,1,"bright_forest","red_basket","green_gnome",1,1,"dark_forest","yellow_basket",1,0,0,1,"brown_gnomes","bright_forest","red_basket",542,3,3,55,0,110,0,1,"",,,"",,,"",,,"",,,,,,,"","",,,"",,,"",,,"",,,,,,,"",,,"","",,,,,,,,"",,,,,,,"",,,"","","",,,,,,,,"",,,,,"",,,,,"","","","",,,,,,"",,,,,"",,,,,"","",,,,,,"",,,,,,,
"","","",,"","","","","","","",,"","","","","","","",,"","","","","","","",,"","","","","",440478,1,"2024-02-20_10h25.18.089","experiment","2023.2.3","Win32",55.24861878,"6169ea2f9163a46bf5f356e2","65d473f163fad2a70bb049f3","65d47dd18e13c15dc0ab4448","",,,"",,,"",,,"",,,"",,,"",,,,,"",,,"","",,,,"",,,"","","",,,"","",,,,,"","","",,,,,,,1,"",,,,,"",,,,,,,,,,,"","",,,,,"s",0.6429,,"space",0.5725,,1,"green_gnome",1,4,"dark_forest","yellow_basket","brown_gnomes",1,4,"bright_forest","red_basket",4,0,0,1,"green_gnome","dark_forest","yellow_basket",546,-1,-1,55,1,111,0,1,"",,,"",,,"",,,"",,,,,,,"","",,,"",,,"",,,"",,,,,,,"",,,"","",,,,,,,,"",,,,,,,"",,,"","","",,,,,,,,"",,,,,"",,,,,"","","","",,,,,,"",,,,,"",,,,,"","",,,,,,"",,,,,,,
"","","",,"","","","","","","",,"","","","","","","",,"","","","","","","",,"","","","","",440478,1,"2024-02-20_10h25.18.089","experiment","2023.2.3","Win32",55.24861878,"6169ea2f9163a46bf5f356e2","65d473f163fad2a70bb049f3","65d47dd18e13c15dc0ab4448","",,,"",,,"",,,"",,,"",,,"",,,,,"",,,"","",,,,"",,,"","","",,,"","",,,,,"","","",,,,,,,2,"",,,,,"",,,,,,,,,,,"","",,,,,"k",0.9246,,"space",0.4907,,2,"purple_gnome",2,3,"bright_forest","red_basket","red_gnome",2,3,"dark_forest","yellow_basket",3,0,0,1,"red_gnome","dark_forest","yellow_basket",549,0,5,56,0,112,1,1,"",,,"",,,"",,,"",,,,,,,"","",,,"",,,"",,,"",,,,,,,"",,,"","",,,,,,,,"",,,,,,,"",,,"","","",,,,,,,,"",,,,,"",,,,,"","","","",,,,,,"",,,,,"",,,,,"","",,,,,,"",,,,,,,
"","","",,"","","","","","","",,"","","","","","","",,"","","","","","","",,"","","","","",440478,1,"2024-02-20_10h25.18.089","experiment","2023.2.3","Win32",55.24861878,"6169ea2f9163a46bf5f356e2","65d473f163fad2a70bb049f3","65d47dd18e13c15dc0ab4448","",,,"",,,"",,,"",,,"",,,"",,,,,"",,,"","",,,,"",,,"","","",,,"","",,,,,"","","",,,,,,,1,"",,,,,"",,,,,,,,,,,"","",,,,,"s",0.7449,,"space",0.5382,,1,"brown_gnomes",1,3,"bright_forest","red_basket","green_gnome",1,8,"dark_forest","yellow_basket",3,0,0,1,"brown_gnomes","bright_forest","red_basket",552,1,0,56,1,113,0,1,"",,,"",,,"",,,"",,,,,,,"","",,,"",,,"",,,"",,,,,,,"",,,"","",,,,,,,,"",,,,,,,"",,,"","","",,,,,,,,"",,,,,"",,,,,"","","","",,,,,,"",,,,,"",,,,,"","",,,,,,"",,,,,,,
"","","",,"","","","","","","",,"","","","","","","",,"","","","","","","",,"","","","","",440478,1,"2024-02-20_10h25.18.089","experiment","2023.2.3","Win32",55.24861878,"6169ea2f9163a46bf5f356e2","65d473f163fad2a70bb049f3","65d47dd18e13c15dc0ab4448","",,,"",,,"",,,"",,,"",,,"",,,,,"",,,"","",,,,"",,,"","","",,,"","",,,,,"","","",,,,,,,2,"",,,,,"",,,,,,,,,,,"","",,,,,"k",1.2088,,"space",0.7227,,2,"red_gnome",2,8,"dark_forest","yellow_basket","purple_gnome",2,4,"bright_forest","red_basket",4,0,0,1,"purple_gnome","bright_forest","red_basket",556,-2,3,57,0,114,1,1,"",,,"",,,"",,,"",,,,,,,"","",,,"",,,"",,,"",,,,,,,"",,,"","",,,,,,,,"",,,,,,,"",,,"","","",,,,,,,,"",,,,,"",,,,,"","","","",,,,,,"",,,,,"",,,,,"","",,,,,,"",,,,,,,
"","","",,"","","","","","","",,"","","","","","","",,"","","","","","","",,"","","","","",440478,1,"2024-02-20_10h25.18.089","experiment","2023.2.3","Win32",55.24861878,"6169ea2f9163a46bf5f356e2","65d473f163fad2a70bb049f3","65d47dd18e13c15dc0ab4448","",,,"",,,"",,,"",,,"",,,"",,,,,"",,,"","",,,,"",,,"","","",,,"","",,,,,"","","",,,,,,,1,"",,,,,"",,,,,,,,,,,"","",,,,,"s",0.5949,,"space",0.576,,1,"brown_gnomes",1,2,"bright_forest","red_basket","green_gnome",1,7,"dark_forest","yellow_basket",2,0,0,1,"brown_gnomes","bright_forest","red_basket",558,0,-1,57,1,115,0,1,"",,,"",,,"",,,"",,,,,,,"","",,,"",,,"",,,"",,,,,,,"",,,"","",,,,,,,,"",,,,,,,"",,,"","","",,,,,,,,"",,,,,"",,,,,"","","","",,,,,,"",,,,,"",,,,,"","",,,,,,"",,,,,,,
"","","",,"","","","","","","",,"","","","","","","",,"","","","","","","",,"","","","","",440478,1,"2024-02-20_10h25.18.089","experiment","2023.2.3","Win32",55.24861878,"6169ea2f9163a46bf5f356e2","65d473f163fad2a70bb049f3","65d47dd18e13c15dc0ab4448","",,,"",,,"",,,"",,,"",,,"",,,,,"",,,"","",,,,"",,,"","","",,,"","",,,,,"","","",,,,,,,2,"",,,,,"",,,,,,,,,,,"","",,,,,"k",0.7516,,"space",0.6061,,2,"purple_gnome",2,2,"bright_forest","red_basket","red_gnome",2,6,"dark_forest","yellow_basket",6,0,0,1,"red_gnome","dark_forest","yellow_basket",564,-4,0,58,0,116,1,1,"",,,"",,,"",,,"",,,,,,,"","",,,"",,,"",,,"",,,,,,,"",,,"","",,,,,,,,"",,,,,,,"",,,"","","",,,,,,,,"",,,,,"",,,,,"","","","",,,,,,"",,,,,"",,,,,"","",,,,,,"",,,,,,,
"","","",,"","","","","","","",,"","","","","","","",,"","","","","","","",,"","","","","",440478,1,"2024-02-20_10h25.18.089","experiment","2023.2.3","Win32",55.24861878,"6169ea2f9163a46bf5f356e2","65d473f163fad2a70bb049f3","65d47dd18e13c15dc0ab4448","",,,"",,,"",,,"",,,"",,,"",,,,,"",,,"","",,,,"",,,"","","",,,"","",,,,,"","","",,,,,,,1,"",,,,,"",,,,,,,,,,,"","",,,,,"s",0.6176,,"space",0.504,,1,"green_gnome",1,6,"dark_forest","yellow_basket","brown_gnomes",1,2,"bright_forest","red_basket",6,0,0,1,"green_gnome","dark_forest","yellow_basket",570,-3,0,58,1,117,0,1,"",,,"",,,"",,,"",,,,,,,"","",,,"",,,"",,,"",,,,,,,"",,,"","",,,,,,,,"",,,,,,,"",,,"","","",,,,,,,,"",,,,,"",,,,,"","","","",,,,,,"",,,,,"",,,,,"","",,,,,,"",,,,,,,
"","","",,"","","","","","","",,"","","","","","","",,"","","","","","","",,"","","","","",440478,1,"2024-02-20_10h25.18.089","experiment","2023.2.3","Win32",55.24861878,"6169ea2f9163a46bf5f356e2","65d473f163fad2a70bb049f3","65d47dd18e13c15dc0ab4448","",,,"",,,"",,,"",,,"",,,"",,,,,"",,,"","",,,,"",,,"","","",,,"","",,,,,"","","",,,,,,,2,"",,,,,"",,,,,,,,,,,"","",,,,,"s",0.5775,,"space",0.5401,,2,"red_gnome",2,6,"dark_forest","yellow_basket","purple_gnome",2,1,"bright_forest","red_basket",6,0,0,1,"red_gnome","dark_forest","yellow_basket",576,-3,-1,59,0,118,1,1,"",,,"",,,"",,,"",,,,,,,"","",,,"",,,"",,,"",,,,,,,"",,,"","",,,,,,,,"",,,,,,,"",,,"","","",,,,,,,,"",,,,,"",,,,,"","","","",,,,,,"",,,,,"",,,,,"","",,,,,,"",,,,,,,
"","","",,"","","","","","","",,"","","","","","","",,"","","","","","","",,"","","","","",440478,1,"2024-02-20_10h25.18.089","experiment","2023.2.3","Win32",55.24861878,"6169ea2f9163a46bf5f356e2","65d473f163fad2a70bb049f3","65d47dd18e13c15dc0ab4448","",,,"",,,"",,,"",,,"",,,"",,,,,"",,,"","",,,,"",,,"","","",,,"","",,,,,"","","",,,,,,,2,"",,,,,"",,,,,,,,,,,"","",,,,,"k",0.6792,,"space",0.4739,,2,"purple_gnome",2,2,"bright_forest","red_basket","red_gnome",2,5,"dark_forest","yellow_basket",5,0,0,1,"red_gnome","dark_forest","yellow_basket",581,2,-1,59,1,119,1,1,"",,,"",,,"",,,"",,,,,,,"","",,,"",,,"",,,"",,,,,,,"",,,"","",,,,,,,,"",,,,,,,"",,,"","","",,,,,,,,"",,,,,"",,,,,"","","","",,,,,,"",,,,,"",,,,,"","",,,,,,"",,,,,,,
"","","",,"","","","","","","",,"","","","","","","",,"","","","","","","",,"","","","","",440478,1,"2024-02-20_10h25.18.089","experiment","2023.2.3","Win32",55.24861878,"6169ea2f9163a46bf5f356e2","65d473f163fad2a70bb049f3","65d47dd18e13c15dc0ab4448","",,,"",,,"",,,"",,,"",,,"",,,,,"",,,"","",,,,"",,,"","","",,,"","",,,,,"","","",,,,,,,2,"",,,,,"",,,,,,,,,,,"","",,,,,"s",0.6753,,"space",0.4579,,2,"red_gnome",2,4,"dark_forest","yellow_basket","purple_gnome",2,4,"bright_forest","red_basket",4,0,0,1,"red_gnome","dark_forest","yellow_basket",585,-1,4,60,0,120,1,1,"",,,"",,,"",,,"",,,,,,,"","",,,"",,,"",,,"",,,,,,,"",,,"","",,,,,,,,"",,,,,,,"",,,"","","",,,,,,,,"",,,,,"",,,,,"","","","",,,,,,"",,,,,"",,,,,"","",,,,,,"",,,,,,,
"","","",,"","","","","","","",,"","","","","","","",,"","","","","","","",,"","","","","",440478,1,"2024-02-20_10h25.18.089","experiment","2023.2.3","Win32",55.24861878,"6169ea2f9163a46bf5f356e2","65d473f163fad2a70bb049f3","65d47dd18e13c15dc0ab4448","",,,"",,,"",,,"",,,"",,,"",,,,,"",,,"","",,,,"",,,"","","",,,"","",,,,,"","","",,,,,,,2,"",,,,,"",,,,,,,,,,,"","",,,,,"s",0.6452,,"space",0.4427,,2,"red_gnome",2,8,"dark_forest","yellow_basket","purple_gnome",2,3,"bright_forest","red_basket",8,0,0,1,"red_gnome","dark_forest","yellow_basket",593,-2,3,60,1,121,1,1,"",,,"",,,"",,,"",,,,,,,"","",,,"",,,"",,,"",,,,,,,"",,,"","",,,,,,,,"",,,,,,,"",,,"","","",,,,,,,,"",,,,,"",,,,,"","","","",,,,,,"",,,,,"",,,,,"","",,,,,,"",,,,,,,
"","","",,"","","","","","","",,"","","","","","","",,"","","","","","","",,"","","","","",440478,1,"2024-02-20_10h25.18.089","experiment","2023.2.3","Win32",55.24861878,"6169ea2f9163a46bf5f356e2","65d473f163fad2a70bb049f3","65d47dd18e13c15dc0ab4448","",,,"",,,"",,,"",,,"",,,"",,,,,"",,,"","",,,,"",,,"","","",,,"","",,,,,"","","",,,,,,,1,"",,,,,"",,,,,,,,,,,"","",,,,,"k",0.6951,,"space",0.4412,,1,"brown_gnomes",1,1,"bright_forest","red_basket","green_gnome",1,7,"dark_forest","yellow_basket",7,0,0,1,"green_gnome","dark_forest","yellow_basket",600,-1,1,61,0,122,0,1,"",,,"",,,"",,,"",,,,,,,"","",,,"",,,"",,,"",,,,,,,"",,,"","",,,,,,,,"",,,,,,,"",,,"","","",,,,,,,,"",,,,,"",,,,,"","","","",,,,,,"",,,,,"",,,,,"","",,,,,,"",,,,,,,
"","","",,"","","","","","","",,"","","","","","","",,"","","","","","","",,"","","","","",440478,1,"2024-02-20_10h25.18.089","experiment","2023.2.3","Win32",55.24861878,"6169ea2f9163a46bf5f356e2","65d473f163fad2a70bb049f3","65d47dd18e13c15dc0ab4448","",,,"",,,"",,,"",,,"",,,"",,,,,"",,,"","",,,,"",,,"","","",,,"","",,,,,"","","",,,,,,,2,"",,,,,"",,,,,,,,,,,"","",,,,,"s",0.8177,,"space",0.4261,,2,"red_gnome",2,8,"dark_forest","yellow_basket","purple_gnome",2,0,"bright_forest","red_basket",8,0,0,1,"red_gnome","dark_forest","yellow_basket",608,1,1,61,1,123,1,1,"",,,"",,,"",,,"",,,,,,,"","",,,"",,,"",,,"",,,,,,,"",,,"","",,,,,,,,"",,,,,,,"",,,"","","",,,,,,,,"",,,,,"",,,,,"","","","",,,,,,"",,,,,"",,,,,"","",,,,,,"",,,,,,,
"","","",,"","","","","","","",,"","","","","","","",,"","","","","","","",,"","","","","",440478,1,"2024-02-20_10h25.18.089","experiment","2023.2.3","Win32",55.24861878,"6169ea2f9163a46bf5f356e2","65d473f163fad2a70bb049f3","65d47dd18e13c15dc0ab4448","",,,"",,,"",,,"",,,"",,,"",,,,,"",,,"","",,,,"",,,"","","",,,"","",,,,,"","","",,,,,,,2,"",,,,,"",,,,,,,,,,,"","",,,,,"s",0.676,,"space",0.4049,,2,"red_gnome",2,9,"dark_forest","yellow_basket","purple_gnome",2,1,"bright_forest","red_basket",9,0,0,1,"red_gnome","dark_forest","yellow_basket",617,-2,-4,62,0,124,1,1,"",,,"",,,"",,,"",,,,,,,"","",,,"",,,"",,,"",,,,,,,"",,,"","",,,,,,,,"",,,,,,,"",,,"","","",,,,,,,,"",,,,,"",,,,,"","","","",,,,,,"",,,,,"",,,,,"","",,,,,,"",,,,,,,
"","","",,"","","","","","","",,"","","","","","","",,"","","","","","","",,"","","","","",440478,1,"2024-02-20_10h25.18.089","experiment","2023.2.3","Win32",55.24861878,"6169ea2f9163a46bf5f356e2","65d473f163fad2a70bb049f3","65d47dd18e13c15dc0ab4448","",,,"",,,"",,,"",,,"",,,"",,,,,"",,,"","",,,,"",,,"","","",,,"","",,,,,"","","",,,,,,,1,"",,,,,"",,,,,,,,,,,"","",,,,,"s",0.5989,,"space",0.3942,,1,"green_gnome",1,5,"dark_forest","yellow_basket","brown_gnomes",1,1,"bright_forest","red_basket",5,0,0,1,"green_gnome","dark_forest","yellow_basket",622,-3,1,62,1,125,0,1,"",,,"",,,"",,,"",,,,,,,"","",,,"",,,"",,,"",,,,,,,"",,,"","",,,,,,,,"",,,,,,,"",,,"","","",,,,,,,,"",,,,,"",,,,,"","","","",,,,,,"",,,,,"",,,,,"","",,,,,,"",,,,,,,
"","","",,"","","","","","","",,"","","","","","","",,"","","","","","","",,"","","","","",440478,1,"2024-02-20_10h25.18.089","experiment","2023.2.3","Win32",55.24861878,"6169ea2f9163a46bf5f356e2","65d473f163fad2a70bb049f3","65d47dd18e13c15dc0ab4448","",,,"",,,"",,,"",,,"",,,"",,,,,"",,,"","",,,,"",,,"","","",,,"","",,,,,"","","",,,,,,,2,"",,,,,"",,,,,,,,,,,"","",,,,,"s",0.6046,,"space",0.3604,,2,"red_gnome",2,6,"dark_forest","yellow_basket","purple_gnome",2,2,"bright_forest","red_basket",6,0,0,1,"red_gnome","dark_forest","yellow_basket",628,1,0,63,0,126,1,1,"",,,"",,,"",,,"",,,,,,,"","",,,"",,,"",,,"",,,,,,,"",,,"","",,,,,,,,"",,,,,,,"",,,"","","",,,,,,,,"",,,,,"",,,,,"","","","",,,,,,"",,,,,"",,,,,"","",,,,,,"",,,,,,,
"","","",,"","","","","","","",,"","","","","","","",,"","","","","","","",,"","","","","",440478,1,"2024-02-20_10h25.18.089","experiment","2023.2.3","Win32",55.24861878,"6169ea2f9163a46bf5f356e2","65d473f163fad2a70bb049f3","65d47dd18e13c15dc0ab4448","",,,"",,,"",,,"",,,"",,,"",,,,,"",,,"","",,,,"",,,"","","",,,"","",,,,,"","","",,,,,,,2,"",,,,,"",,,,,,,,,,,"","",,,,,"k",0.635,,"space",0.3706,,2,"purple_gnome",2,3,"bright_forest","red_basket","red_gnome",2,6,"dark_forest","yellow_basket",6,0,0,1,"red_gnome","dark_forest","yellow_basket",634,-1,-2,63,1,127,1,1,"",,,"",,,"",,,"",,,,,,,"","",,,"",,,"",,,"",,,,,,,"",,,"","",,,,,,,,"",,,,,,,"",,,"","","",,,,,,,,"",,,,,"",,,,,"","","","",,,,,,"",,,,,"",,,,,"","",,,,,,"",,,,,,,
"","","",,"","","","","","","",,"","","","","","","",,"","","","","","","",,"","","","","",440478,1,"2024-02-20_10h25.18.089","experiment","2023.2.3","Win32",55.24861878,"6169ea2f9163a46bf5f356e2","65d473f163fad2a70bb049f3","65d47dd18e13c15dc0ab4448","",,,"",,,"",,,"",,,"",,,"",,,,,"",,,"","",,,,"",,,"","","",,,"","",,,,,"","","",,,,,,,2,"",,,,,"",,,,,,,,,,,"","",,,,,"s",0.5574,,"space",0.9555,,2,"red_gnome",2,4,"dark_forest","yellow_basket","purple_gnome",2,2,"bright_forest","red_basket",4,0,0,1,"red_gnome","dark_forest","yellow_basket",638,0,2,64,0,128,1,1,"",,,"",,,"",,,"",,,,,,,"","",,,"",,,"",,,"",,,,,,,"",,,"","",,,,,,,,"",,,,,,,"",,,"","","",,,,,,,,"",,,,,"",,,,,"","","","",,,,,,"",,,,,"",,,,,"","",,,,,,"",,,,,,,
"","","",,"","","","","","","",,"","","","","","","",,"","","","","","","",,"","","","","",440478,1,"2024-02-20_10h25.18.089","experiment","2023.2.3","Win32",55.24861878,"6169ea2f9163a46bf5f356e2","65d473f163fad2a70bb049f3","65d47dd18e13c15dc0ab4448","",,,"",,,"",,,"",,,"",,,"",,,,,"",,,"","",,,,"",,,"","","",,,"","",,,,,"","","",,,,,,,1,"",,,,,"",,,,,,,,,,,"","",,,,,"s",0.5679,,"space",0.3901,,1,"green_gnome",1,6,"dark_forest","yellow_basket","brown_gnomes",1,2,"bright_forest","red_basket",6,0,0,1,"green_gnome","dark_forest","yellow_basket",644,1,5,64,1,129,0,1,"",,,"",,,"",,,"",,,,,,,"","",,,"",,,"",,,"",,,,,,,"",,,"","",,,,,,,,"",,,,,,,"",,,"","","",,,,,,,,"",,,,,"",,,,,"","","","",,,,,,"",,,,,"",,,,,"","",,,,,,"",,,,,,,
"","","",,"","","","","","","",,"","","","","","","",,"","","","","","","",,"","","","","",440478,1,"2024-02-20_10h25.18.089","experiment","2023.2.3","Win32",55.24861878,"6169ea2f9163a46bf5f356e2","65d473f163fad2a70bb049f3","65d47dd18e13c15dc0ab4448","",,,"",,,"",,,"",,,"",,,"",,,,,"",,,"","",,,,"",,,"","","",,,"","",,,,,"","","",,,,,,,2,"",,,,,"",,,,,,,,,,,"","",,,,,"s",0.5944,,"space",0.4232,,2,"red_gnome",2,7,"dark_forest","yellow_basket","purple_gnome",2,3,"bright_forest","red_basket",7,0,0,1,"red_gnome","dark_forest","yellow_basket",651,1,-2,65,0,130,1,1,"",,,"",,,"",,,"",,,,,,,"","",,,"",,,"",,,"",,,,,,,"",,,"","",,,,,,,,"",,,,,,,"",,,"","","",,,,,,,,"",,,,,"",,,,,"","","","",,,,,,"",,,,,"",,,,,"","",,,,,,"",,,,,,,
"","","",,"","","","","","","",,"","","","","","","",,"","","","","","","",,"","","","","",440478,1,"2024-02-20_10h25.18.089","experiment","2023.2.3","Win32",55.24861878,"6169ea2f9163a46bf5f356e2","65d473f163fad2a70bb049f3","65d47dd18e13c15dc0ab4448","",,,"",,,"",,,"",,,"",,,"",,,,,"",,,"","",,,,"",,,"","","",,,"","",,,,,"","","",,,,,,,1,"",,,,,"",,,,,,,,,,,"","",,,,,"s",0.5939,,"space",0.4571,,1,"green_gnome",1,5,"dark_forest","yellow_basket","brown_gnomes",1,4,"bright_forest","red_basket",5,0,0,1,"green_gnome","dark_forest","yellow_basket",656,-3,0,65,1,131,0,1,"",,,"",,,"",,,"",,,,,,,"","",,,"",,,"",,,"",,,,,,,"",,,"","",,,,,,,,"",,,,,,,"",,,"","","",,,,,,,,"",,,,,"",,,,,"","","","",,,,,,"",,,,,"",,,,,"","",,,,,,"",,,,,,,
"","","",,"","","","","","","",,"","","","","","","",,"","","","","","","",,"","","","","",440478,1,"2024-02-20_10h25.18.089","experiment","2023.2.3","Win32",55.24861878,"6169ea2f9163a46bf5f356e2","65d473f163fad2a70bb049f3","65d47dd18e13c15dc0ab4448","",,,"",,,"",,,"",,,"",,,"",,,,,"",,,"","",,,,"",,,"","","",,,"","",,,,,"","","",,,,,,,2,"",,,,,"",,,,,,,,,,,"","",,,,,"s",0.597,,"space",0.5305,,2,"red_gnome",2,5,"dark_forest","yellow_basket","purple_gnome",2,1,"bright_forest","red_basket",5,0,0,1,"red_gnome","dark_forest","yellow_basket",661,-2,4,66,0,132,1,1,"",,,"",,,"",,,"",,,,,,,"","",,,"",,,"",,,"",,,,,,,"",,,"","",,,,,,,,"",,,,,,,"",,,"","","",,,,,,,,"",,,,,"",,,,,"","","","",,,,,,"",,,,,"",,,,,"","",,,,,,"",,,,,,,
"","","",,"","","","","","","",,"","","","","","","",,"","","","","","","",,"","","","","",440478,1,"2024-02-20_10h25.18.089","experiment","2023.2.3","Win32",55.24861878,"6169ea2f9163a46bf5f356e2","65d473f163fad2a70bb049f3","65d47dd18e13c15dc0ab4448","",,,"",,,"",,,"",,,"",,,"",,,,,"",,,"","",,,,"",,,"","","",,,"","",,,,,"","","",,,,,,,1,"",,,,,"",,,,,,,,,,,"","",,,,,"k",1.0714,,"space",0.6597,,1,"brown_gnomes",1,1,"bright_forest","red_basket","green_gnome",1,9,"dark_forest","yellow_basket",9,0,0,1,"green_gnome","dark_forest","yellow_basket",670,-3,1,66,1,133,0,1,"",,,"",,,"",,,"",,,,,,,"","",,,"",,,"",,,"",,,,,,,"",,,"","",,,,,,,,"",,,,,,,"",,,"","","",,,,,,,,"",,,,,"",,,,,"","","","",,,,,,"",,,,,"",,,,,"","",,,,,,"",,,,,,,
"","","",,"","","","","","","",,"","","","","","","",,"","","","","","","",,"","","","","",440478,1,"2024-02-20_10h25.18.089","experiment","2023.2.3","Win32",55.24861878,"6169ea2f9163a46bf5f356e2","65d473f163fad2a70bb049f3","65d47dd18e13c15dc0ab4448","",,,"",,,"",,,"",,,"",,,"",,,,,"",,,"","",,,,"",,,"","","",,,"","",,,,,"","","",,,,,,,2,"",,,,,"",,,,,,,,,,,"","",,,,,"k",0.7459,,"space",0.4272,,2,"purple_gnome",2,2,"bright_forest","red_basket","red_gnome",2,8,"dark_forest","yellow_basket",8,0,0,1,"red_gnome","dark_forest","yellow_basket",678,0,1,67,0,134,1,1,"",,,"",,,"",,,"",,,,,,,"","",,,"",,,"",,,"",,,,,,,"",,,"","",,,,,,,,"",,,,,,,"",,,"","","",,,,,,,,"",,,,,"",,,,,"","","","",,,,,,"",,,,,"",,,,,"","",,,,,,"",,,,,,,
"","","",,"","","","","","","",,"","","","","","","",,"","","","","","","",,"","","","","",440478,1,"2024-02-20_10h25.18.089","experiment","2023.2.3","Win32",55.24861878,"6169ea2f9163a46bf5f356e2","65d473f163fad2a70bb049f3","65d47dd18e13c15dc0ab4448","",,,"",,,"",,,"",,,"",,,"",,,,,"",,,"","",,,,"",,,"","","",,,"","",,,,,"","","",,,,,,,2,"",,,,,"",,,,,,,,,,,"","",,,,,"k",0.7366,,"space",0.4571,,2,"purple_gnome",2,2,"bright_forest","red_basket","red_gnome",2,9,"dark_forest","yellow_basket",9,0,0,1,"red_gnome","dark_forest","yellow_basket",687,-2,0,67,1,135,1,1,"",,,"",,,"",,,"",,,,,,,"","",,,"",,,"",,,"",,,,,,,"",,,"","",,,,,,,,"",,,,,,,"",,,"","","",,,,,,,,"",,,,,"",,,,,"","","","",,,,,,"",,,,,"",,,,,"","",,,,,,"",,,,,,,
"","","",,"","","","","","","",,"","","","","","","",,"","","","","","","",,"","","","","",440478,1,"2024-02-20_10h25.18.089","experiment","2023.2.3","Win32",55.24861878,"6169ea2f9163a46bf5f356e2","65d473f163fad2a70bb049f3","65d47dd18e13c15dc0ab4448","",,,"",,,"",,,"",,,"",,,"",,,,,"",,,"","",,,,"",,,"","","",,,"","",,,,,"","","",,,,,,,2,"",,,,,"",,,,,,,,,,,"","",,,,,"s",0.972,,"space",0.607,,2,"red_gnome",2,9,"dark_forest","yellow_basket","purple_gnome",2,0,"bright_forest","red_basket",9,0,0,1,"red_gnome","dark_forest","yellow_basket",696,0,-1,68,0,136,1,1,"",,,"",,,"",,,"",,,,,,,"","",,,"",,,"",,,"",,,,,,,"",,,"","",,,,,,,,"",,,,,,,"",,,"","","",,,,,,,,"",,,,,"",,,,,"","","","",,,,,,"",,,,,"",,,,,"","",,,,,,"",,,,,,,
"","","",,"","","","","","","",,"","","","","","","",,"","","","","","","",,"","","","","",440478,1,"2024-02-20_10h25.18.089","experiment","2023.2.3","Win32",55.24861878,"6169ea2f9163a46bf5f356e2","65d473f163fad2a70bb049f3","65d47dd18e13c15dc0ab4448","",,,"",,,"",,,"",,,"",,,"",,,,,"",,,"","",,,,"",,,"","","",,,"","",,,,,"","","",,,,,,,2,"",,,,,"",,,,,,,,,,,"","",,,,,"k",0.7013,,"space",0.4059,,2,"purple_gnome",2,0,"bright_forest","red_basket","red_gnome",2,8,"dark_forest","yellow_basket",8,0,0,1,"red_gnome","dark_forest","yellow_basket",704,-3,2,68,1,137,1,1,"",,,"",,,"",,,"",,,,,,,"","",,,"",,,"",,,"",,,,,,,"",,,"","",,,,,,,,"",,,,,,,"",,,"","","",,,,,,,,"",,,,,"",,,,,"","","","",,,,,,"",,,,,"",,,,,"","",,,,,,"",,,,,,,
"","","",,"","","","","","","",,"","","","","","","",,"","","","","","","",,"","","","","",440478,1,"2024-02-20_10h25.18.089","experiment","2023.2.3","Win32",55.24861878,"6169ea2f9163a46bf5f356e2","65d473f163fad2a70bb049f3","65d47dd18e13c15dc0ab4448","",,,"",,,"",,,"",,,"",,,"",,,,,"",,,"","",,,,"",,,"","","",,,"","",,,,,"","","",,,,,,,1,"",,,,,"",,,,,,,,,,,"","",,,,,"s",1.1981,,"space",0.596,,1,"green_gnome",1,8,"dark_forest","yellow_basket","brown_gnomes",1,3,"bright_forest","red_basket",8,0,0,1,"green_gnome","dark_forest","yellow_basket",712,1,-2,69,0,138,0,1,"",,,"",,,"",,,"",,,,,,,"","",,,"",,,"",,,"",,,,,,,"",,,"","",,,,,,,,"",,,,,,,"",,,"","","",,,,,,,,"",,,,,"",,,,,"","","","",,,,,,"",,,,,"",,,,,"","",,,,,,"",,,,,,,
"","","",,"","","","","","","",,"","","","","","","",,"","","","","","","",,"","","","","",440478,1,"2024-02-20_10h25.18.089","experiment","2023.2.3","Win32",55.24861878,"6169ea2f9163a46bf5f356e2","65d473f163fad2a70bb049f3","65d47dd18e13c15dc0ab4448","",,,"",,,"",,,"",,,"",,,"",,,,,"",,,"","",,,,"",,,"","","",,,"","",,,,,"","","",,,,,,,2,"",,,,,"",,,,,,,,,,,"","",,,,,"k",0.8017,,"space",0.4061,,2,"purple_gnome",2,4,"bright_forest","red_basket","red_gnome",2,6,"dark_forest","yellow_basket",6,0,0,1,"red_gnome","dark_forest","yellow_basket",718,-1,1,69,1,139,1,1,"",,,"",,,"",,,"",,,,,,,"","",,,"",,,"",,,"",,,,,,,"",,,"","",,,,,,,,"",,,,,,,"",,,"","","",,,,,,,,"",,,,,"",,,,,"","","","",,,,,,"",,,,,"",,,,,"","",,,,,,"",,,,,,,
"","","",,"","","","","","","",,"","","","","","","",,"","","","","","","",,"","","","","",440478,1,"2024-02-20_10h25.18.089","experiment","2023.2.3","Win32",55.24861878,"6169ea2f9163a46bf5f356e2","65d473f163fad2a70bb049f3","65d47dd18e13c15dc0ab4448","",,,"",,,"",,,"",,,"",,,"",,,,,"",,,"","",,,,"",,,"","","",,,"","",,,,,"","","",,,,,,,2,"",,,,,"",,,,,,,,,,,"","",,,,,"k",0.7158,,"space",0.3955,,2,"purple_gnome",2,3,"bright_forest","red_basket","red_gnome",2,7,"dark_forest","yellow_basket",7,0,0,1,"red_gnome","dark_forest","yellow_basket",725,-1,-2,70,0,140,1,1,"",,,"",,,"",,,"",,,,,,,"","",,,"",,,"",,,"",,,,,,,"",,,"","",,,,,,,,"",,,,,,,"",,,"","","",,,,,,,,"",,,,,"",,,,,"","","","",,,,,,"",,,,,"",,,,,"","",,,,,,"",,,,,,,
"","","",,"","","","","","","",,"","","","","","","",,"","","","","","","",,"","","","","",440478,1,"2024-02-20_10h25.18.089","experiment","2023.2.3","Win32",55.24861878,"6169ea2f9163a46bf5f356e2","65d473f163fad2a70bb049f3","65d47dd18e13c15dc0ab4448","",,,"",,,"",,,"",,,"",,,"",,,,,"",,,"","",,,,"",,,"","","",,,"","",,,,,"","","",,,,,,,1,"",,,,,"",,,,,,,,,,,"","",,,,,"s",0.6095,,"space",0.4541,,1,"green_gnome",1,5,"dark_forest","yellow_basket","brown_gnomes",1,2,"bright_forest","red_basket",5,0,0,1,"green_gnome","dark_forest","yellow_basket",730,-1,4,70,1,141,0,1,"",,,"",,,"",,,"",,,,,,,"","",,,"",,,"",,,"",,,,,,,"",,,"","",,,,,,,,"",,,,,,,"",,,"","","",,,,,,,,"",,,,,"",,,,,"","","","",,,,,,"",,,,,"",,,,,"","",,,,,,"",,,,,,,
"","","",,"","","","","","","",,"","","","","","","",,"","","","","","","",,"","","","","",440478,1,"2024-02-20_10h25.18.089","experiment","2023.2.3","Win32",55.24861878,"6169ea2f9163a46bf5f356e2","65d473f163fad2a70bb049f3","65d47dd18e13c15dc0ab4448","",,,"",,,"",,,"",,,"",,,"",,,,,"",,,"","",,,,"",,,"","","",,,"","",,,,,"","","",,,,,,,1,"",,,,,"",,,,,,,,,,,"","",,,,,"k",0.7665,,"space",0.4204,,1,"brown_gnomes",1,1,"bright_forest","red_basket","green_gnome",1,9,"dark_forest","yellow_basket",9,0,0,1,"green_gnome","dark_forest","yellow_basket",739,-2,-2,71,0,142,0,1,"",,,"",,,"",,,"",,,,,,,"","",,,"",,,"",,,"",,,,,,,"",,,"","",,,,,,,,"",,,,,,,"",,,"","","",,,,,,,,"",,,,,"",,,,,"","","","",,,,,,"",,,,,"",,,,,"","",,,,,,"",,,,,,,
"","","",,"","","","","","","",,"","","","","","","",,"","","","","","","",,"","","","","",440478,1,"2024-02-20_10h25.18.089","experiment","2023.2.3","Win32",55.24861878,"6169ea2f9163a46bf5f356e2","65d473f163fad2a70bb049f3","65d47dd18e13c15dc0ab4448","",,,"",,,"",,,"",,,"",,,"",,,,,"",,,"","",,,,"",,,"","","",,,"","",,,,,"","","",,,,,,,2,"",,,,,"",,,,,,,,,,,"","",,,,,"s",0.6181,,"space",0.6078,,2,"red_gnome",2,7,"dark_forest","yellow_basket","purple_gnome",2,1,"bright_forest","red_basket",7,0,0,1,"red_gnome","dark_forest","yellow_basket",746,1,-3,71,1,143,1,1,"",,,"",,,"",,,"",,,,,,,"","",,,"",,,"",,,"",,,,,,,"",,,"","",,,,,,,,"",,,,,,,"",,,"","","",,,,,,,,"",,,,,"",,,,,"","","","",,,,,,"",,,,,"",,,,,"","",,,,,,"",,,,,,,
"","","",,"","","","","","","",,"","","","","","","",,"","","","","","","",,"","","","","",440478,1,"2024-02-20_10h25.18.089","experiment","2023.2.3","Win32",55.24861878,"6169ea2f9163a46bf5f356e2","65d473f163fad2a70bb049f3","65d47dd18e13c15dc0ab4448","",,,"",,,"",,,"",,,"",,,"",,,,,"",,,"","",,,,"",,,"","","",,,"","",,,,,"","","",,,,,,,2,"",,,,,"",,,,,,,,,,,"","",,,,,"k",0.6164,,"space",0.5175,,2,"purple_gnome",2,2,"bright_forest","red_basket","red_gnome",2,4,"dark_forest","yellow_basket",4,0,0,1,"red_gnome","dark_forest","yellow_basket",750,1,-1,72,0,144,1,1,"",,,"",,,"",,,"",,,,,,,"","",,,"",,,"",,,"",,,,,,,"",,,"","",,,,,,,,"",,,,,,,"",,,"","","",,,,,,,,"",,,,,"",,,,,"","","","",,,,,,"",,,,,"",,,,,"","",,,,,,"",,,,,,,
"","","",,"","","","","","","",,"","","","","","","",,"","","","","","","",,"","","","","",440478,1,"2024-02-20_10h25.18.089","experiment","2023.2.3","Win32",55.24861878,"6169ea2f9163a46bf5f356e2","65d473f163fad2a70bb049f3","65d47dd18e13c15dc0ab4448","",,,"",,,"",,,"",,,"",,,"",,,,,"",,,"","",,,,"",,,"","","",,,"","",,,,,"","","",,,,,,,2,"",,,,,"",,,,,,,,,,,"","",,,,,"k",0.728,,"space",0.4137,,2,"purple_gnome",2,3,"bright_forest","red_basket","red_gnome",2,3,"dark_forest","yellow_basket",3,0,0,1,"red_gnome","dark_forest","yellow_basket",753,1,2,72,1,145,1,1,"",,,"",,,"",,,"",,,,,,,"","",,,"",,,"",,,"",,,,,,,"",,,"","",,,,,,,,"",,,,,,,"",,,"","","",,,,,,,,"",,,,,"",,,,,"","","","",,,,,,"",,,,,"",,,,,"","",,,,,,"",,,,,,,
"","","",,"","","","","","","",,"","","","","","","",,"","","","","","","",,"","","","","",440478,1,"2024-02-20_10h25.18.089","experiment","2023.2.3","Win32",55.24861878,"6169ea2f9163a46bf5f356e2","65d473f163fad2a70bb049f3","65d47dd18e13c15dc0ab4448","",,,"",,,"",,,"",,,"",,,"",,,,,"",,,"","",,,,"",,,"","","",,,"","",,,,,"","","",,,,,,,1,"",,,,,"",,,,,,,,,,,"","",,,,,"s",0.6286,,"space",0.5865,,1,"brown_gnomes",1,4,"bright_forest","red_basket","green_gnome",1,5,"dark_forest","yellow_basket",4,0,0,1,"brown_gnomes","bright_forest","red_basket",757,1,-1,73,0,146,0,1,"",,,"",,,"",,,"",,,,,,,"","",,,"",,,"",,,"",,,,,,,"",,,"","",,,,,,,,"",,,,,,,"",,,"","","",,,,,,,,"",,,,,"",,,,,"","","","",,,,,,"",,,,,"",,,,,"","",,,,,,"",,,,,,,
"","","",,"","","","","","","",,"","","","","","","",,"","","","","","","",,"","","","","",440478,1,"2024-02-20_10h25.18.089","experiment","2023.2.3","Win32",55.24861878,"6169ea2f9163a46bf5f356e2","65d473f163fad2a70bb049f3","65d47dd18e13c15dc0ab4448","",,,"",,,"",,,"",,,"",,,"",,,,,"",,,"","",,,,"",,,"","","",,,"","",,,,,"","","",,,,,,,1,"",,,,,"",,,,,,,,,,,"","",,,,,"s",0.692,,"space",0.5948,,1,"brown_gnomes",1,5,"bright_forest","red_basket","green_gnome",1,4,"dark_forest","yellow_basket",5,0,0,1,"brown_gnomes","bright_forest","red_basket",762,-1,3,73,1,147,0,1,"",,,"",,,"",,,"",,,,,,,"","",,,"",,,"",,,"",,,,,,,"",,,"","",,,,,,,,"",,,,,,,"",,,"","","",,,,,,,,"",,,,,"",,,,,"","","","",,,,,,"",,,,,"",,,,,"","",,,,,,"",,,,,,,
"","","",,"","","","","","","",,"","","","","","","",,"","","","","","","",,"","","","","",440478,1,"2024-02-20_10h25.18.089","experiment","2023.2.3","Win32",55.24861878,"6169ea2f9163a46bf5f356e2","65d473f163fad2a70bb049f3","65d47dd18e13c15dc0ab4448","",,,"",,,"",,,"",,,"",,,"",,,,,"",,,"","",,,,"",,,"","","",,,"","",,,,,"","","",,,,,,,2,"",,,,,"",,,,,,,,,,,"","",,,,,"s",0.8958,,"space",0.473,,2,"purple_gnome",2,4,"bright_forest","red_basket","red_gnome",2,7,"dark_forest","yellow_basket",4,0,0,1,"purple_gnome","bright_forest","red_basket",766,-5,-1,74,0,148,1,1,"",,,"",,,"",,,"",,,,,,,"","",,,"",,,"",,,"",,,,,,,"",,,"","",,,,,,,,"",,,,,,,"",,,"","","",,,,,,,,"",,,,,"",,,,,"","","","",,,,,,"",,,,,"",,,,,"","",,,,,,"",,,,,,,
"","","",,"","","","","","","",,"","","","","","","",,"","","","","","","",,"","","","","",440478,1,"2024-02-20_10h25.18.089","experiment","2023.2.3","Win32",55.24861878,"6169ea2f9163a46bf5f356e2","65d473f163fad2a70bb049f3","65d47dd18e13c15dc0ab4448","",,,"",,,"",,,"",,,"",,,"",,,,,"",,,"","",,,,"",,,"","","",,,"","",,,,,"","","",,,,,,,1,"",,,,,"",,,,,,,,,,,"","",,,,,"s",0.6941,,"space",0.5681,,1,"brown_gnomes",1,1,"bright_forest","red_basket","green_gnome",1,6,"dark_forest","yellow_basket",1,0,0,1,"brown_gnomes","bright_forest","red_basket",767,1,2,74,1,149,0,1,"",,,"",,,"",,,"",,,,,,,"","",,,"",,,"",,,"",,,,,,,"",,,"","",,,,,,,,"",,,,,,,"",,,"","","",,,,,,,,"",,,,,"",,,,,"","","","",,,,,,"",,,,,"",,,,,"","",,,,,,"",,,,,,,
"","","",,"","","","","","","",,"","","","","","","",,"","","","","","","",,"","","","","",440478,1,"2024-02-20_10h25.18.089","experiment","2023.2.3","Win32",55.24861878,"6169ea2f9163a46bf5f356e2","65d473f163fad2a70bb049f3","65d47dd18e13c15dc0ab4448","",,,"",,,"",,,"",,,"",,,"",,,,,"",,,"","",,,,"",,,"","","",,,"","",,,,,"","","",,,,,,,2,"",,,,,"",,,,,,,,,,,"","",,,,,"k",0.8761,,"space",0.4699,,2,"purple_gnome",2,2,"bright_forest","red_basket","red_gnome",2,8,"dark_forest","yellow_basket",8,0,0,1,"red_gnome","dark_forest","yellow_basket",775,-2,1,75,0,150,1,1,"",,,"",,,"",,,"",,,,,,,"","",,,"",,,"",,,"",,,,,,,"",,,"","",,,,,,,,"",,,,,,,"",,,"","","",,,,,,,,"",,,,,"",,,,,"","","","",,,,,,"",,,,,"",,,,,"","",,,,,,"",,,,,,,
"","","",,"","","","","","","",,"","","","","","","",,"","","","","","","",,"","","","","",440478,1,"2024-02-20_10h25.18.089","experiment","2023.2.3","Win32",55.24861878,"6169ea2f9163a46bf5f356e2","65d473f163fad2a70bb049f3","65d47dd18e13c15dc0ab4448","",,,"",,,"",,,"",,,"",,,"",,,,,"",,,"","",,,,"",,,"","","",,,"","",,,,,"","","",,,,,,,2,"",,,,,"",,,,,,,,,,,"","",,,,,"k",0.7165,,"space",0.6424,,2,"purple_gnome",2,0,"bright_forest","red_basket","red_gnome",2,9,"dark_forest","yellow_basket",9,0,0,1,"red_gnome","dark_forest","yellow_basket",784,2,2,75,1,151,1,1,"",,,"",,,"",,,"",,,,,,,"","",,,"",,,"",,,"",,,,,,,"",,,"","",,,,,,,,"",,,,,,,"",,,"","","",,,,,,,,"",,,,,"",,,,,"","","","",,,,,,"",,,,,"",,,,,"","",,,,,,"",,,,,,,
"","","",,"","","","","","","",,"","","","","","","",,"","","","","","","",,"","","","","",440478,1,"2024-02-20_10h25.18.089","experiment","2023.2.3","Win32",55.24861878,"6169ea2f9163a46bf5f356e2","65d473f163fad2a70bb049f3","65d47dd18e13c15dc0ab4448","",,,"",,,"",,,"",,,"",,,"",,,,,"",,,"","",,,,"",,,"","","",,,"","",,,,,"","","",,,,,,,1,"",,,,,"",,,,,,,,,,,"","",,,,,"k",0.595,,"space",0.5105,,1,"brown_gnomes",1,2,"bright_forest","red_basket","green_gnome",1,7,"dark_forest","yellow_basket",7,0,0,1,"green_gnome","dark_forest","yellow_basket",791,-2,3,76,0,152,0,1,"",,,"",,,"",,,"",,,,,,,"","",,,"",,,"",,,"",,,,,,,"",,,"","",,,,,,,,"",,,,,,,"",,,"","","",,,,,,,,"",,,,,"",,,,,"","","","",,,,,,"",,,,,"",,,,,"","",,,,,,"",,,,,,,
"","","",,"","","","","","","",,"","","","","","","",,"","","","","","","",,"","","","","",440478,1,"2024-02-20_10h25.18.089","experiment","2023.2.3","Win32",55.24861878,"6169ea2f9163a46bf5f356e2","65d473f163fad2a70bb049f3","65d47dd18e13c15dc0ab4448","",,,"",,,"",,,"",,,"",,,"",,,,,"",,,"","",,,,"",,,"","","",,,"","",,,,,"","","",,,,,,,1,"",,,,,"",,,,,,,,,,,"","",,,,,"k",0.7085,,"space",0.506,,1,"brown_gnomes",1,0,"bright_forest","red_basket","green_gnome",1,8,"dark_forest","yellow_basket",8,0,0,1,"green_gnome","dark_forest","yellow_basket",799,-1,0,76,1,153,0,1,"",,,"",,,"",,,"",,,,,,,"","",,,"",,,"",,,"",,,,,,,"",,,"","",,,,,,,,"",,,,,,,"",,,"","","",,,,,,,,"",,,,,"",,,,,"","","","",,,,,,"",,,,,"",,,,,"","",,,,,,"",,,,,,,
"","","",,"","","","","","","",,"","","","","","","",,"","","","","","","",,"","","","","",440478,1,"2024-02-20_10h25.18.089","experiment","2023.2.3","Win32",55.24861878,"6169ea2f9163a46bf5f356e2","65d473f163fad2a70bb049f3","65d47dd18e13c15dc0ab4448","",,,"",,,"",,,"",,,"",,,"",,,,,"",,,"","",,,,"",,,"","","",,,"","",,,,,"","","",,,,,,,1,"",,,,,"",,,,,,,,,,,"","",,,,,"s",0.6679,,"space",0.5221,,1,"green_gnome",1,8,"dark_forest","yellow_basket","brown_gnomes",1,1,"bright_forest","red_basket",8,0,0,1,"green_gnome","dark_forest","yellow_basket",807,-2,-1,77,0,154,0,1,"",,,"",,,"",,,"",,,,,,,"","",,,"",,,"",,,"",,,,,,,"",,,"","",,,,,,,,"",,,,,,,"",,,"","","",,,,,,,,"",,,,,"",,,,,"","","","",,,,,,"",,,,,"",,,,,"","",,,,,,"",,,,,,,
"","","",,"","","","","","","",,"","","","","","","",,"","","","","","","",,"","","","","",440478,1,"2024-02-20_10h25.18.089","experiment","2023.2.3","Win32",55.24861878,"6169ea2f9163a46bf5f356e2","65d473f163fad2a70bb049f3","65d47dd18e13c15dc0ab4448","",,,"",,,"",,,"",,,"",,,"",,,,,"",,,"","",,,,"",,,"","","",,,"","",,,,,"","","",,,,,,,1,"",,,,,"",,,,,,,,,,,"","",,,,,"k",0.6191,,"space",0.5823,,1,"brown_gnomes",1,1,"bright_forest","red_basket","green_gnome",1,7,"dark_forest","yellow_basket",7,0,0,1,"green_gnome","dark_forest","yellow_basket",814,1,2,77,1,155,0,1,"",,,"",,,"",,,"",,,,,,,"","",,,"",,,"",,,"",,,,,,,"",,,"","",,,,,,,,"",,,,,,,"",,,"","","",,,,,,,,"",,,,,"",,,,,"","","","",,,,,,"",,,,,"",,,,,"","",,,,,,"",,,,,,,
"","","",,"","","","","","","",,"","","","","","","",,"","","","","","","",,"","","","","",440478,1,"2024-02-20_10h25.18.089","experiment","2023.2.3","Win32",55.24861878,"6169ea2f9163a46bf5f356e2","65d473f163fad2a70bb049f3","65d47dd18e13c15dc0ab4448","",,,"",,,"",,,"",,,"",,,"",,,,,"",,,"","",,,,"",,,"","","",,,"","",,,,,"","","",,,,,,,1,"",,,,,"",,,,,,,,,,,"","",,,,,"k",0.7423,,"space",0.5465,,1,"brown_gnomes",1,2,"bright_forest","red_basket","green_gnome",1,9,"dark_forest","yellow_basket",9,0,0,1,"green_gnome","dark_forest","yellow_basket",823,2,2,78,0,156,0,1,"",,,"",,,"",,,"",,,,,,,"","",,,"",,,"",,,"",,,,,,,"",,,"","",,,,,,,,"",,,,,,,"",,,"","","",,,,,,,,"",,,,,"",,,,,"","","","",,,,,,"",,,,,"",,,,,"","",,,,,,"",,,,,,,
"","","",,"","","","","","","",,"","","","","","","",,"","","","","","","",,"","","","","",440478,1,"2024-02-20_10h25.18.089","experiment","2023.2.3","Win32",55.24861878,"6169ea2f9163a46bf5f356e2","65d473f163fad2a70bb049f3","65d47dd18e13c15dc0ab4448","",,,"",,,"",,,"",,,"",,,"",,,,,"",,,"","",,,,"",,,"","","",,,"","",,,,,"","","",,,,,,,1,"",,,,,"",,,,,,,,,,,"","",,,,,"s",0.6937,,"space",0.5232,,1,"green_gnome",1,7,"dark_forest","yellow_basket","brown_gnomes",1,4,"bright_forest","red_basket",7,0,0,1,"green_gnome","dark_forest","yellow_basket",830,2,0,78,1,157,0,1,"",,,"",,,"",,,"",,,,,,,"","",,,"",,,"",,,"",,,,,,,"",,,"","",,,,,,,,"",,,,,,,"",,,"","","",,,,,,,,"",,,,,"",,,,,"","","","",,,,,,"",,,,,"",,,,,"","",,,,,,"",,,,,,,
"","","",,"","","","","","","",,"","","","","","","",,"","","","","","","",,"","","","","",440478,1,"2024-02-20_10h25.18.089","experiment","2023.2.3","Win32",55.24861878,"6169ea2f9163a46bf5f356e2","65d473f163fad2a70bb049f3","65d47dd18e13c15dc0ab4448","",,,"",,,"",,,"",,,"",,,"",,,,,"",,,"","",,,,"",,,"","","",,,"","",,,,,"","","",,,,,,,2,"",,,,,"",,,,,,,,,,,"","",,,,,"k",0.639,,"space",0.544,,2,"purple_gnome",2,6,"bright_forest","red_basket","red_gnome",2,7,"dark_forest","yellow_basket",7,0,0,1,"red_gnome","dark_forest","yellow_basket",837,-2,6,79,0,158,1,1,"",,,"",,,"",,,"",,,,,,,"","",,,"",,,"",,,"",,,,,,,"",,,"","",,,,,,,,"",,,,,,,"",,,"","","",,,,,,,,"",,,,,"",,,,,"","","","",,,,,,"",,,,,"",,,,,"","",,,,,,"",,,,,,,
"","","",,"","","","","","","",,"","","","","","","",,"","","","","","","",,"","","","","",440478,1,"2024-02-20_10h25.18.089","experiment","2023.2.3","Win32",55.24861878,"6169ea2f9163a46bf5f356e2","65d473f163fad2a70bb049f3","65d47dd18e13c15dc0ab4448","",,,"",,,"",,,"",,,"",,,"",,,,,"",,,"","",,,,"",,,"","","",,,"","",,,,,"","","",,,,,,,2,"",,,,,"",,,,,,,,,,,"","",,,,,"s",0.6431,,"space",0.5318,,2,"red_gnome",2,5,"dark_forest","yellow_basket","purple_gnome",2,4,"bright_forest","red_basket",5,0,0,1,"red_gnome","dark_forest","yellow_basket",842,-3,0,79,1,159,1,1,"",,,"",,,"",,,"",,,,,,,"","",,,"",,,"",,,"",,,,,,,"",,,"","",,,,,,,,"",,,,,,,"",,,"","","",,,,,,,,"",,,,,"",,,,,"","","","",,,,,,"",,,,,"",,,,,"","",,,,,,"",,,,,,,
"","","",,"","","","","","","",,"","","","","","","",,"","","","","","","",,"","","","","",440478,1,"2024-02-20_10h25.18.089","experiment","2023.2.3","Win32",55.24861878,"6169ea2f9163a46bf5f356e2","65d473f163fad2a70bb049f3","65d47dd18e13c15dc0ab4448","",,,"",,,"",,,"",,,"",,,"",,,,,"",,,"","",,,,"",,,"","","",,,"","",,,,,"","","",,,,,,,2,"",,,,,"",,,,,,,,,,,"","",,,,,"k",0.6683,,"space",0.5987,,2,"purple_gnome",2,1,"bright_forest","red_basket","red_gnome",2,5,"dark_forest","yellow_basket",5,0,0,1,"red_gnome","dark_forest","yellow_basket",847,1,3,80,0,160,1,1,"",,,"",,,"",,,"",,,,,,,"","",,,"",,,"",,,"",,,,,,,"",,,"","",,,,,,,,"",,,,,,,"",,,"","","",,,,,,,,"",,,,,"",,,,,"","","","",,,,,,"",,,,,"",,,,,"","",,,,,,"",,,,,,,
"","","",,"","","","","","","",,"","","","","","","",,"","","","","","","",,"","","","","",440478,1,"2024-02-20_10h25.18.089","experiment","2023.2.3","Win32",55.24861878,"6169ea2f9163a46bf5f356e2","65d473f163fad2a70bb049f3","65d47dd18e13c15dc0ab4448","",,,"",,,"",,,"",,,"",,,"",,,,,"",,,"","",,,,"",,,"","","",,,"","",,,,,"","","",,,,,,,1,"",,,,,"",,,,,,,,,,,"","",,,,,"s",0.7146,,"space",0.6313,,1,"green_gnome",1,8,"dark_forest","yellow_basket","brown_gnomes",1,2,"bright_forest","red_basket",8,0,0,1,"green_gnome","dark_forest","yellow_basket",855,1,2,80,1,161,0,1,"",,,"",,,"",,,"",,,,,,,"","",,,"",,,"",,,"",,,,,,,"",,,"","",,,,,,,,"",,,,,,,"",,,"","","",,,,,,,,"",,,,,"",,,,,"","","","",,,,,,"",,,,,"",,,,,"","",,,,,,"",,,,,,,
"","","",,"","","","","","","",,"","","","","","","",,"","","","","","","",,"","","","","",440478,1,"2024-02-20_10h25.18.089","experiment","2023.2.3","Win32",55.24861878,"6169ea2f9163a46bf5f356e2","65d473f163fad2a70bb049f3","65d47dd18e13c15dc0ab4448","",,,"",,,"",,,"",,,"",,,"",,,,,"",,,"","",,,,"",,,"","","",,,"","",,,,,"","","",,,,,,,2,"",,,,,"",,,,,,,,,,,"","",,,,,"k",1.1952,,"space",0.7466,,2,"purple_gnome",2,3,"bright_forest","red_basket","red_gnome",2,8,"dark_forest","yellow_basket",8,0,0,1,"red_gnome","dark_forest","yellow_basket",863,-2,0,81,0,162,1,1,"",,,"",,,"",,,"",,,,,,,"","",,,"",,,"",,,"",,,,,,,"",,,"","",,,,,,,,"",,,,,,,"",,,"","","",,,,,,,,"",,,,,"",,,,,"","","","",,,,,,"",,,,,"",,,,,"","",,,,,,"",,,,,,,
"","","",,"","","","","","","",,"","","","","","","",,"","","","","","","",,"","","","","",440478,1,"2024-02-20_10h25.18.089","experiment","2023.2.3","Win32",55.24861878,"6169ea2f9163a46bf5f356e2","65d473f163fad2a70bb049f3","65d47dd18e13c15dc0ab4448","",,,"",,,"",,,"",,,"",,,"",,,,,"",,,"","",,,,"",,,"","","",,,"","",,,,,"","","",,,,,,,2,"",,,,,"",,,,,,,,,,,"","",,,,,"s",0.7512,,"space",0.6292,,2,"red_gnome",2,8,"dark_forest","yellow_basket","purple_gnome",2,1,"bright_forest","red_basket",8,0,0,1,"red_gnome","dark_forest","yellow_basket",871,-3,1,81,1,163,1,1,"",,,"",,,"",,,"",,,,,,,"","",,,"",,,"",,,"",,,,,,,"",,,"","",,,,,,,,"",,,,,,,"",,,"","","",,,,,,,,"",,,,,"",,,,,"","","","",,,,,,"",,,,,"",,,,,"","",,,,,,"",,,,,,,
"","","",,"","","","","","","",,"","","","","","","",,"","","","","","","",,"","","","","",440478,1,"2024-02-20_10h25.18.089","experiment","2023.2.3","Win32",55.24861878,"6169ea2f9163a46bf5f356e2","65d473f163fad2a70bb049f3","65d47dd18e13c15dc0ab4448","",,,"",,,"",,,"",,,"",,,"",,,,,"",,,"","",,,,"",,,"","","",,,"","",,,,,"","","",,,,,,,2,"",,,,,"",,,,,,,,,,,"","",,,,,"k",0.6524,,"space",0.6613,,2,"purple_gnome",2,2,"bright_forest","red_basket","red_gnome",2,9,"dark_forest","yellow_basket",9,0,0,1,"red_gnome","dark_forest","yellow_basket",880,-1,-1,82,0,164,1,1,"",,,"",,,"",,,"",,,,,,,"","",,,"",,,"",,,"",,,,,,,"",,,"","",,,,,,,,"",,,,,,,"",,,"","","",,,,,,,,"",,,,,"",,,,,"","","","",,,,,,"",,,,,"",,,,,"","",,,,,,"",,,,,,,
"","","",,"","","","","","","",,"","","","","","","",,"","","","","","","",,"","","","","",440478,1,"2024-02-20_10h25.18.089","experiment","2023.2.3","Win32",55.24861878,"6169ea2f9163a46bf5f356e2","65d473f163fad2a70bb049f3","65d47dd18e13c15dc0ab4448","",,,"",,,"",,,"",,,"",,,"",,,,,"",,,"","",,,,"",,,"","","",,,"","",,,,,"","","",,,,,,,2,"",,,,,"",,,,,,,,,,,"","",,,,,"k",0.6016,,"space",0.4579,,2,"purple_gnome",2,1,"bright_forest","red_basket","red_gnome",2,8,"dark_forest","yellow_basket",8,0,0,1,"red_gnome","dark_forest","yellow_basket",888,1,0,82,1,165,1,1,"",,,"",,,"",,,"",,,,,,,"","",,,"",,,"",,,"",,,,,,,"",,,"","",,,,,,,,"",,,,,,,"",,,"","","",,,,,,,,"",,,,,"",,,,,"","","","",,,,,,"",,,,,"",,,,,"","",,,,,,"",,,,,,,
"","","",,"","","","","","","",,"","","","","","","",,"","","","","","","",,"","","","","",440478,1,"2024-02-20_10h25.18.089","experiment","2023.2.3","Win32",55.24861878,"6169ea2f9163a46bf5f356e2","65d473f163fad2a70bb049f3","65d47dd18e13c15dc0ab4448","",,,"",,,"",,,"",,,"",,,"",,,,,"",,,"","",,,,"",,,"","","",,,"","",,,,,"","","",,,,,,,1,"",,,,,"",,,,,,,,,,,"","",,,,,"k",0.5846,,"space",0.3841,,1,"brown_gnomes",1,2,"bright_forest","red_basket","green_gnome",1,8,"dark_forest","yellow_basket",8,0,0,1,"green_gnome","dark_forest","yellow_basket",896,2,-1,83,0,166,0,1,"",,,"",,,"",,,"",,,,,,,"","",,,"",,,"",,,"",,,,,,,"",,,"","",,,,,,,,"",,,,,,,"",,,"","","",,,,,,,,"",,,,,"",,,,,"","","","",,,,,,"",,,,,"",,,,,"","",,,,,,"",,,,,,,
"","","",,"","","","","","","",,"","","","","","","",,"","","","","","","",,"","","","","",440478,1,"2024-02-20_10h25.18.089","experiment","2023.2.3","Win32",55.24861878,"6169ea2f9163a46bf5f356e2","65d473f163fad2a70bb049f3","65d47dd18e13c15dc0ab4448","",,,"",,,"",,,"",,,"",,,"",,,,,"",,,"","",,,,"",,,"","","",,,"","",,,,,"","","",,,,,,,2,"",,,,,"",,,,,,,,,,,"","",,,,,"s",0.699,,"space",0.7273,,2,"red_gnome",2,7,"dark_forest","yellow_basket","purple_gnome",2,4,"bright_forest","red_basket",7,0,0,1,"red_gnome","dark_forest","yellow_basket",903,-3,-2,83,1,167,1,1,"",,,"",,,"",,,"",,,,,,,"","",,,"",,,"",,,"",,,,,,,"",,,"","",,,,,,,,"",,,,,,,"",,,"","","",,,,,,,,"",,,,,"",,,,,"","","","",,,,,,"",,,,,"",,,,,"","",,,,,,"",,,,,,,
"","","",,"","","","","","","",,"","","","","","","",,"","","","","","","",,"","","","","",440478,1,"2024-02-20_10h25.18.089","experiment","2023.2.3","Win32",55.24861878,"6169ea2f9163a46bf5f356e2","65d473f163fad2a70bb049f3","65d47dd18e13c15dc0ab4448","",,,"",,,"",,,"",,,"",,,"",,,,,"",,,"","",,,,"",,,"","","",,,"","",,,,,"","","",,,,,,,2,"",,,,,"",,,,,,,,,,,"","",,,,,"k",0.6525,,"space",0.6386,,2,"purple_gnome",2,1,"bright_forest","red_basket","red_gnome",2,5,"dark_forest","yellow_basket",5,0,0,1,"red_gnome","dark_forest","yellow_basket",908,-1,2,84,0,168,1,1,"",,,"",,,"",,,"",,,,,,,"","",,,"",,,"",,,"",,,,,,,"",,,"","",,,,,,,,"",,,,,,,"",,,"","","",,,,,,,,"",,,,,"",,,,,"","","","",,,,,,"",,,,,"",,,,,"","",,,,,,"",,,,,,,
"","","",,"","","","","","","",,"","","","","","","",,"","","","","","","",,"","","","","",440478,1,"2024-02-20_10h25.18.089","experiment","2023.2.3","Win32",55.24861878,"6169ea2f9163a46bf5f356e2","65d473f163fad2a70bb049f3","65d47dd18e13c15dc0ab4448","",,,"",,,"",,,"",,,"",,,"",,,,,"",,,"","",,,,"",,,"","","",,,"","",,,,,"","","",,,,,,,1,"",,,,,"",,,,,,,,,,,"","",,,,,"s",0.7157,,"space",0.5431,,1,"brown_gnomes",1,0,"bright_forest","red_basket","green_gnome",1,7,"dark_forest","yellow_basket",0,0,0,1,"brown_gnomes","bright_forest","red_basket",908,-1,2,84,1,169,0,1,"",,,"",,,"",,,"",,,,,,,"","",,,"",,,"",,,"",,,,,,,"",,,"","",,,,,,,,"",,,,,,,"",,,"","","",,,,,,,,"",,,,,"",,,,,"","","","",,,,,,"",,,,,"",,,,,"","",,,,,,"",,,,,,,
"","","",,"","","","","","","",,"","","","","","","",,"","","","","","","",,"","","","","",440478,1,"2024-02-20_10h25.18.089","experiment","2023.2.3","Win32",55.24861878,"6169ea2f9163a46bf5f356e2","65d473f163fad2a70bb049f3","65d47dd18e13c15dc0ab4448","",,,"",,,"",,,"",,,"",,,"",,,,,"",,,"","",,,,"",,,"","","",,,"","",,,,,"","","",,,,,,,1,"",,,,,"",,,,,,,,,,,"","",,,,,"s",0.6447,,"space",0.3681,,1,"green_gnome",1,9,"dark_forest","yellow_basket","brown_gnomes",1,1,"bright_forest","red_basket",9,0,0,1,"green_gnome","dark_forest","yellow_basket",917,1,-2,85,0,170,0,1,"",,,"",,,"",,,"",,,,,,,"","",,,"",,,"",,,"",,,,,,,"",,,"","",,,,,,,,"",,,,,,,"",,,"","","",,,,,,,,"",,,,,"",,,,,"","","","",,,,,,"",,,,,"",,,,,"","",,,,,,"",,,,,,,
"","","",,"","","","","","","",,"","","","","","","",,"","","","","","","",,"","","","","",440478,1,"2024-02-20_10h25.18.089","experiment","2023.2.3","Win32",55.24861878,"6169ea2f9163a46bf5f356e2","65d473f163fad2a70bb049f3","65d47dd18e13c15dc0ab4448","",,,"",,,"",,,"",,,"",,,"",,,,,"",,,"","",,,,"",,,"","","",,,"","",,,,,"","","",,,,,,,1,"",,,,,"",,,,,,,,,,,"","",,,,,"k",0.5823,,"space",0.5724,,1,"brown_gnomes",1,2,"bright_forest","red_basket","green_gnome",1,7,"dark_forest","yellow_basket",7,0,0,1,"green_gnome","dark_forest","yellow_basket",924,1,0,85,1,171,0,1,"",,,"",,,"",,,"",,,,,,,"","",,,"",,,"",,,"",,,,,,,"",,,"","",,,,,,,,"",,,,,,,"",,,"","","",,,,,,,,"",,,,,"",,,,,"","","","",,,,,,"",,,,,"",,,,,"","",,,,,,"",,,,,,,
"","","",,"","","","","","","",,"","","","","","","",,"","","","","","","",,"","","","","",440478,1,"2024-02-20_10h25.18.089","experiment","2023.2.3","Win32",55.24861878,"6169ea2f9163a46bf5f356e2","65d473f163fad2a70bb049f3","65d47dd18e13c15dc0ab4448","",,,"",,,"",,,"",,,"",,,"",,,,,"",,,"","",,,,"",,,"","","",,,"","",,,,,"","","",,,,,,,1,"",,,,,"",,,,,,,,,,,"","",,,,,"k",0.6375,,"space",0.4732,,1,"brown_gnomes",1,3,"bright_forest","red_basket","green_gnome",1,7,"dark_forest","yellow_basket",7,0,0,1,"green_gnome","dark_forest","yellow_basket",931,0,-2,86,0,172,0,1,"",,,"",,,"",,,"",,,,,,,"","",,,"",,,"",,,"",,,,,,,"",,,"","",,,,,,,,"",,,,,,,"",,,"","","",,,,,,,,"",,,,,"",,,,,"","","","",,,,,,"",,,,,"",,,,,"","",,,,,,"",,,,,,,
"","","",,"","","","","","","",,"","","","","","","",,"","","","","","","",,"","","","","",440478,1,"2024-02-20_10h25.18.089","experiment","2023.2.3","Win32",55.24861878,"6169ea2f9163a46bf5f356e2","65d473f163fad2a70bb049f3","65d47dd18e13c15dc0ab4448","",,,"",,,"",,,"",,,"",,,"",,,,,"",,,"","",,,,"",,,"","","",,,"","",,,,,"","","",,,,,,,1,"",,,,,"",,,,,,,,,,,"","",,,,,"s",0.7023,,"space",0.4916,,1,"green_gnome",1,5,"dark_forest","yellow_basket","brown_gnomes",1,3,"bright_forest","red_basket",5,0,0,1,"green_gnome","dark_forest","yellow_basket",936,-1,2,86,1,173,0,1,"",,,"",,,"",,,"",,,,,,,"","",,,"",,,"",,,"",,,,,,,"",,,"","",,,,,,,,"",,,,,,,"",,,"","","",,,,,,,,"",,,,,"",,,,,"","","","",,,,,,"",,,,,"",,,,,"","",,,,,,"",,,,,,,
"","","",,"","","","","","","",,"","","","","","","",,"","","","","","","",,"","","","","",440478,1,"2024-02-20_10h25.18.089","experiment","2023.2.3","Win32",55.24861878,"6169ea2f9163a46bf5f356e2","65d473f163fad2a70bb049f3","65d47dd18e13c15dc0ab4448","",,,"",,,"",,,"",,,"",,,"",,,,,"",,,"","",,,,"",,,"","","",,,"","",,,,,"","","",,,,,,,1,"",,,,,"",,,,,,,,,,,"","",,,,,"k",0.6059,,"space",0.4265,,1,"brown_gnomes",1,2,"bright_forest","red_basket","green_gnome",1,7,"dark_forest","yellow_basket",7,0,0,1,"green_gnome","dark_forest","yellow_basket",943,1,-3,87,0,174,0,1,"",,,"",,,"",,,"",,,,,,,"","",,,"",,,"",,,"",,,,,,,"",,,"","",,,,,,,,"",,,,,,,"",,,"","","",,,,,,,,"",,,,,"",,,,,"","","","",,,,,,"",,,,,"",,,,,"","",,,,,,"",,,,,,,
"","","",,"","","","","","","",,"","","","","","","",,"","","","","","","",,"","","","","",440478,1,"2024-02-20_10h25.18.089","experiment","2023.2.3","Win32",55.24861878,"6169ea2f9163a46bf5f356e2","65d473f163fad2a70bb049f3","65d47dd18e13c15dc0ab4448","",,,"",,,"",,,"",,,"",,,"",,,,,"",,,"","",,,,"",,,"","","",,,"","",,,,,"","","",,,,,,,1,"",,,,,"",,,,,,,,,,,"","",,,,,"s",0.6093,,"space",0.5048,,1,"green_gnome",1,4,"dark_forest","yellow_basket","brown_gnomes",1,3,"bright_forest","red_basket",4,0,0,1,"green_gnome","dark_forest","yellow_basket",947,1,4,87,1,175,0,1,"",,,"",,,"",,,"",,,,,,,"","",,,"",,,"",,,"",,,,,,,"",,,"","",,,,,,,,"",,,,,,,"",,,"","","",,,,,,,,"",,,,,"",,,,,"","","","",,,,,,"",,,,,"",,,,,"","",,,,,,"",,,,,,,
"","","",,"","","","","","","",,"","","","","","","",,"","","","","","","",,"","","","","",440478,1,"2024-02-20_10h25.18.089","experiment","2023.2.3","Win32",55.24861878,"6169ea2f9163a46bf5f356e2","65d473f163fad2a70bb049f3","65d47dd18e13c15dc0ab4448","",,,"",,,"",,,"",,,"",,,"",,,,,"",,,"","",,,,"",,,"","","",,,"","",,,,,"","","",,,,,,,1,"",,,,,"",,,,,,,,,,,"","",,,,,"k",0.7101,,"space",0.526,,1,"brown_gnomes",1,4,"bright_forest","red_basket","green_gnome",1,8,"dark_forest","yellow_basket",8,0,0,1,"green_gnome","dark_forest","yellow_basket",955,1,2,88,0,176,0,1,"",,,"",,,"",,,"",,,,,,,"","",,,"",,,"",,,"",,,,,,,"",,,"","",,,,,,,,"",,,,,,,"",,,"","","",,,,,,,,"",,,,,"",,,,,"","","","",,,,,,"",,,,,"",,,,,"","",,,,,,"",,,,,,,
"","","",,"","","","","","","",,"","","","","","","",,"","","","","","","",,"","","","","",440478,1,"2024-02-20_10h25.18.089","experiment","2023.2.3","Win32",55.24861878,"6169ea2f9163a46bf5f356e2","65d473f163fad2a70bb049f3","65d47dd18e13c15dc0ab4448","",,,"",,,"",,,"",,,"",,,"",,,,,"",,,"","",,,,"",,,"","","",,,"","",,,,,"","","",,,,,,,1,"",,,,,"",,,,,,,,,,,"","",,,,,"s",0.6517,,"space",0.9109,,1,"green_gnome",1,8,"dark_forest","yellow_basket","brown_gnomes",1,5,"bright_forest","red_basket",8,0,0,1,"green_gnome","dark_forest","yellow_basket",963,-1,4,88,1,177,0,1,"",,,"",,,"",,,"",,,,,,,"","",,,"",,,"",,,"",,,,,,,"",,,"","",,,,,,,,"",,,,,,,"",,,"","","",,,,,,,,"",,,,,"",,,,,"","","","",,,,,,"",,,,,"",,,,,"","",,,,,,"",,,,,,,
"","","",,"","","","","","","",,"","","","","","","",,"","","","","","","",,"","","","","",440478,1,"2024-02-20_10h25.18.089","experiment","2023.2.3","Win32",55.24861878,"6169ea2f9163a46bf5f356e2","65d473f163fad2a70bb049f3","65d47dd18e13c15dc0ab4448","",,,"",,,"",,,"",,,"",,,"",,,,,"",,,"","",,,,"",,,"","","",,,"","",,,,,"","","",,,,,,,1,"",,,,,"",,,,,,,,,,,"","",,,,,"s",0.7853,,"space",0.5928,,1,"green_gnome",1,6,"dark_forest","yellow_basket","brown_gnomes",1,4,"bright_forest","red_basket",6,0,0,1,"green_gnome","dark_forest","yellow_basket",969,-2,-3,89,0,178,0,1,"",,,"",,,"",,,"",,,,,,,"","",,,"",,,"",,,"",,,,,,,"",,,"","",,,,,,,,"",,,,,,,"",,,"","","",,,,,,,,"",,,,,"",,,,,"","","","",,,,,,"",,,,,"",,,,,"","",,,,,,"",,,,,,,
"","","",,"","","","","","","",,"","","","","","","",,"","","","","","","",,"","","","","",440478,1,"2024-02-20_10h25.18.089","experiment","2023.2.3","Win32",55.24861878,"6169ea2f9163a46bf5f356e2","65d473f163fad2a70bb049f3","65d47dd18e13c15dc0ab4448","",,,"",,,"",,,"",,,"",,,"",,,,,"",,,"","",,,,"",,,"","","",,,"","",,,,,"","","",,,,,,,1,"",,,,,"",,,,,,,,,,,"","",,,,,"s",0.6405,,"space",0.7243,,1,"green_gnome",1,3,"dark_forest","yellow_basket","brown_gnomes",1,2,"bright_forest","red_basket",3,0,0,1,"green_gnome","dark_forest","yellow_basket",972,0,3,89,1,179,0,1,"",,,"",,,"",,,"",,,,,,,"","",,,"",,,"",,,"",,,,,,,"",,,"","",,,,,,,,"",,,,,,,"",,,"","","",,,,,,,,"",,,,,"",,,,,"","","","",,,,,,"",,,,,"",,,,,"","",,,,,,"",,,,,,,
"","","",,"","","","","","","",,"","","","","","","",,"","","","","","","",,"","","","","",440478,1,"2024-02-20_10h25.18.089","experiment","2023.2.3","Win32",55.24861878,"6169ea2f9163a46bf5f356e2","65d473f163fad2a70bb049f3","65d47dd18e13c15dc0ab4448","",,,"",,,"",,,"",,,"",,,"",,,,,"",,,"","",,,,"",,,"","","",,,"","",,,,,"","","",,,,,,,2,"",,,,,"",,,,,,,,,,,"","",,,,,"k",0.5784,,"space",0.6313,,2,"red_gnome",2,6,"dark_forest","yellow_basket","purple_gnome",2,2,"bright_forest","red_basket",2,0,0,1,"purple_gnome","bright_forest","red_basket",974,-1,1,90,0,180,1,1,"",,,"",,,"",,,"",,,,,,,"","",,,"",,,"",,,"",,,,,,,"",,,"","",,,,,,,,"",,,,,,,"",,,"","","",,,,,,,,"",,,,,"",,,,,"","","","",,,,,,"",,,,,"",,,,,"","",,,,,,"",,,,,,,
"","","",,"","","","","","","",,"","","","","","","",,"","","","","","","",,"","","","","",440478,1,"2024-02-20_10h25.18.089","experiment","2023.2.3","Win32",55.24861878,"6169ea2f9163a46bf5f356e2","65d473f163fad2a70bb049f3","65d47dd18e13c15dc0ab4448","",,,"",,,"",,,"",,,"",,,"",,,,,"",,,"","",,,,"",,,"","","",,,"","",,,,,"","","",,,,,,,2,"",,,,,"",,,,,,,,,,,"","",,,,,"s",0.799,,"space",0.6704,,2,"purple_gnome",2,1,"bright_forest","red_basket","red_gnome",2,7,"dark_forest","yellow_basket",1,0,0,1,"purple_gnome","bright_forest","red_basket",975,-1,0,90,1,181,1,1,"",,,"",,,"",,,"",,,,,,,"","",,,"",,,"",,,"",,,,,,,"",,,"","",,,,,,,,"",,,,,,,"",,,"","","",,,,,,,,"",,,,,"",,,,,"","","","",,,,,,"",,,,,"",,,,,"","",,,,,,"",,,,,,,
"","","",,"","","","","","","",,"","","","","","","",,"","","","","","","",,"","","","","",440478,1,"2024-02-20_10h25.18.089","experiment","2023.2.3","Win32",55.24861878,"6169ea2f9163a46bf5f356e2","65d473f163fad2a70bb049f3","65d47dd18e13c15dc0ab4448","",,,"",,,"",,,"",,,"",,,"",,,,,"",,,"","",,,,"",,,"","","",,,"","",,,,,"","","",,,,,,,1,"",,,,,"",,,,,,,,,,,"","",,,,,"k",0.6948,,"space",0.5172,,1,"brown_gnomes",1,0,"bright_forest","red_basket","green_gnome",1,7,"dark_forest","yellow_basket",7,0,0,1,"green_gnome","dark_forest","yellow_basket",982,2,0,91,0,182,0,1,"",,,"",,,"",,,"",,,,,,,"","",,,"",,,"",,,"",,,,,,,"",,,"","",,,,,,,,"",,,,,,,"",,,"","","",,,,,,,,"",,,,,"",,,,,"","","","",,,,,,"",,,,,"",,,,,"","",,,,,,"",,,,,,,
"","","",,"","","","","","","",,"","","","","","","",,"","","","","","","",,"","","","","",440478,1,"2024-02-20_10h25.18.089","experiment","2023.2.3","Win32",55.24861878,"6169ea2f9163a46bf5f356e2","65d473f163fad2a70bb049f3","65d47dd18e13c15dc0ab4448","",,,"",,,"",,,"",,,"",,,"",,,,,"",,,"","",,,,"",,,"","","",,,"","",,,,,"","","",,,,,,,1,"",,,,,"",,,,,,,,,,,"","",,,,,"s",0.712,,"space",0.7598,,1,"green_gnome",1,7,"dark_forest","yellow_basket","brown_gnomes",1,2,"bright_forest","red_basket",7,0,0,1,"green_gnome","dark_forest","yellow_basket",989,2,0,91,1,183,0,1,"",,,"",,,"",,,"",,,,,,,"","",,,"",,,"",,,"",,,,,,,"",,,"","",,,,,,,,"",,,,,,,"",,,"","","",,,,,,,,"",,,,,"",,,,,"","","","",,,,,,"",,,,,"",,,,,"","",,,,,,"",,,,,,,
"","","",,"","","","","","","",,"","","","","","","",,"","","","","","","",,"","","","","",440478,1,"2024-02-20_10h25.18.089","experiment","2023.2.3","Win32",55.24861878,"6169ea2f9163a46bf5f356e2","65d473f163fad2a70bb049f3","65d47dd18e13c15dc0ab4448","",,,"",,,"",,,"",,,"",,,"",,,,,"",,,"","",,,,"",,,"","","",,,"","",,,,,"","","",,,,,,,1,"",,,,,"",,,,,,,,,,,"","",,,,,"s",0.6169,,"space",0.7784,,1,"green_gnome",1,7,"dark_forest","yellow_basket","brown_gnomes",1,4,"bright_forest","red_basket",7,0,0,1,"green_gnome","dark_forest","yellow_basket",996,2,1,92,0,184,0,1,"",,,"",,,"",,,"",,,,,,,"","",,,"",,,"",,,"",,,,,,,"",,,"","",,,,,,,,"",,,,,,,"",,,"","","",,,,,,,,"",,,,,"",,,,,"","","","",,,,,,"",,,,,"",,,,,"","",,,,,,"",,,,,,,
"","","",,"","","","","","","",,"","","","","","","",,"","","","","","","",,"","","","","",440478,1,"2024-02-20_10h25.18.089","experiment","2023.2.3","Win32",55.24861878,"6169ea2f9163a46bf5f356e2","65d473f163fad2a70bb049f3","65d47dd18e13c15dc0ab4448","",,,"",,,"",,,"",,,"",,,"",,,,,"",,,"","",,,,"",,,"","","",,,"","",,,,,"","","",,,,,,,2,"",,,,,"",,,,,,,,,,,"","",,,,,"s",1.2277,,"space",0.6843,,2,"red_gnome",2,8,"dark_forest","yellow_basket","purple_gnome",2,6,"bright_forest","red_basket",8,0,0,1,"red_gnome","dark_forest","yellow_basket",1004,-1,1,92,1,185,1,1,"",,,"",,,"",,,"",,,,,,,"","",,,"",,,"",,,"",,,,,,,"",,,"","",,,,,,,,"",,,,,,,"",,,"","","",,,,,,,,"",,,,,"",,,,,"","","","",,,,,,"",,,,,"",,,,,"","",,,,,,"",,,,,,,
"","","",,"","","","","","","",,"","","","","","","",,"","","","","","","",,"","","","","",440478,1,"2024-02-20_10h25.18.089","experiment","2023.2.3","Win32",55.24861878,"6169ea2f9163a46bf5f356e2","65d473f163fad2a70bb049f3","65d47dd18e13c15dc0ab4448","",,,"",,,"",,,"",,,"",,,"",,,,,"",,,"","",,,,"",,,"","","",,,"","",,,,,"","","",,,,,,,2,"",,,,,"",,,,,,,,,,,"","",,,,,"k",0.7951,,"space",0.6761,,2,"purple_gnome",2,5,"bright_forest","red_basket","red_gnome",2,9,"dark_forest","yellow_basket",9,0,0,1,"red_gnome","dark_forest","yellow_basket",1013,1,-1,93,0,186,1,1,"",,,"",,,"",,,"",,,,,,,"","",,,"",,,"",,,"",,,,,,,"",,,"","",,,,,,,,"",,,,,,,"",,,"","","",,,,,,,,"",,,,,"",,,,,"","","","",,,,,,"",,,,,"",,,,,"","",,,,,,"",,,,,,,
"","","",,"","","","","","","",,"","","","","","","",,"","","","","","","",,"","","","","",440478,1,"2024-02-20_10h25.18.089","experiment","2023.2.3","Win32",55.24861878,"6169ea2f9163a46bf5f356e2","65d473f163fad2a70bb049f3","65d47dd18e13c15dc0ab4448","",,,"",,,"",,,"",,,"",,,"",,,,,"",,,"","",,,,"",,,"","","",,,"","",,,,,"","","",,,,,,,2,"",,,,,"",,,,,,,,,,,"","",,,,,"k",0.7124,,"space",0.5762,,2,"purple_gnome",2,6,"bright_forest","red_basket","red_gnome",2,8,"dark_forest","yellow_basket",8,0,0,1,"red_gnome","dark_forest","yellow_basket",1021,0,0,93,1,187,1,1,"",,,"",,,"",,,"",,,,,,,"","",,,"",,,"",,,"",,,,,,,"",,,"","",,,,,,,,"",,,,,,,"",,,"","","",,,,,,,,"",,,,,"",,,,,"","","","",,,,,,"",,,,,"",,,,,"","",,,,,,"",,,,,,,
"","","",,"","","","","","","",,"","","","","","","",,"","","","","","","",,"","","","","",440478,1,"2024-02-20_10h25.18.089","experiment","2023.2.3","Win32",55.24861878,"6169ea2f9163a46bf5f356e2","65d473f163fad2a70bb049f3","65d47dd18e13c15dc0ab4448","",,,"",,,"",,,"",,,"",,,"",,,,,"",,,"","",,,,"",,,"","","",,,"","",,,,,"","","",,,,,,,2,"",,,,,"",,,,,,,,,,,"","",,,,,"s",0.7331,,"space",0.6398,,2,"red_gnome",2,8,"dark_forest","yellow_basket","purple_gnome",2,6,"bright_forest","red_basket",8,0,0,1,"red_gnome","dark_forest","yellow_basket",1029,1,3,94,0,188,1,1,"",,,"",,,"",,,"",,,,,,,"","",,,"",,,"",,,"",,,,,,,"",,,"","",,,,,,,,"",,,,,,,"",,,"","","",,,,,,,,"",,,,,"",,,,,"","","","",,,,,,"",,,,,"",,,,,"","",,,,,,"",,,,,,,
"","","",,"","","","","","","",,"","","","","","","",,"","","","","","","",,"","","","","",440478,1,"2024-02-20_10h25.18.089","experiment","2023.2.3","Win32",55.24861878,"6169ea2f9163a46bf5f356e2","65d473f163fad2a70bb049f3","65d47dd18e13c15dc0ab4448","",,,"",,,"",,,"",,,"",,,"",,,,,"",,,"","",,,,"",,,"","","",,,"","",,,,,"","","",,,,,,,2,"",,,,,"",,,,,,,,,,,"","",,,,,"s",0.6519,,"space",0.5818,,2,"red_gnome",2,7,"dark_forest","yellow_basket","purple_gnome",2,7,"bright_forest","red_basket",7,0,0,1,"red_gnome","dark_forest","yellow_basket",1036,-1,0,94,1,189,1,1,"",,,"",,,"",,,"",,,,,,,"","",,,"",,,"",,,"",,,,,,,"",,,"","",,,,,,,,"",,,,,,,"",,,"","","",,,,,,,,"",,,,,"",,,,,"","","","",,,,,,"",,,,,"",,,,,"","",,,,,,"",,,,,,,
"","","",,"","","","","","","",,"","","","","","","",,"","","","","","","",,"","","","","",440478,1,"2024-02-20_10h25.18.089","experiment","2023.2.3","Win32",55.24861878,"6169ea2f9163a46bf5f356e2","65d473f163fad2a70bb049f3","65d47dd18e13c15dc0ab4448","",,,"",,,"",,,"",,,"",,,"",,,,,"",,,"","",,,,"",,,"","","",,,"","",,,,,"","","",,,,,,,2,"",,,,,"",,,,,,,,,,,"","",,,,,"k",0.6674,,"space",0.5407,,2,"purple_gnome",2,6,"bright_forest","red_basket","red_gnome",2,7,"dark_forest","yellow_basket",7,0,0,1,"red_gnome","dark_forest","yellow_basket",1043,0,3,95,0,190,1,1,"",,,"",,,"",,,"",,,,,,,"","",,,"",,,"",,,"",,,,,,,"",,,"","",,,,,,,,"",,,,,,,"",,,"","","",,,,,,,,"",,,,,"",,,,,"","","","",,,,,,"",,,,,"",,,,,"","",,,,,,"",,,,,,,
"","","",,"","","","","","","",,"","","","","","","",,"","","","","","","",,"","","","","",440478,1,"2024-02-20_10h25.18.089","experiment","2023.2.3","Win32",55.24861878,"6169ea2f9163a46bf5f356e2","65d473f163fad2a70bb049f3","65d47dd18e13c15dc0ab4448","",,,"",,,"",,,"",,,"",,,"",,,,,"",,,"","",,,,"",,,"","","",,,"","",,,,,"","","",,,,,,,2,"",,,,,"",,,,,,,,,,,"","",,,,,"k",0.6343,,"space",0.7281,,2,"purple_gnome",2,6,"bright_forest","red_basket","red_gnome",2,8,"dark_forest","yellow_basket",8,0,0,1,"red_gnome","dark_forest","yellow_basket",1051,-1,1,95,1,191,1,1,"",,,"",,,"",,,"",,,,,,,"","",,,"",,,"",,,"",,,,,,,"",,,"","",,,,,,,,"",,,,,,,"",,,"","","",,,,,,,,"",,,,,"",,,,,"","","","",,,,,,"",,,,,"",,,,,"","",,,,,,"",,,,,,,
"","","",,"","","","","","","",,"","","","","","","",,"","","","","","","",,"","","","","",440478,1,"2024-02-20_10h25.18.089","experiment","2023.2.3","Win32",55.24861878,"6169ea2f9163a46bf5f356e2","65d473f163fad2a70bb049f3","65d47dd18e13c15dc0ab4448","",,,"",,,"",,,"",,,"",,,"",,,,,"",,,"","",,,,"",,,"","","",,,"","",,,,,"","","",,,,,,,2,"",,,,,"",,,,,,,,,,,"","",,,,,"k",0.7615,,"space",0.6891,,2,"purple_gnome",2,5,"bright_forest","red_basket","red_gnome",2,9,"dark_forest","yellow_basket",9,0,0,1,"red_gnome","dark_forest","yellow_basket",1060,1,0,96,0,192,1,1,"",,,"",,,"",,,"",,,,,,,"","",,,"",,,"",,,"",,,,,,,"",,,"","",,,,,,,,"",,,,,,,"",,,"","","",,,,,,,,"",,,,,"",,,,,"","","","",,,,,,"",,,,,"",,,,,"","",,,,,,"",,,,,,,
"","","",,"","","","","","","",,"","","","","","","",,"","","","","","","",,"","","","","",440478,1,"2024-02-20_10h25.18.089","experiment","2023.2.3","Win32",55.24861878,"6169ea2f9163a46bf5f356e2","65d473f163fad2a70bb049f3","65d47dd18e13c15dc0ab4448","",,,"",,,"",,,"",,,"",,,"",,,,,"",,,"","",,,,"",,,"","","",,,"","",,,,,"","","",,,,,,,2,"",,,,,"",,,,,,,,,,,"","",,,,,"k",0.6449,,"space",0.5637,,2,"purple_gnome",2,6,"bright_forest","red_basket","red_gnome",2,9,"dark_forest","yellow_basket",9,0,0,1,"red_gnome","dark_forest","yellow_basket",1069,-1,-4,96,1,193,1,1,"",,,"",,,"",,,"",,,,,,,"","",,,"",,,"",,,"",,,,,,,"",,,"","",,,,,,,,"",,,,,,,"",,,"","","",,,,,,,,"",,,,,"",,,,,"","","","",,,,,,"",,,,,"",,,,,"","",,,,,,"",,,,,,,
"","","",,"","","","","","","",,"","","","","","","",,"","","","","","","",,"","","","","",440478,1,"2024-02-20_10h25.18.089","experiment","2023.2.3","Win32",55.24861878,"6169ea2f9163a46bf5f356e2","65d473f163fad2a70bb049f3","65d47dd18e13c15dc0ab4448","",,,"",,,"",,,"",,,"",,,"",,,,,"",,,"","",,,,"",,,"","","",,,"","",,,,,"","","",,,,,,,1,"",,,,,"",,,,,,,,,,,"","",,,,,"s",0.7959,,"space",0.6246,,1,"green_gnome",1,5,"dark_forest","yellow_basket","brown_gnomes",1,5,"bright_forest","red_basket",5,0,0,1,"green_gnome","dark_forest","yellow_basket",1074,3,-2,97,0,194,0,1,"",,,"",,,"",,,"",,,,,,,"","",,,"",,,"",,,"",,,,,,,"",,,"","",,,,,,,,"",,,,,,,"",,,"","","",,,,,,,,"",,,,,"",,,,,"","","","",,,,,,"",,,,,"",,,,,"","",,,,,,"",,,,,,,
"","","",,"","","","","","","",,"","","","","","","",,"","","","","","","",,"","","","","",440478,1,"2024-02-20_10h25.18.089","experiment","2023.2.3","Win32",55.24861878,"6169ea2f9163a46bf5f356e2","65d473f163fad2a70bb049f3","65d47dd18e13c15dc0ab4448","",,,"",,,"",,,"",,,"",,,"",,,,,"",,,"","",,,,"",,,"","","",,,"","",,,,,"","","",,,,,,,2,"",,,,,"",,,,,,,,,,,"","",,,,,"s",0.7355,,"space",0.5968,,2,"red_gnome",2,3,"dark_forest","yellow_basket","purple_gnome",2,8,"bright_forest","red_basket",3,0,0,1,"red_gnome","dark_forest","yellow_basket",1077,1,-1,97,1,195,1,1,"",,,"",,,"",,,"",,,,,,,"","",,,"",,,"",,,"",,,,,,,"",,,"","",,,,,,,,"",,,,,,,"",,,"","","",,,,,,,,"",,,,,"",,,,,"","","","",,,,,,"",,,,,"",,,,,"","",,,,,,"",,,,,,,
"","","",,"","","","","","","",,"","","","","","","",,"","","","","","","",,"","","","","",440478,1,"2024-02-20_10h25.18.089","experiment","2023.2.3","Win32",55.24861878,"6169ea2f9163a46bf5f356e2","65d473f163fad2a70bb049f3","65d47dd18e13c15dc0ab4448","",,,"",,,"",,,"",,,"",,,"",,,,,"",,,"","",,,,"",,,"","","",,,"","",,,,,"","","",,,,,,,2,"",,,,,"",,,,,,,,,,,"","",,,,,"s",0.7432,,"space",0.6785,,2,"purple_gnome",2,9,"bright_forest","red_basket","red_gnome",2,2,"dark_forest","yellow_basket",9,0,0,1,"purple_gnome","bright_forest","red_basket",1086,1,1,98,0,196,1,1,"",,,"",,,"",,,"",,,,,,,"","",,,"",,,"",,,"",,,,,,,"",,,"","",,,,,,,,"",,,,,,,"",,,"","","",,,,,,,,"",,,,,"",,,,,"","","","",,,,,,"",,,,,"",,,,,"","",,,,,,"",,,,,,,
"","","",,"","","","","","","",,"","","","","","","",,"","","","","","","",,"","","","","",440478,1,"2024-02-20_10h25.18.089","experiment","2023.2.3","Win32",55.24861878,"6169ea2f9163a46bf5f356e2","65d473f163fad2a70bb049f3","65d47dd18e13c15dc0ab4448","",,,"",,,"",,,"",,,"",,,"",,,,,"",,,"","",,,,"",,,"","","",,,"","",,,,,"","","",,,,,,,2,"",,,,,"",,,,,,,,,,,"","",,,,,"k",0.6683,,"space",0.7864,,2,"red_gnome",2,3,"dark_forest","yellow_basket","purple_gnome",2,8,"bright_forest","red_basket",8,0,0,1,"purple_gnome","bright_forest","red_basket",1094,0,3,98,1,197,1,1,"",,,"",,,"",,,"",,,,,,,"","",,,"",,,"",,,"",,,,,,,"",,,"","",,,,,,,,"",,,,,,,"",,,"","","",,,,,,,,"",,,,,"",,,,,"","","","",,,,,,"",,,,,"",,,,,"","",,,,,,"",,,,,,,
"","","",,"","","","","","","",,"","","","","","","",,"","","","","","","",,"","","","","",440478,1,"2024-02-20_10h25.18.089","experiment","2023.2.3","Win32",55.24861878,"6169ea2f9163a46bf5f356e2","65d473f163fad2a70bb049f3","65d47dd18e13c15dc0ab4448","",,,"",,,"",,,"",,,"",,,"",,,,,"",,,"","",,,,"",,,"","","",,,"","",,,,,"","","",,,,,,,2,"",,,,,"",,,,,,,,,,,"","",,,,,"s",0.9515,,"space",0.5987,,2,"purple_gnome",2,8,"bright_forest","red_basket","red_gnome",2,6,"dark_forest","yellow_basket",8,0,0,1,"purple_gnome","bright_forest","red_basket",1102,2,-1,99,0,198,1,1,"",,,"",,,"",,,"",,,,,,,"","",,,"",,,"",,,"",,,,,,,"",,,"","",,,,,,,,"",,,,,,,"",,,"","","",,,,,,,,"",,,,,"",,,,,"","","","",,,,,,"",,,,,"",,,,,"","",,,,,,"",,,,,,,
"","","",,"","","","","","","",,"","","","","","","",,"","","","","","","",,"","","","","",440478,1,"2024-02-20_10h25.18.089","experiment","2023.2.3","Win32",55.24861878,"6169ea2f9163a46bf5f356e2","65d473f163fad2a70bb049f3","65d47dd18e13c15dc0ab4448","",,,"",,,"",,,"",,,"",,,"",,,,,"",,,"","",,,,"",,,"","","",,,"","",,,,,"","","",,,,,,,1,"",,,,,"",,,,,,,,,,,"","",,,,,"k",1.034,,"space",0.6261,,1,"green_gnome",1,5,"dark_forest","yellow_basket","brown_gnomes",1,8,"bright_forest","red_basket",8,0,0,1,"brown_gnomes","bright_forest","red_basket",1110,-5,-1,99,1,199,0,1,"",,,"",,,"",,,"",,,,,,,"","",,,"",,,"",,,"",,,,,,,"",,,"","",,,,,,,,"",,,,,,,"",,,"","","",,,,,,,,"",,,,,"",,,,,"","","","",,,,,,"",,,,,"",,,,,"","",,,,,,"",,,,,,,
"","","",,"","","","","","","",,"","","","","","","",,"","","","","","","",,"","","","","",440478,1,"2024-02-20_10h25.18.089","experiment","2023.2.3","Win32",55.24861878,"6169ea2f9163a46bf5f356e2","65d473f163fad2a70bb049f3","65d47dd18e13c15dc0ab4448","",,,"",,,"",,,"",,,"",,,"",,,,,"",,,"","",,,,"",,,"","","",,,"","",,,,,"","","",,,,,,,,"",,,,,"",,,1387.5739,1408.4381,0.684895833,-0.368489583,1,0,0,20.8161,"t_advice_finished_typing_rect","",,,,,"",,,"",,,,"",,,"","","",,,"","",,,,,"","","",,,,,,,,,"space",9.4798,,"space",30.9267,,"space",3.1711,,"The colours of the mushroom hats dont matter at all; the shape is the most important. I found that in the first half of the game the longer, thinner hats yielded more points until it showed 3+ mushrooms, once you had that then I tried once or twice more before switching to the flatter mushroom hat. I found that the grey flat mushroom hat yielded the most points when the basket was in the wintery scene and I think that although the colour of the hats did not matter, the more muted tone hats led to the winter scene so look out for that.",-0.119791667,0.3828125,1,0,0,205.2073,"vb_finished_typing_rect","space",14.0422,,"space",39.7852,,"space",12.1639,,"space",9.6994,,25.78125,10.8874,69.66145833,13.219,"space",13.3545,,"brown_gnomes","red_gnome",0,0,0,1,1,0,2,"",,,,,,,"",,,"","","",,,,,,,,"",,,,,"",,,,,"","","","",,,,,,"",,,,,"",,,,,"","",,,,,,"",,,,,,,
"","","",,"","","","","","","",,"","","","","","","",,"","","","","","","",,"","","","","",440478,1,"2024-02-20_10h25.18.089","experiment","2023.2.3","Win32",55.24861878,"6169ea2f9163a46bf5f356e2","65d473f163fad2a70bb049f3","65d47dd18e13c15dc0ab4448","",,,"",,,"",,,"",,,"",,,"",,,,,"",,,"","",,,,"",,,"","","",,,"","",,,,,"","","",,,,,,,,"",,,,,"",,,,,,,,,,,"","",,,,,"",,,"",,,,"",,,"","","",,,"","",,,,,"","","",,,,,,,,,"",,,"",,,"",,,"",,,,,,,"","",,,"",,,"",,,"",,,100,4.55,100,6.8179,"space",7.1117,,"purple_gnome","red_gnome",0,1,1,3,1,1,2,"",,,,,,,"",,,"","","",,,,,,,,"",,,,,"",,,,,"","","","",,,,,,"",,,,,"",,,,,"","",,,,,,"",,,,,,,
"","","",,"","","","","","","",,"","","","","","","",,"","","","","","","",,"","","","","",440478,1,"2024-02-20_10h25.18.089","experiment","2023.2.3","Win32",55.24861878,"6169ea2f9163a46bf5f356e2","65d473f163fad2a70bb049f3","65d47dd18e13c15dc0ab4448","",,,"",,,"",,,"",,,"",,,"",,,,,"",,,"","",,,,"",,,"","","",,,"","",,,,,"","","",,,,,,,,"",,,,,"",,,,,,,,,,,"","",,,,,"",,,"",,,,"",,,"","","",,,"","",,,,,"","","",,,,,,,,,"",,,"",,,"",,,"",,,,,,,"","",,,"",,,"",,,"",,,77.47395833,6.7679,67.44791667,9.5324,"space",9.6605,,"green_gnome","brown_gnomes",0,2,2,2,1,0,3,"",,,,,,,"",,,"","","",,,,,,,,"",,,,,"",,,,,"","","","",,,,,,"",,,,,"",,,,,"","",,,,,,"",,,,,,,
"","","",,"","","","","","","",,"","","","","","","",,"","","","","","","",,"","","","","",440478,1,"2024-02-20_10h25.18.089","experiment","2023.2.3","Win32",55.24861878,"6169ea2f9163a46bf5f356e2","65d473f163fad2a70bb049f3","65d47dd18e13c15dc0ab4448","",,,"",,,"",,,"",,,"",,,"",,,,,"",,,"","",,,,"",,,"","","",,,"","",,,,,"","","",,,,,,,,"",,,,,"",,,,,,,,,,,"","",,,,,"",,,"",,,,"",,,"","","",,,"","",,,,,"","","",,,,,,,,,"",,,"",,,"",,,"",,,,,,,"","",,,"",,,"",,,"",,,62.36979167,9.234,36.45833333,11.3959,"space",11.4939,,"green_gnome","purple_gnome",0,3,3,4,1,1,3,"",,,,,,,"",,,"","","",,,,,,,,"",,,,,"",,,,,"","","","",,,,,,"",,,,,"",,,,,"","",,,,,,"",,,,,,,
"","","",,"","","","","","","",,"","","","","","","",,"","","","","","","",,"","","","","",440478,1,"2024-02-20_10h25.18.089","experiment","2023.2.3","Win32",55.24861878,"6169ea2f9163a46bf5f356e2","65d473f163fad2a70bb049f3","65d47dd18e13c15dc0ab4448","",,,"",,,"",,,"",,,"",,,"",,,,,"",,,"","",,,,"",,,"","","",,,"","",,,,,"","","",,,,,,,,"",,,,,"",,,,,,,,,,,"","",,,,,"",,,"",,,,"",,,"","","",,,"","",,,,,"","","",,,,,,,,,"",,,"",,,"",,,"",,,,,,,"","",,,"",,,"",,,"",,,0,4.7842,100,6.814,"space",6.8945,,"red_gnome","green_gnome",0,4,4,5,1,2,3,"",,,,,,,"",,,"","","",,,,,,,,"",,,,,"",,,,,"","","","",,,,,,"",,,,,"",,,,,"","",,,,,,"",,,,,,,
"","","",,"","","","","","","",,"","","","","","","",,"","","","","","","",,"","","","","",440478,1,"2024-02-20_10h25.18.089","experiment","2023.2.3","Win32",55.24861878,"6169ea2f9163a46bf5f356e2","65d473f163fad2a70bb049f3","65d47dd18e13c15dc0ab4448","",,,"",,,"",,,"",,,"",,,"",,,,,"",,,"","",,,,"",,,"","","",,,"","",,,,,"","","",,,,,,,,"",,,,,"",,,,,,,,,,,"","",,,,,"",,,"",,,,"",,,"","","",,,"","",,,,,"","","",,,,,,,,,"",,,"",,,"",,,"",,,,,,,"","",,,"",,,"",,,"",,,0,5.939,100,8.0534,"space",8.5698,,"brown_gnomes","purple_gnome",0,5,5,0,1,0,1,"",,,,,,,"",,,"","","",,,,,,,,"",,,,,"",,,,,"","","","",,,,,,"",,,,,"",,,,,"","",,,,,,"",,,,,,,
"","","",,"","","","","","","",,"","","","","","","",,"","","","","","","",,"","","","","",440478,1,"2024-02-20_10h25.18.089","experiment","2023.2.3","Win32",55.24861878,"6169ea2f9163a46bf5f356e2","65d473f163fad2a70bb049f3","65d47dd18e13c15dc0ab4448","",,,"",,,"",,,"",,,"",,,"",,,,,"",,,"","",,,,"",,,"","","",,,"","",,,,,"","","",,,,,,,,"",,,,,"",,,,,,,,,,,"","",,,,,"",,,"",,,,"",,,"","","",,,"","",,,,,"","","",,,,,,,,,"",,,"",,,"",,,"",,,,,,,"","",,,"",,,"",,,"",,,,,,,"",,,"","",,,,,,,,"space",20.0896,,75.13020833,6.8043,75.52083333,8.8024,"space",8.8273,,"purple_gnome","bright_forest","red_basket",0,0,0,2,1,1,0,"",,,,,"",,,,,"","","","",,,,,,"",,,,,"",,,,,"","",,,,,,"",,,,,,,
"","","",,"","","","","","","",,"","","","","","","",,"","","","","","","",,"","","","","",440478,1,"2024-02-20_10h25.18.089","experiment","2023.2.3","Win32",55.24861878,"6169ea2f9163a46bf5f356e2","65d473f163fad2a70bb049f3","65d47dd18e13c15dc0ab4448","",,,"",,,"",,,"",,,"",,,"",,,,,"",,,"","",,,,"",,,"","","",,,"","",,,,,"","","",,,,,,,,"",,,,,"",,,,,,,,,,,"","",,,,,"",,,"",,,,"",,,"","","",,,"","",,,,,"","","",,,,,,,,,"",,,"",,,"",,,"",,,,,,,"","",,,"",,,"",,,"",,,,,,,"",,,"","",,,,,,,,"",,,27.99479167,6.0046,71.09375,8.3852,"space",8.6406,,"brown_gnomes","bright_forest","red_basket",0,1,1,0,1,0,0,"",,,,,"",,,,,"","","","",,,,,,"",,,,,"",,,,,"","",,,,,,"",,,,,,,
"","","",,"","","","","","","",,"","","","","","","",,"","","","","","","",,"","","","","",440478,1,"2024-02-20_10h25.18.089","experiment","2023.2.3","Win32",55.24861878,"6169ea2f9163a46bf5f356e2","65d473f163fad2a70bb049f3","65d47dd18e13c15dc0ab4448","",,,"",,,"",,,"",,,"",,,"",,,,,"",,,"","",,,,"",,,"","","",,,"","",,,,,"","","",,,,,,,,"",,,,,"",,,,,,,,,,,"","",,,,,"",,,"",,,,"",,,"","","",,,"","",,,,,"","","",,,,,,,,,"",,,"",,,"",,,"",,,,,,,"","",,,"",,,"",,,"",,,,,,,"",,,"","",,,,,,,,"",,,33.984375,10.9763,59.765625,12.9908,"space",13.3068,,"red_gnome","dark_forest","yellow_basket",0,2,2,5,1,2,1,"",,,,,"",,,,,"","","","",,,,,,"",,,,,"",,,,,"","",,,,,,"",,,,,,,
"","","",,"","","","","","","",,"","","","","","","",,"","","","","","","",,"","","","","",440478,1,"2024-02-20_10h25.18.089","experiment","2023.2.3","Win32",55.24861878,"6169ea2f9163a46bf5f356e2","65d473f163fad2a70bb049f3","65d47dd18e13c15dc0ab4448","",,,"",,,"",,,"",,,"",,,"",,,,,"",,,"","",,,,"",,,"","","",,,"","",,,,,"","","",,,,,,,,"",,,,,"",,,,,,,,,,,"","",,,,,"",,,"",,,,"",,,"","","",,,"","",,,,,"","","",,,,,,,,,"",,,"",,,"",,,"",,,,,,,"","",,,"",,,"",,,"",,,,,,,"",,,"","",,,,,,,,"",,,62.890625,13.7766,36.19791667,15.8932,"space",15.9211,,"green_gnome","dark_forest","yellow_basket",0,3,3,7,1,3,1,"",,,,,"",,,,,"","","","",,,,,,"",,,,,"",,,,,"","",,,,,,"",,,,,,,
"","","",,"","","","","","","",,"","","","","","","",,"","","","","","","",,"","","","","",440478,1,"2024-02-20_10h25.18.089","experiment","2023.2.3","Win32",55.24861878,"6169ea2f9163a46bf5f356e2","65d473f163fad2a70bb049f3","65d47dd18e13c15dc0ab4448","",,,"",,,"",,,"",,,"",,,"",,,,,"",,,"","",,,,"",,,"","","",,,"","",,,,,"","","",,,,,,,,"",,,,,"",,,,,,,,,,,"","",,,,,"",,,"",,,,"",,,"","","",,,"","",,,,,"","","",,,,,,,,,"",,,"",,,"",,,"",,,,,,,"","",,,"",,,"",,,"",,,,,,,"",,,"","",,,,,,,,"",,,63.15104167,9.1681,39.453125,12.3314,"space",13.5959,,"brown_gnomes","dark_forest","yellow_basket",0,4,4,1,1,0,1,"",,,,,"",,,,,"","","","",,,,,,"",,,,,"",,,,,"","",,,,,,"",,,,,,,
"","","",,"","","","","","","",,"","","","","","","",,"","","","","","","",,"","","","","",440478,1,"2024-02-20_10h25.18.089","experiment","2023.2.3","Win32",55.24861878,"6169ea2f9163a46bf5f356e2","65d473f163fad2a70bb049f3","65d47dd18e13c15dc0ab4448","",,,"",,,"",,,"",,,"",,,"",,,,,"",,,"","",,,,"",,,"","","",,,"","",,,,,"","","",,,,,,,,"",,,,,"",,,,,,,,,,,"","",,,,,"",,,"",,,,"",,,"","","",,,"","",,,,,"","","",,,,,,,,,"",,,"",,,"",,,"",,,,,,,"","",,,"",,,"",,,"",,,,,,,"",,,"","",,,,,,,,"",,,100,4.6013,100,6.9981,"space",7.1649,,"red_gnome","bright_forest","red_basket",0,5,5,4,1,2,0,"",,,,,"",,,,,"","","","",,,,,,"",,,,,"",,,,,"","",,,,,,"",,,,,,,
"","","",,"","","","","","","",,"","","","","","","",,"","","","","","","",,"","","","","",440478,1,"2024-02-20_10h25.18.089","experiment","2023.2.3","Win32",55.24861878,"6169ea2f9163a46bf5f356e2","65d473f163fad2a70bb049f3","65d47dd18e13c15dc0ab4448","",,,"",,,"",,,"",,,"",,,"",,,,,"",,,"","",,,,"",,,"","","",,,"","",,,,,"","","",,,,,,,,"",,,,,"",,,,,,,,,,,"","",,,,,"",,,"",,,,"",,,"","","",,,"","",,,,,"","","",,,,,,,,,"",,,"",,,"",,,"",,,,,,,"","",,,"",,,"",,,"",,,,,,,"",,,"","",,,,,,,,"",,,14.97395833,10.2644,63.28125,13.0178,"space",13.1416,,"purple_gnome","dark_forest","yellow_basket",0,6,6,3,1,1,1,"",,,,,"",,,,,"","","","",,,,,,"",,,,,"",,,,,"","",,,,,,"",,,,,,,
"","","",,"","","","","","","",,"","","","","","","",,"","","","","","","",,"","","","","",440478,1,"2024-02-20_10h25.18.089","experiment","2023.2.3","Win32",55.24861878,"6169ea2f9163a46bf5f356e2","65d473f163fad2a70bb049f3","65d47dd18e13c15dc0ab4448","",,,"",,,"",,,"",,,"",,,"",,,,,"",,,"","",,,,"",,,"","","",,,"","",,,,,"","","",,,,,,,,"",,,,,"",,,,,,,,,,,"","",,,,,"",,,"",,,,"",,,"","","",,,"","",,,,,"","","",,,,,,,,,"",,,"",,,"",,,"",,,,,,,"","",,,"",,,"",,,"",,,,,,,"",,,"","",,,,,,,,"",,,0,5.5532,100,7.8757,"space",8.0517,,"green_gnome","bright_forest","red_basket",0,7,7,6,1,3,0,"",,,,,"",,,,,"","","","",,,,,,"",,,,,"",,,,,"","",,,,,,"",,,,,,,
"","","",,"","","","","","","",,"","","","","","","",,"","","","","","","",,"","","","","",440478,1,"2024-02-20_10h25.18.089","experiment","2023.2.3","Win32",55.24861878,"6169ea2f9163a46bf5f356e2","65d473f163fad2a70bb049f3","65d47dd18e13c15dc0ab4448","",,,"",,,"",,,"",,,"",,,"",,,,,"",,,"","",,,,"",,,"","","",,,"","",,,,,"","","",,,,,,,,"",,,,,"",,,,,,,,,,,"","",,,,,"",,,"",,,,"",,,"","","",,,"","",,,,,"","","",,,,,,,,,"",,,"",,,"",,,"",,,,,,,"","",,,"",,,"",,,"",,,,,,,"",,,"","",,,,,,,,"",,,,,,,"",,,"","","",,,,,,,,"space",15.9877,,82.29166667,8.1698,"space",11.4595,,69.27083333,11.1303,"bright_forest","dark_forest","red_basket","yellow_basket",0,0,0,0,1,"",,,,,"",,,,,"","",,,,,,"",,,,,,,
"","","",,"","","","","","","",,"","","","","","","",,"","","","","","","",,"","","","","",440478,1,"2024-02-20_10h25.18.089","experiment","2023.2.3","Win32",55.24861878,"6169ea2f9163a46bf5f356e2","65d473f163fad2a70bb049f3","65d47dd18e13c15dc0ab4448","",,,"",,,"",,,"",,,"",,,"",,,,,"",,,"","",,,,"",,,"","","",,,"","",,,,,"","","",,,,,,,,"",,,,,"",,,,,,,,,,,"","",,,,,"",,,"",,,,"",,,"","","",,,"","",,,,,"","","",,,,,,,,,"",,,"",,,"",,,"",,,,,,,"","",,,"",,,"",,,"",,,,,,,"",,,"","",,,,,,1,3,"",,,,,,,"",,,"","","",,,,,,,,"",,,,,"",,,,,"","","","",,,,,,"space",7.894,,0,4.3472,"space",7.8656,,76.82291667,7.7752,"green_gnome","purple_gnome",0,0,0,4,1,"",,,,,,,
"","","",,"","","","","","","",,"","","","","","","",,"","","","","","","",,"","","","","",440478,1,"2024-02-20_10h25.18.089","experiment","2023.2.3","Win32",55.24861878,"6169ea2f9163a46bf5f356e2","65d473f163fad2a70bb049f3","65d47dd18e13c15dc0ab4448","",,,"",,,"",,,"",,,"",,,"",,,,,"",,,"","",,,,"",,,"","","",,,"","",,,,,"","","",,,,,,,,"",,,,,"",,,,,,,,,,,"","",,,,,"",,,"",,,,"",,,"","","",,,"","",,,,,"","","",,,,,,,,,"",,,"",,,"",,,"",,,,,,,"","",,,"",,,"",,,"",,,,,,,"",,,"","",,,,,,0,3,"",,,,,,,"",,,"","","",,,,,,,,"",,,,,"",,,,,"","","","",,,,,,"",,,0,5.058,"space",8.0789,,74.609375,7.3751,"green_gnome","brown_gnomes",0,1,1,2,1,"",,,,,,,
"","","",,"","","","","","","",,"","","","","","","",,"","","","","","","",,"","","","","",440478,1,"2024-02-20_10h25.18.089","experiment","2023.2.3","Win32",55.24861878,"6169ea2f9163a46bf5f356e2","65d473f163fad2a70bb049f3","65d47dd18e13c15dc0ab4448","",,,"",,,"",,,"",,,"",,,"",,,,,"",,,"","",,,,"",,,"","","",,,"","",,,,,"","","",,,,,,,,"",,,,,"",,,,,,,,,,,"","",,,,,"",,,"",,,,"",,,"","","",,,"","",,,,,"","","",,,,,,,,,"",,,"",,,"",,,"",,,,,,,"","",,,"",,,"",,,"",,,,,,,"",,,"","",,,,,,2,3,"",,,,,,,"",,,"","","",,,,,,,,"",,,,,"",,,,,"","","","",,,,,,"",,,0,4.2485,"space",6.6067,,77.08333333,6.4834,"green_gnome","red_gnome",0,2,2,5,1,"",,,,,,,
"","","",,"","","","","","","",,"","","","","","","",,"","","","","","","",,"","","","","",440478,1,"2024-02-20_10h25.18.089","experiment","2023.2.3","Win32",55.24861878,"6169ea2f9163a46bf5f356e2","65d473f163fad2a70bb049f3","65d47dd18e13c15dc0ab4448","",,,"",,,"",,,"",,,"",,,"",,,,,"",,,"","",,,,"",,,"","","",,,"","",,,,,"","","",,,,,,,,"",,,,,"",,,,,,,,,,,"","",,,,,"",,,"",,,,"",,,"","","",,,"","",,,,,"","","",,,,,,,,,"",,,"",,,"",,,"",,,,,,,"","",,,"",,,"",,,"",,,,,,,"",,,"","",,,,,,0,2,"",,,,,,,"",,,"","","",,,,,,,,"",,,,,"",,,,,"","","","",,,,,,"",,,0,3.4191,"space",6.0689,,77.47395833,6.013,"red_gnome","brown_gnomes",0,3,3,1,1,"",,,,,,,
"","","",,"","","","","","","",,"","","","","","","",,"","","","","","","",,"","","","","",440478,1,"2024-02-20_10h25.18.089","experiment","2023.2.3","Win32",55.24861878,"6169ea2f9163a46bf5f356e2","65d473f163fad2a70bb049f3","65d47dd18e13c15dc0ab4448","",,,"",,,"",,,"",,,"",,,"",,,,,"",,,"","",,,,"",,,"","","",,,"","",,,,,"","","",,,,,,,,"",,,,,"",,,,,,,,,,,"","",,,,,"",,,"",,,,"",,,"","","",,,"","",,,,,"","","",,,,,,,,,"",,,"",,,"",,,"",,,,,,,"","",,,"",,,"",,,"",,,,,,,"",,,"","",,,,,,0,1,"",,,,,,,"",,,"","","",,,,,,,,"",,,,,"",,,,,"","","","",,,,,,"",,,17.05729167,8.1883,"space",11.6096,,35.67708333,10.8662,"purple_gnome","brown_gnomes",0,4,4,0,1,"",,,,,,,
"","","",,"","","","","","","",,"","","","","","","",,"","","","","","","",,"","","","","",440478,1,"2024-02-20_10h25.18.089","experiment","2023.2.3","Win32",55.24861878,"6169ea2f9163a46bf5f356e2","65d473f163fad2a70bb049f3","65d47dd18e13c15dc0ab4448","",,,"",,,"",,,"",,,"",,,"",,,,,"",,,"","",,,,"",,,"","","",,,"","",,,,,"","","",,,,,,,,"",,,,,"",,,,,,,,,,,"","",,,,,"",,,"",,,,"",,,"","","",,,"","",,,,,"","","",,,,,,,,,"",,,"",,,"",,,"",,,,,,,"","",,,"",,,"",,,"",,,,,,,"",,,"","",,,,,,1,2,"",,,,,,,"",,,"","","",,,,,,,,"",,,,,"",,,,,"","","","",,,,,,"",,,100,7.7388,"space",10.8672,,64.0625,10.7609,"purple_gnome","red_gnome",0,5,5,3,1,"",,,,,,,
"","","",,"","","","","","","",,"","","","","","","",,"","","","","","","",,"","","","","",440478,1,"2024-02-20_10h25.18.089","experiment","2023.2.3","Win32",55.24861878,"6169ea2f9163a46bf5f356e2","65d473f163fad2a70bb049f3","65d47dd18e13c15dc0ab4448","",,,"",,,"",,,"",,,"",,,"",,,,,"",,,"","",,,,"",,,"","","",,,"","",,,,,"","","",,,,,,,,"",,,,,"",,,,,,,,,,,"","",,,,,"",,,"",,,,"",,,"","","",,,"","",,,,,"","","",,,,,,,,,"",,,"",,,"",,,"",,,,,,,"","",,,"",,,"",,,"",,,,,,,"",,,"","",,,,,,,,"",,,,,,,"",,,"","","",,,,,,,,"",,,,,"",,,,,"","","","",,,,,,"",,,,,"",,,,,"","",,,,,,"space",24.3401,,0,0,0,0,1
