version https://git-lfs.github.com/spec/v1
oid sha256:8211505ff61ddf10ba0080c86e57b1c837a46cf748335f4d6282f9b4a65a926b
size 25554
