version https://git-lfs.github.com/spec/v1
oid sha256:70e1756a9b2330e8d0e1381202a60c422dd28aa826729cd9f8f3280d973993f1
size 258548
