version https://git-lfs.github.com/spec/v1
oid sha256:91d530f873dd41fd8150dbfe54d45f1edda58de6228f2bab3f54f9f4ec9b0ab1
size 1336
