version https://git-lfs.github.com/spec/v1
oid sha256:8be5b6374bc377d5ce17d9b8753f566b94bb5d6760806e5bba9291c6b3d4af41
size 2164
