"stim1_name","stim1_file","stim1_pair","stim1_deact_file","stim1_step2_name","stim1_step2_file","stim1_step2_basket_name","stim1_step2_basket_file","stim2_name","stim2_file","stim2_pair","stim2_deact_file","stim2_step2_name","stim2_step2_file","stim2_step2_basket_name","stim2_step2_basket_file","stim3_name","stim3_file","stim3_pair","stim3_deact_file","stim3_step2_name","stim3_step2_file","stim3_step2_basket_name","stim3_step2_basket_file","stim4_name","stim4_file","stim4_pair","stim4_deact_file","stim4_step2_name","stim4_step2_file","stim4_step2_basket_name","stim4_step2_basket_file","stim5_name","stim5_file","stim5_pair","stim5_deact_file","stim5_step2_name","stim5_step2_file","stim5_step2_basket_name","stim5_step2_basket_file","stim6_name","stim6_file","stim6_pair","stim6_deact_file","stim6_step2_name","stim6_step2_file","stim6_step2_basket_name","stim6_step2_basket_file","stim7_name","stim7_file","stim7_pair","stim7_deact_file","stim7_step2_name","stim7_step2_file","stim7_step2_basket_name","stim7_step2_basket_file","stim8_name","stim8_file","stim8_pair","stim8_deact_file","stim8_step2_name","stim8_step2_file","stim8_step2_basket_name","stim8_step2_basket_file","participant","session","date","expName","psychopyVersion","OS","frameRate","PROLIFIC_PID","STUDY_ID","SESSION_ID","consent_keyresp.keys","consent_keyresp.rt","consent_keyresp.duration","global_instructions1_key.keys","global_instructions1_key.rt","global_instructions1_key.duration","global_instructions2_key.keys","global_instructions2_key.rt","global_instructions2_key.duration","global_instructions3_key.keys","global_instructions3_key.rt","global_instructions3_key.duration","global_instructions4_key.keys","global_instructions4_key.rt","global_instructions4_key.duration","stake_instructions_key.keys","stake_instructions_key.rt","stake_instructions_key.duration","global_instructions5_key.keys","global_instructions5_key.rt","global_instructions5_key.duration","p_fixation_2.started","p_fixation_2.stopped","p_step1_keyresp.keys","p_step1_keyresp.rt","p_step1_keyresp.duration","p_step2_keyresp.keys","p_step2_keyresp.rt","p_step2_keyresp.duration","p_step1_pair_index","p_step1_stimLeft_name","p_step1_stimLeft_pair","p_step1_stimLeft_reward","p_step1_stimLeft_step2Stim","p_step1_stimLeft_step2Basket","p_step1_stimRight_name","p_step1_stimRight_pair","p_step1_stimRight_reward","p_step1_stimRight_step2Stim","p_step1_stimRight_step2Basket","p_points","t_mult","p_fail_step1","p_fail_step2","p_reward_flag","p_step1_choice","p_step2_stim","p_step2_basket","p_score","practice.thisRepN","practice.thisTrialN","practice.thisN","practice.thisIndex","practice.ran","pair_index","p_mult","t_instructions_keyresp.keys","t_instructions_keyresp.rt","t_instructions_keyresp.duration","t_instructions_recording_keyresp.keys","t_instructions_recording_keyresp.rt","t_instructions_recording_keyresp.duration","t_step1_keyresp.keys","t_step1_keyresp.rt","t_step1_keyresp.duration","t_step2_keyresp.keys","t_step2_keyresp.rt","t_step2_keyresp.duration","t_step1_pair_index","t_step1_stimLeft_name","t_step1_stimLeft_pair","t_step1_stimLeft_reward","t_step1_stimLeft_step2Stim","t_step1_stimLeft_step2Basket","t_step1_stimRight_name","t_step1_stimRight_pair","t_step1_stimRight_reward","t_step1_stimRight_step2Stim","t_step1_stimRight_step2Basket","t_points","t_fail_step1","t_fail_step2","t_reward_flag","t_step1_choice","t_step2_stim","t_step2_basket","globa_score","t_data_stimWalk0","t_data_stimWalk1","trials.thisRepN","trials.thisTrialN","trials.thisN","trials.thisIndex","trials.ran","break_key_resp.keys","break_key_resp.rt","break_key_resp.duration","pl_global_instructions_keyresp.keys","pl_global_instructions_keyresp.rt","pl_global_instructions_keyresp.duration","pl1_instructions1_keyresp.keys","pl1_instructions1_keyresp.rt","pl1_instructions1_keyresp.duration","pl1_instructions2_keyresp.keys","pl1_instructions2_keyresp.rt","pl1_instructions2_keyresp.duration","pl1_instructions3_keyresp.keys","pl1_instructions3_keyresp.rt","pl1_instructions3_keyresp.duration","pl1_instructions4_keyresp.keys","pl1_instructions4_keyresp.rt","pl1_instructions4_keyresp.duration","pl1_task_lickert.response","pl1_task_lickert.rt","pl1_task_confidence_lickert.response","pl1_task_confidence_lickert.rt","pl1_task_keyresp.keys","pl1_task_keyresp.rt","pl1_task_keyresp.duration","pl1_task_stimLeft","pl1_task_stimRight","pl1_loop.thisRepN","pl1_loop.thisTrialN","pl1_loop.thisN","pl1_loop.thisIndex","pl1_loop.ran","stimLeft_index","stimRight_index","pl2_instructions_keyresp.keys","pl2_instructions_keyresp.rt","pl2_instructions_keyresp.duration","pl2_task_lickert.response","pl2_task_lickert.rt","pl2_task_confidence_lickert.response","pl2_task_confidence_lickert.rt","pl2_task_keyresp.keys","pl2_task_keyresp.rt","pl2_task_keyresp.duration","pl2_task_gnome","pl2_task_forest","pl2_task_basket","pl2_loop.thisRepN","pl2_loop.thisTrialN","pl2_loop.thisN","pl2_loop.thisIndex","pl2_loop.ran","gnome_id","forest_id","end_keyresp.keys","end_keyresp.rt","end_keyresp.duration","show_trials.thisRepN","show_trials.thisTrialN","show_trials.thisN","show_trials.thisIndex","show_trials.ran"
"brown_gnome","ressources/step1_stim1.png",4,"ressources/step1_tallGnome_deact.png","bright_forest","ressources/step2_background1.png","yellow_basket","ressources/step2_stim1.png","purple_gnome","ressources/step1_stim2.png",3,"ressources/step1_tallGnome_deact.png","dark_forest","ressources/step2_background2.png","red_basket","ressources/step2_stim2.png","pink_gnome","ressources/step1_stim3.png",1,"ressources/step1_tallGnome_deact.png","bright_forest","ressources/step2_background1.png","yellow_basket","ressources/step2_stim1.png","blue_gnome","ressources/step1_stim4.png",3,"ressources/step1_tallGnome_deact.png","bright_forest","ressources/step2_background1.png","yellow_basket","ressources/step2_stim1.png","green_gnome","ressources/step1_stim5.png",1,"ressources/step1_smallGnome_deact.png","dark_forest","ressources/step2_background2.png","red_basket","ressources/step2_stim2.png","red_gnome","ressources/step1_stim6.png",2,"ressources/step1_smallGnome_deact.png","dark_forest","ressources/step2_background2.png","red_basket","ressources/step2_stim2.png","yellow_gnome","ressources/step1_stim7.png",2,"ressources/step1_smallGnome_deact.png","bright_forest","ressources/step2_background1.png","yellow_basket","ressources/step2_stim1.png","orange_gnome","ressources/step1_stim8.png",4,"ressources/step1_smallGnome_deact.png","dark_forest","ressources/step2_background2.png","red_basket","ressources/step2_stim2.png",845078,1,"2024-10-01_17h18.45.455","experiment","2023.2.3","Win32",71.42857143,"612569afac9baa5313aa08a7","66fbf9d935dbf9e9cfd29582","66fc20c8c0f88e30e1da8b2e","",,,"",,,"",,,"",,,"",,,"",,,"",,,,,"",,,"",,,,"",,,"","","",,,"","",,,,,,"","","",,,,,,,,,"",,,"",,,"",,,"",,,,"",,,"","","",,,"","",,,,,"","","",,,,,,,,,"",,,"",,,"",,,"",,,"",,,"",,,,,,,"",,,"","",,,,,,,,"",,,,,,,"",,,"","","",,,,,,,,"",,,,,,,
"","",,"","","","","","","",,"","","","","","","",,"","","","","","","",,"","","","","","","",,"","","","","","","",,"","","","","","","",,"","","","","","","",,"","","","","",845078,1,"2024-10-01_17h18.45.455","experiment","2023.2.3","Win32",71.42857143,"612569afac9baa5313aa08a7","66fbf9d935dbf9e9cfd29582","66fc20c8c0f88e30e1da8b2e","y",6.7546,,"",,,"",,,"",,,"",,,"",,,"",,,,,"",,,"",,,,"",,,"","","",,,"","",,,,,,"","","",,,,,,,,,"",,,"",,,"",,,"",,,,"",,,"","","",,,"","",,,,,"","","",,,,,,,,,"",,,"",,,"",,,"",,,"",,,"",,,,,,,"",,,"","",,,,,,,,"",,,,,,,"",,,"","","",,,,,,,,"",,,,,,,
"","",,"","","","","","","",,"","","","","","","",,"","","","","","","",,"","","","","","","",,"","","","","","","",,"","","","","","","",,"","","","","","","",,"","","","","",845078,1,"2024-10-01_17h18.45.455","experiment","2023.2.3","Win32",71.42857143,"612569afac9baa5313aa08a7","66fbf9d935dbf9e9cfd29582","66fc20c8c0f88e30e1da8b2e","",,,"space",4.0919,,"space",11.3145,,"space",10.1141,,"space",12.5933,,"space",14.7868,,"space",16.3492,,77.5409,78.0447,"k",1.1191,,"space",0.4307,,1,"p_green_gnome",1,0,"p_green_forest","p_green_basket","p_blue_gnome",1,5,"p_yellow_forest","p_blue_basket",5,1,0,0,1,"p_blue_gnome","p_yellow_forest","p_blue_basket",5,0,0,0,0,1,1,1,"",,,"",,,"",,,"",,,,"",,,"","","",,,"","",,,,,"","","",,,,,,,,,"",,,"",,,"",,,"",,,"",,,"",,,,,,,"",,,"","",,,,,,,,"",,,,,,,"",,,"","","",,,,,,,,"",,,,,,,
"","",,"","","","","","","",,"","","","","","","",,"","","","","","","",,"","","","","","","",,"","","","","","","",,"","","","","","","",,"","","","","","","",,"","","","","",845078,1,"2024-10-01_17h18.45.455","experiment","2023.2.3","Win32",71.42857143,"612569afac9baa5313aa08a7","66fbf9d935dbf9e9cfd29582","66fc20c8c0f88e30e1da8b2e","",,,"",,,"",,,"",,,"",,,"",,,"",,,84.0926,84.5965,"s",0.6946,,"space",0.4974,,1,"p_blue_gnome",1,5,"p_yellow_forest","p_blue_basket","p_green_gnome",1,0,"p_green_forest","p_green_basket",25,5,0,0,1,"p_blue_gnome","p_yellow_forest","p_blue_basket",30,0,1,1,2,1,1,5,"",,,"",,,"",,,"",,,,"",,,"","","",,,"","",,,,,"","","",,,,,,,,,"",,,"",,,"",,,"",,,"",,,"",,,,,,,"",,,"","",,,,,,,,"",,,,,,,"",,,"","","",,,,,,,,"",,,,,,,
"","",,"","","","","","","",,"","","","","","","",,"","","","","","","",,"","","","","","","",,"","","","","","","",,"","","","","","","",,"","","","","","","",,"","","","","",845078,1,"2024-10-01_17h18.45.455","experiment","2023.2.3","Win32",71.42857143,"612569afac9baa5313aa08a7","66fbf9d935dbf9e9cfd29582","66fc20c8c0f88e30e1da8b2e","",,,"",,,"",,,"",,,"",,,"",,,"",,,90.6268,91.1328,"k",0.4773,,"space",0.3513,,1,"p_blue_gnome",1,5,"p_yellow_forest","p_blue_basket","p_green_gnome",1,0,"p_green_forest","p_green_basket",0,5,0,0,1,"p_green_gnome","p_green_forest","p_green_basket",30,0,2,2,2,1,1,5,"",,,"",,,"",,,"",,,,"",,,"","","",,,"","",,,,,"","","",,,,,,,,,"",,,"",,,"",,,"",,,"",,,"",,,,,,,"",,,"","",,,,,,,,"",,,,,,,"",,,"","","",,,,,,,,"",,,,,,,
"","",,"","","","","","","",,"","","","","","","",,"","","","","","","",,"","","","","","","",,"","","","","","","",,"","","","","","","",,"","","","","","","",,"","","","","",845078,1,"2024-10-01_17h18.45.455","experiment","2023.2.3","Win32",71.42857143,"612569afac9baa5313aa08a7","66fbf9d935dbf9e9cfd29582","66fc20c8c0f88e30e1da8b2e","",,,"",,,"",,,"",,,"",,,"",,,"",,,97.1609,97.6668,"k",1.0581,,"space",0.3518,,2,"p_orange_gnome",2,0,"p_green_forest","p_green_basket","p_pink_gnome",2,5,"p_yellow_forest","p_blue_basket",25,5,0,0,1,"p_pink_gnome","p_yellow_forest","p_blue_basket",55,0,3,3,3,1,2,5,"",,,"",,,"",,,"",,,,"",,,"","","",,,"","",,,,,"","","",,,,,,,,,"",,,"",,,"",,,"",,,"",,,"",,,,,,,"",,,"","",,,,,,,,"",,,,,,,"",,,"","","",,,,,,,,"",,,,,,,
"","",,"","","","","","","",,"","","","","","","",,"","","","","","","",,"","","","","","","",,"","","","","","","",,"","","","","","","",,"","","","","","","",,"","","","","",845078,1,"2024-10-01_17h18.45.455","experiment","2023.2.3","Win32",71.42857143,"612569afac9baa5313aa08a7","66fbf9d935dbf9e9cfd29582","66fc20c8c0f88e30e1da8b2e","",,,"",,,"",,,"",,,"",,,"",,,"",,,103.7127,104.2141,"s",0.7459,,"space",0.3104,,2,"p_pink_gnome",2,6,"p_yellow_forest","p_blue_basket","p_orange_gnome",2,1,"p_green_forest","p_green_basket",30,5,0,0,1,"p_pink_gnome","p_yellow_forest","p_blue_basket",85,1,0,4,3,1,2,5,"",,,"",,,"",,,"",,,,"",,,"","","",,,"","",,,,,"","","",,,,,,,,,"",,,"",,,"",,,"",,,"",,,"",,,,,,,"",,,"","",,,,,,,,"",,,,,,,"",,,"","","",,,,,,,,"",,,,,,,
"","",,"","","","","","","",,"","","","","","","",,"","","","","","","",,"","","","","","","",,"","","","","","","",,"","","","","","","",,"","","","","","","",,"","","","","",845078,1,"2024-10-01_17h18.45.455","experiment","2023.2.3","Win32",71.42857143,"612569afac9baa5313aa08a7","66fbf9d935dbf9e9cfd29582","66fc20c8c0f88e30e1da8b2e","",,,"",,,"",,,"",,,"",,,"",,,"",,,110.2484,110.7549,"s",0.6788,,"space",0.2683,,1,"p_blue_gnome",1,6,"p_yellow_forest","p_blue_basket","p_green_gnome",1,1,"p_green_forest","p_green_basket",30,5,0,0,1,"p_blue_gnome","p_yellow_forest","p_blue_basket",115,1,1,5,2,1,1,5,"",,,"",,,"",,,"",,,,"",,,"","","",,,"","",,,,,"","","",,,,,,,,,"",,,"",,,"",,,"",,,"",,,"",,,,,,,"",,,"","",,,,,,,,"",,,,,,,"",,,"","","",,,,,,,,"",,,,,,,
"","",,"","","","","","","",,"","","","","","","",,"","","","","","","",,"","","","","","","",,"","","","","","","",,"","","","","","","",,"","","","","","","",,"","","","","",845078,1,"2024-10-01_17h18.45.455","experiment","2023.2.3","Win32",71.42857143,"612569afac9baa5313aa08a7","66fbf9d935dbf9e9cfd29582","66fc20c8c0f88e30e1da8b2e","",,,"",,,"",,,"",,,"",,,"",,,"",,,116.7907,117.2955,"k",0.5118,,"space",0.157,,2,"p_pink_gnome",2,6,"p_yellow_forest","p_blue_basket","p_orange_gnome",2,1,"p_green_forest","p_green_basket",1,1,0,0,1,"p_orange_gnome","p_green_forest","p_green_basket",116,1,2,6,1,1,2,1,"",,,"",,,"",,,"",,,,"",,,"","","",,,"","",,,,,"","","",,,,,,,,,"",,,"",,,"",,,"",,,"",,,"",,,,,,,"",,,"","",,,,,,,,"",,,,,,,"",,,"","","",,,,,,,,"",,,,,,,
"","",,"","","","","","","",,"","","","","","","",,"","","","","","","",,"","","","","","","",,"","","","","","","",,"","","","","","","",,"","","","","","","",,"","","","","",845078,1,"2024-10-01_17h18.45.455","experiment","2023.2.3","Win32",71.42857143,"612569afac9baa5313aa08a7","66fbf9d935dbf9e9cfd29582","66fc20c8c0f88e30e1da8b2e","",,,"",,,"",,,"",,,"",,,"",,,"",,,123.3356,123.8361,"k",0.4704,,"space",0.2957,,2,"p_orange_gnome",2,1,"p_green_forest","p_green_basket","p_pink_gnome",2,6,"p_yellow_forest","p_blue_basket",6,1,0,0,1,"p_pink_gnome","p_yellow_forest","p_blue_basket",122,1,3,7,1,1,2,1,"",,,"",,,"",,,"",,,,"",,,"","","",,,"","",,,,,"","","",,,,,,,,,"",,,"",,,"",,,"",,,"",,,"",,,,,,,"",,,"","",,,,,,,,"",,,,,,,"",,,"","","",,,,,,,,"",,,,,,,
"","",,"","","","","","","",,"","","","","","","",,"","","","","","","",,"","","","","","","",,"","","","","","","",,"","","","","","","",,"","","","","","","",,"","","","","",845078,1,"2024-10-01_17h18.45.455","experiment","2023.2.3","Win32",71.42857143,"612569afac9baa5313aa08a7","66fbf9d935dbf9e9cfd29582","66fc20c8c0f88e30e1da8b2e","",,,"",,,"",,,"",,,"",,,"",,,"",,,129.8778,130.3842,"s",0.6517,,"space",0.6709,,2,"p_pink_gnome",2,7,"p_yellow_forest","p_blue_basket","p_orange_gnome",2,2,"p_green_forest","p_green_basket",7,1,0,0,1,"p_pink_gnome","p_yellow_forest","p_blue_basket",129,2,0,8,1,1,2,1,"",,,"",,,"",,,"",,,,"",,,"","","",,,"","",,,,,"","","",,,,,,,,,"",,,"",,,"",,,"",,,"",,,"",,,,,,,"",,,"","",,,,,,,,"",,,,,,,"",,,"","","",,,,,,,,"",,,,,,,
"","",,"","","","","","","",,"","","","","","","",,"","","","","","","",,"","","","","","","",,"","","","","","","",,"","","","","","","",,"","","","","","","",,"","","","","",845078,1,"2024-10-01_17h18.45.455","experiment","2023.2.3","Win32",71.42857143,"612569afac9baa5313aa08a7","66fbf9d935dbf9e9cfd29582","66fc20c8c0f88e30e1da8b2e","",,,"",,,"",,,"",,,"",,,"",,,"",,,136.4256,136.9316,"s",0.6174,,"space",0.1728,,2,"p_pink_gnome",2,7,"p_yellow_forest","p_blue_basket","p_orange_gnome",2,2,"p_green_forest","p_green_basket",7,1,0,0,1,"p_pink_gnome","p_yellow_forest","p_blue_basket",136,2,1,9,1,1,2,1,"",,,"",,,"",,,"",,,,"",,,"","","",,,"","",,,,,"","","",,,,,,,,,"",,,"",,,"",,,"",,,"",,,"",,,,,,,"",,,"","",,,,,,,,"",,,,,,,"",,,"","","",,,,,,,,"",,,,,,,
"","",,"","","","","","","",,"","","","","","","",,"","","","","","","",,"","","","","","","",,"","","","","","","",,"","","","","","","",,"","","","","","","",,"","","","","",845078,1,"2024-10-01_17h18.45.455","experiment","2023.2.3","Win32",71.42857143,"612569afac9baa5313aa08a7","66fbf9d935dbf9e9cfd29582","66fc20c8c0f88e30e1da8b2e","",,,"",,,"",,,"",,,"",,,"",,,"",,,142.9561,143.4582,"s",0.4288,,"space",0.3278,,2,"p_pink_gnome",2,7,"p_yellow_forest","p_blue_basket","p_orange_gnome",2,2,"p_green_forest","p_green_basket",35,5,0,0,1,"p_pink_gnome","p_yellow_forest","p_blue_basket",171,2,2,10,3,1,2,5,"",,,"",,,"",,,"",,,,"",,,"","","",,,"","",,,,,"","","",,,,,,,,,"",,,"",,,"",,,"",,,"",,,"",,,,,,,"",,,"","",,,,,,,,"",,,,,,,"",,,"","","",,,,,,,,"",,,,,,,
"","",,"","","","","","","",,"","","","","","","",,"","","","","","","",,"","","","","","","",,"","","","","","","",,"","","","","","","",,"","","","","","","",,"","","","","",845078,1,"2024-10-01_17h18.45.455","experiment","2023.2.3","Win32",71.42857143,"612569afac9baa5313aa08a7","66fbf9d935dbf9e9cfd29582","66fc20c8c0f88e30e1da8b2e","",,,"",,,"",,,"",,,"",,,"",,,"",,,149.4902,149.9924,"s",0.512,,"space",0.3725,,1,"p_blue_gnome",1,7,"p_yellow_forest","p_blue_basket","p_green_gnome",1,2,"p_green_forest","p_green_basket",35,5,0,0,1,"p_blue_gnome","p_yellow_forest","p_blue_basket",206,2,3,11,2,1,1,5,"",,,"",,,"",,,"",,,,"",,,"","","",,,"","",,,,,"","","",,,,,,,,,"",,,"",,,"",,,"",,,"",,,"",,,,,,,"",,,"","",,,,,,,,"",,,,,,,"",,,"","","",,,,,,,,"",,,,,,,
"","",,"","","","","","","",,"","","","","","","",,"","","","","","","",,"","","","","","","",,"","","","","","","",,"","","","","","","",,"","","","","","","",,"","","","","",845078,1,"2024-10-01_17h18.45.455","experiment","2023.2.3","Win32",71.42857143,"612569afac9baa5313aa08a7","66fbf9d935dbf9e9cfd29582","66fc20c8c0f88e30e1da8b2e","",,,"",,,"",,,"",,,"",,,"",,,"",,,156.0252,156.5259,"k",0.5396,,"space",0.4068,,1,"p_green_gnome",1,3,"p_green_forest","p_green_basket","p_blue_gnome",1,8,"p_yellow_forest","p_blue_basket",40,5,0,0,1,"p_blue_gnome","p_yellow_forest","p_blue_basket",246,3,0,12,2,1,1,5,"",,,"",,,"",,,"",,,,"",,,"","","",,,"","",,,,,"","","",,,,,,,,,"",,,"",,,"",,,"",,,"",,,"",,,,,,,"",,,"","",,,,,,,,"",,,,,,,"",,,"","","",,,,,,,,"",,,,,,,
"","",,"","","","","","","",,"","","","","","","",,"","","","","","","",,"","","","","","","",,"","","","","","","",,"","","","","","","",,"","","","","","","",,"","","","","",845078,1,"2024-10-01_17h18.45.455","experiment","2023.2.3","Win32",71.42857143,"612569afac9baa5313aa08a7","66fbf9d935dbf9e9cfd29582","66fc20c8c0f88e30e1da8b2e","",,,"",,,"",,,"",,,"",,,"",,,"",,,162.5589,163.0598,"s",0.4335,,"space",0.2406,,2,"p_orange_gnome",2,3,"p_green_forest","p_green_basket","p_pink_gnome",2,8,"p_yellow_forest","p_blue_basket",3,1,0,0,1,"p_orange_gnome","p_green_forest","p_green_basket",249,3,1,13,1,1,2,1,"",,,"",,,"",,,"",,,,"",,,"","","",,,"","",,,,,"","","",,,,,,,,,"",,,"",,,"",,,"",,,"",,,"",,,,,,,"",,,"","",,,,,,,,"",,,,,,,"",,,"","","",,,,,,,,"",,,,,,,
"","",,"","","","","","","",,"","","","","","","",,"","","","","","","",,"","","","","","","",,"","","","","","","",,"","","","","","","",,"","","","","","","",,"","","","","",845078,1,"2024-10-01_17h18.45.455","experiment","2023.2.3","Win32",71.42857143,"612569afac9baa5313aa08a7","66fbf9d935dbf9e9cfd29582","66fc20c8c0f88e30e1da8b2e","",,,"",,,"",,,"",,,"",,,"",,,"",,,169.0922,169.5984,"s",0.5934,,"space",0.2198,,2,"p_pink_gnome",2,8,"p_yellow_forest","p_blue_basket","p_orange_gnome",2,3,"p_green_forest","p_green_basket",40,5,0,0,1,"p_pink_gnome","p_yellow_forest","p_blue_basket",289,3,2,14,3,1,2,5,"",,,"",,,"",,,"",,,,"",,,"","","",,,"","",,,,,"","","",,,,,,,,,"",,,"",,,"",,,"",,,"",,,"",,,,,,,"",,,"","",,,,,,,,"",,,,,,,"",,,"","","",,,,,,,,"",,,,,,,
"","",,"","","","","","","",,"","","","","","","",,"","","","","","","",,"","","","","","","",,"","","","","","","",,"","","","","","","",,"","","","","","","",,"","","","","",845078,1,"2024-10-01_17h18.45.455","experiment","2023.2.3","Win32",71.42857143,"612569afac9baa5313aa08a7","66fbf9d935dbf9e9cfd29582","66fc20c8c0f88e30e1da8b2e","",,,"",,,"",,,"",,,"",,,"",,,"",,,175.6339,176.141,"s",0.5818,,"space",0.2482,,2,"p_pink_gnome",2,8,"p_yellow_forest","p_blue_basket","p_orange_gnome",2,3,"p_green_forest","p_green_basket",40,5,0,0,1,"p_pink_gnome","p_yellow_forest","p_blue_basket",329,3,3,15,3,1,2,5,"",,,"",,,"",,,"",,,,"",,,"","","",,,"","",,,,,"","","",,,,,,,,,"",,,"",,,"",,,"",,,"",,,"",,,,,,,"",,,"","",,,,,,,,"",,,,,,,"",,,"","","",,,,,,,,"",,,,,,,
"","",,"","","","","","","",,"","","","","","","",,"","","","","","","",,"","","","","","","",,"","","","","","","",,"","","","","","","",,"","","","","","","",,"","","","","",845078,1,"2024-10-01_17h18.45.455","experiment","2023.2.3","Win32",71.42857143,"612569afac9baa5313aa08a7","66fbf9d935dbf9e9cfd29582","66fc20c8c0f88e30e1da8b2e","",,,"",,,"",,,"",,,"",,,"",,,"",,,182.1745,182.6749,"k",0.6723,,"space",0.4139,,1,"p_green_gnome",1,4,"p_green_forest","p_green_basket","p_blue_gnome",1,9,"p_yellow_forest","p_blue_basket",9,1,0,0,1,"p_blue_gnome","p_yellow_forest","p_blue_basket",338,4,0,16,0,1,1,1,"",,,"",,,"",,,"",,,,"",,,"","","",,,"","",,,,,"","","",,,,,,,,,"",,,"",,,"",,,"",,,"",,,"",,,,,,,"",,,"","",,,,,,,,"",,,,,,,"",,,"","","",,,,,,,,"",,,,,,,
"","",,"","","","","","","",,"","","","","","","",,"","","","","","","",,"","","","","","","",,"","","","","","","",,"","","","","","","",,"","","","","","","",,"","","","","",845078,1,"2024-10-01_17h18.45.455","experiment","2023.2.3","Win32",71.42857143,"612569afac9baa5313aa08a7","66fbf9d935dbf9e9cfd29582","66fc20c8c0f88e30e1da8b2e","",,,"",,,"",,,"",,,"",,,"",,,"",,,188.708,189.2087,"s",0.5612,,"space",0.4843,,1,"p_blue_gnome",1,9,"p_yellow_forest","p_blue_basket","p_green_gnome",1,4,"p_green_forest","p_green_basket",9,1,0,0,1,"p_blue_gnome","p_yellow_forest","p_blue_basket",347,4,1,17,0,1,1,1,"",,,"",,,"",,,"",,,,"",,,"","","",,,"","",,,,,"","","",,,,,,,,,"",,,"",,,"",,,"",,,"",,,"",,,,,,,"",,,"","",,,,,,,,"",,,,,,,"",,,"","","",,,,,,,,"",,,,,,,
"","",,"","","","","","","",,"","","","","","","",,"","","","","","","",,"","","","","","","",,"","","","","","","",,"","","","","","","",,"","","","","","","",,"","","","","",845078,1,"2024-10-01_17h18.45.455","experiment","2023.2.3","Win32",71.42857143,"612569afac9baa5313aa08a7","66fbf9d935dbf9e9cfd29582","66fc20c8c0f88e30e1da8b2e","",,,"",,,"",,,"",,,"",,,"",,,"",,,195.2408,195.7422,"k",0.5257,,"space",0.3107,,1,"p_green_gnome",1,4,"p_green_forest","p_green_basket","p_blue_gnome",1,9,"p_yellow_forest","p_blue_basket",9,1,0,0,1,"p_blue_gnome","p_yellow_forest","p_blue_basket",356,4,2,18,0,1,1,1,"",,,"",,,"",,,"",,,,"",,,"","","",,,"","",,,,,"","","",,,,,,,,,"",,,"",,,"",,,"",,,"",,,"",,,,,,,"",,,"","",,,,,,,,"",,,,,,,"",,,"","","",,,,,,,,"",,,,,,,
"","",,"","","","","","","",,"","","","","","","",,"","","","","","","",,"","","","","","","",,"","","","","","","",,"","","","","","","",,"","","","","","","",,"","","","","",845078,1,"2024-10-01_17h18.45.455","experiment","2023.2.3","Win32",71.42857143,"612569afac9baa5313aa08a7","66fbf9d935dbf9e9cfd29582","66fc20c8c0f88e30e1da8b2e","",,,"",,,"",,,"",,,"",,,"",,,"",,,201.7676,202.2689,"s",0.4604,,"space",1.1011,,1,"p_blue_gnome",1,9,"p_yellow_forest","p_blue_basket","p_green_gnome",1,4,"p_green_forest","p_green_basket",9,1,0,0,1,"p_blue_gnome","p_yellow_forest","p_blue_basket",365,4,3,19,0,1,1,1,"",,,"",,,"",,,"",,,,"",,,"","","",,,"","",,,,,"","","",,,,,,,,,"",,,"",,,"",,,"",,,"",,,"",,,,,,,"",,,"","",,,,,,,,"",,,,,,,"",,,"","","",,,,,,,,"",,,,,,,
"","",,"","","","","","","",,"","","","","","","",,"","","","","","","",,"","","","","","","",,"","","","","","","",,"","","","","","","",,"","","","","","","",,"","","","","",845078,1,"2024-10-01_17h18.45.455","experiment","2023.2.3","Win32",71.42857143,"612569afac9baa5313aa08a7","66fbf9d935dbf9e9cfd29582","66fc20c8c0f88e30e1da8b2e","",,,"",,,"",,,"",,,"",,,"",,,"",,,,,"",,,"",,,,"",,,"","","",,,"","",,1,,,,"","","",,,,,,,1,,"space",21.8697,,"space",17.9834,,"k",0.7749,,"space",0.5949,,1,"green_gnome",1,1,"dark_forest","red_basket","pink_gnome",1,7,"bright_forest","yellow_basket",7,0,0,1,"pink_gnome","bright_forest","yellow_basket",7,2,-2,0,0,0,0,1,"",,,"",,,"",,,"",,,"",,,"",,,,,,,"",,,"","",,,,,,,,"",,,,,,,"",,,"","","",,,,,,,,"",,,,,,,
"","",,"","","","","","","",,"","","","","","","",,"","","","","","","",,"","","","","","","",,"","","","","","","",,"","","","","","","",,"","","","","","","",,"","","","","",845078,1,"2024-10-01_17h18.45.455","experiment","2023.2.3","Win32",71.42857143,"612569afac9baa5313aa08a7","66fbf9d935dbf9e9cfd29582","66fc20c8c0f88e30e1da8b2e","",,,"",,,"",,,"",,,"",,,"",,,"",,,,,"",,,"",,,,"",,,"","","",,,"","",,1,,,,"","","",,,,,,,2,,"",,,"",,,"s",1.043,,"space",0.4702,,2,"red_gnome",2,1,"dark_forest","red_basket","yellow_gnome",2,9,"bright_forest","yellow_basket",1,0,0,1,"red_gnome","dark_forest","red_basket",8,1,-5,0,1,1,1,1,"",,,"",,,"",,,"",,,"",,,"",,,,,,,"",,,"","",,,,,,,,"",,,,,,,"",,,"","","",,,,,,,,"",,,,,,,
"","",,"","","","","","","",,"","","","","","","",,"","","","","","","",,"","","","","","","",,"","","","","","","",,"","","","","","","",,"","","","","","","",,"","","","","",845078,1,"2024-10-01_17h18.45.455","experiment","2023.2.3","Win32",71.42857143,"612569afac9baa5313aa08a7","66fbf9d935dbf9e9cfd29582","66fc20c8c0f88e30e1da8b2e","",,,"",,,"",,,"",,,"",,,"",,,"",,,,,"",,,"",,,,"",,,"","","",,,"","",,1,,,,"","","",,,,,,,2,,"",,,"",,,"k",1.1366,,"space",0.4211,,2,"red_gnome",2,4,"dark_forest","red_basket","yellow_gnome",2,8,"bright_forest","yellow_basket",8,0,0,1,"yellow_gnome","bright_forest","yellow_basket",16,1,-2,0,2,2,1,1,"",,,"",,,"",,,"",,,"",,,"",,,,,,,"",,,"","",,,,,,,,"",,,,,,,"",,,"","","",,,,,,,,"",,,,,,,
"","",,"","","","","","","",,"","","","","","","",,"","","","","","","",,"","","","","","","",,"","","","","","","",,"","","","","","","",,"","","","","","","",,"","","","","",845078,1,"2024-10-01_17h18.45.455","experiment","2023.2.3","Win32",71.42857143,"612569afac9baa5313aa08a7","66fbf9d935dbf9e9cfd29582","66fc20c8c0f88e30e1da8b2e","",,,"",,,"",,,"",,,"",,,"",,,"",,,,,"",,,"",,,,"",,,"","","",,,"","",,5,,,,"","","",,,,,,,4,,"",,,"",,,"s",1.2872,,"space",0.3575,,4,"brown_gnome",4,9,"bright_forest","yellow_basket","orange_gnome",4,2,"dark_forest","red_basket",45,0,0,1,"brown_gnome","bright_forest","yellow_basket",61,-2,-3,0,3,3,7,1,"",,,"",,,"",,,"",,,"",,,"",,,,,,,"",,,"","",,,,,,,,"",,,,,,,"",,,"","","",,,,,,,,"",,,,,,,
"","",,"","","","","","","",,"","","","","","","",,"","","","","","","",,"","","","","","","",,"","","","","","","",,"","","","","","","",,"","","","","","","",,"","","","","",845078,1,"2024-10-01_17h18.45.455","experiment","2023.2.3","Win32",71.42857143,"612569afac9baa5313aa08a7","66fbf9d935dbf9e9cfd29582","66fc20c8c0f88e30e1da8b2e","",,,"",,,"",,,"",,,"",,,"",,,"",,,,,"",,,"",,,,"",,,"","","",,,"","",,5,,,,"","","",,,,,,,1,,"",,,"",,,"s",0.5895,,"space",0.3501,,1,"pink_gnome",1,7,"bright_forest","yellow_basket","green_gnome",1,1,"dark_forest","red_basket",35,0,0,1,"pink_gnome","bright_forest","yellow_basket",96,3,0,0,4,4,4,1,"",,,"",,,"",,,"",,,"",,,"",,,,,,,"",,,"","",,,,,,,,"",,,,,,,"",,,"","","",,,,,,,,"",,,,,,,
"","",,"","","","","","","",,"","","","","","","",,"","","","","","","",,"","","","","","","",,"","","","","","","",,"","","","","","","",,"","","","","","","",,"","","","","",845078,1,"2024-10-01_17h18.45.455","experiment","2023.2.3","Win32",71.42857143,"612569afac9baa5313aa08a7","66fbf9d935dbf9e9cfd29582","66fc20c8c0f88e30e1da8b2e","",,,"",,,"",,,"",,,"",,,"",,,"",,,,,"",,,"",,,,"",,,"","","",,,"","",,1,,,,"","","",,,,,,,1,,"",,,"",,,"s",0.5103,,"space",0.2964,,1,"pink_gnome",1,8,"bright_forest","yellow_basket","green_gnome",1,1,"dark_forest","red_basket",8,0,0,1,"pink_gnome","bright_forest","yellow_basket",104,-1,0,0,5,5,0,1,"",,,"",,,"",,,"",,,"",,,"",,,,,,,"",,,"","",,,,,,,,"",,,,,,,"",,,"","","",,,,,,,,"",,,,,,,
"","",,"","","","","","","",,"","","","","","","",,"","","","","","","",,"","","","","","","",,"","","","","","","",,"","","","","","","",,"","","","","","","",,"","","","","",845078,1,"2024-10-01_17h18.45.455","experiment","2023.2.3","Win32",71.42857143,"612569afac9baa5313aa08a7","66fbf9d935dbf9e9cfd29582","66fc20c8c0f88e30e1da8b2e","",,,"",,,"",,,"",,,"",,,"",,,"",,,,,"",,,"",,,,"",,,"","","",,,"","",,5,,,,"","","",,,,,,,4,,"",,,"",,,"s",0.7762,,"space",0.8311,,4,"brown_gnome",4,7,"bright_forest","yellow_basket","orange_gnome",4,1,"dark_forest","red_basket",35,0,0,1,"brown_gnome","bright_forest","yellow_basket",139,1,-2,0,6,6,7,1,"",,,"",,,"",,,"",,,"",,,"",,,,,,,"",,,"","",,,,,,,,"",,,,,,,"",,,"","","",,,,,,,,"",,,,,,,
"","",,"","","","","","","",,"","","","","","","",,"","","","","","","",,"","","","","","","",,"","","","","","","",,"","","","","","","",,"","","","","","","",,"","","","","",845078,1,"2024-10-01_17h18.45.455","experiment","2023.2.3","Win32",71.42857143,"612569afac9baa5313aa08a7","66fbf9d935dbf9e9cfd29582","66fc20c8c0f88e30e1da8b2e","",,,"",,,"",,,"",,,"",,,"",,,"",,,,,"",,,"",,,,"",,,"","","",,,"","",,1,,,,"","","",,,,,,,3,,"",,,"",,,"s",1.3724,,"space",0.3796,,3,"blue_gnome",3,8,"bright_forest","yellow_basket","purple_gnome",3,1,"dark_forest","red_basket",8,0,0,1,"blue_gnome","bright_forest","yellow_basket",147,-1,1,0,7,7,2,1,"",,,"",,,"",,,"",,,"",,,"",,,,,,,"",,,"","",,,,,,,,"",,,,,,,"",,,"","","",,,,,,,,"",,,,,,,
"","",,"","","","","","","",,"","","","","","","",,"","","","","","","",,"","","","","","","",,"","","","","","","",,"","","","","","","",,"","","","","","","",,"","","","","",845078,1,"2024-10-01_17h18.45.455","experiment","2023.2.3","Win32",71.42857143,"612569afac9baa5313aa08a7","66fbf9d935dbf9e9cfd29582","66fc20c8c0f88e30e1da8b2e","",,,"",,,"",,,"",,,"",,,"",,,"",,,,,"",,,"",,,,"",,,"","","",,,"","",,5,,,,"","","",,,,,,,1,,"",,,"",,,"s",0.6826,,"space",0.2686,,1,"pink_gnome",1,7,"bright_forest","yellow_basket","green_gnome",1,2,"dark_forest","red_basket",35,0,0,1,"pink_gnome","bright_forest","yellow_basket",182,-3,0,1,0,8,4,1,"",,,"",,,"",,,"",,,"",,,"",,,,,,,"",,,"","",,,,,,,,"",,,,,,,"",,,"","","",,,,,,,,"",,,,,,,
"","",,"","","","","","","",,"","","","","","","",,"","","","","","","",,"","","","","","","",,"","","","","","","",,"","","","","","","",,"","","","","","","",,"","","","","",845078,1,"2024-10-01_17h18.45.455","experiment","2023.2.3","Win32",71.42857143,"612569afac9baa5313aa08a7","66fbf9d935dbf9e9cfd29582","66fc20c8c0f88e30e1da8b2e","",,,"",,,"",,,"",,,"",,,"",,,"",,,,,"",,,"",,,,"",,,"","","",,,"","",,1,,,,"","","",,,,,,,3,,"",,,"",,,"s",1.1852,,"space",0.2471,,3,"purple_gnome",3,2,"dark_forest","red_basket","blue_gnome",3,4,"bright_forest","yellow_basket",2,0,0,1,"purple_gnome","dark_forest","red_basket",184,3,0,1,1,9,2,1,"",,,"",,,"",,,"",,,"",,,"",,,,,,,"",,,"","",,,,,,,,"",,,,,,,"",,,"","","",,,,,,,,"",,,,,,,
"","",,"","","","","","","",,"","","","","","","",,"","","","","","","",,"","","","","","","",,"","","","","","","",,"","","","","","","",,"","","","","","","",,"","","","","",845078,1,"2024-10-01_17h18.45.455","experiment","2023.2.3","Win32",71.42857143,"612569afac9baa5313aa08a7","66fbf9d935dbf9e9cfd29582","66fc20c8c0f88e30e1da8b2e","",,,"",,,"",,,"",,,"",,,"",,,"",,,,,"",,,"",,,,"",,,"","","",,,"","",,5,,,,"","","",,,,,,,1,,"",,,"",,,"k",0.769,,"space",0.2892,,1,"green_gnome",1,2,"dark_forest","red_basket","pink_gnome",1,7,"bright_forest","yellow_basket",35,0,0,1,"pink_gnome","bright_forest","yellow_basket",219,-1,-3,1,2,10,4,1,"",,,"",,,"",,,"",,,"",,,"",,,,,,,"",,,"","",,,,,,,,"",,,,,,,"",,,"","","",,,,,,,,"",,,,,,,
"","",,"","","","","","","",,"","","","","","","",,"","","","","","","",,"","","","","","","",,"","","","","","","",,"","","","","","","",,"","","","","","","",,"","","","","",845078,1,"2024-10-01_17h18.45.455","experiment","2023.2.3","Win32",71.42857143,"612569afac9baa5313aa08a7","66fbf9d935dbf9e9cfd29582","66fc20c8c0f88e30e1da8b2e","",,,"",,,"",,,"",,,"",,,"",,,"",,,,,"",,,"",,,,"",,,"","","",,,"","",,5,,,,"","","",,,,,,,4,,"",,,"",,,"k",0.7132,,"space",0.2828,,4,"orange_gnome",4,1,"dark_forest","red_basket","brown_gnome",4,6,"bright_forest","yellow_basket",30,0,0,1,"brown_gnome","bright_forest","yellow_basket",249,1,0,1,3,11,7,1,"",,,"",,,"",,,"",,,"",,,"",,,,,,,"",,,"","",,,,,,,,"",,,,,,,"",,,"","","",,,,,,,,"",,,,,,,
"","",,"","","","","","","",,"","","","","","","",,"","","","","","","",,"","","","","","","",,"","","","","","","",,"","","","","","","",,"","","","","","","",,"","","","","",845078,1,"2024-10-01_17h18.45.455","experiment","2023.2.3","Win32",71.42857143,"612569afac9baa5313aa08a7","66fbf9d935dbf9e9cfd29582","66fc20c8c0f88e30e1da8b2e","",,,"",,,"",,,"",,,"",,,"",,,"",,,,,"",,,"",,,,"",,,"","","",,,"","",,1,,,,"","","",,,,,,,3,,"",,,"",,,"k",1.1019,,"space",0.3103,,3,"purple_gnome",3,1,"dark_forest","red_basket","blue_gnome",3,7,"bright_forest","yellow_basket",7,0,0,1,"blue_gnome","bright_forest","yellow_basket",256,0,-1,1,4,12,2,1,"",,,"",,,"",,,"",,,"",,,"",,,,,,,"",,,"","",,,,,,,,"",,,,,,,"",,,"","","",,,,,,,,"",,,,,,,
"","",,"","","","","","","",,"","","","","","","",,"","","","","","","",,"","","","","","","",,"","","","","","","",,"","","","","","","",,"","","","","","","",,"","","","","",845078,1,"2024-10-01_17h18.45.455","experiment","2023.2.3","Win32",71.42857143,"612569afac9baa5313aa08a7","66fbf9d935dbf9e9cfd29582","66fc20c8c0f88e30e1da8b2e","",,,"",,,"",,,"",,,"",,,"",,,"",,,,,"",,,"",,,,"",,,"","","",,,"","",,1,,,,"","","",,,,,,,2,,"",,,"",,,"s",0.9697,,"space",0.8455,,2,"yellow_gnome",2,7,"bright_forest","yellow_basket","red_gnome",2,0,"dark_forest","red_basket",7,0,0,1,"yellow_gnome","bright_forest","yellow_basket",263,1,2,1,5,13,1,1,"",,,"",,,"",,,"",,,"",,,"",,,,,,,"",,,"","",,,,,,,,"",,,,,,,"",,,"","","",,,,,,,,"",,,,,,,
"","",,"","","","","","","",,"","","","","","","",,"","","","","","","",,"","","","","","","",,"","","","","","","",,"","","","","","","",,"","","","","","","",,"","","","","",845078,1,"2024-10-01_17h18.45.455","experiment","2023.2.3","Win32",71.42857143,"612569afac9baa5313aa08a7","66fbf9d935dbf9e9cfd29582","66fc20c8c0f88e30e1da8b2e","",,,"",,,"",,,"",,,"",,,"",,,"",,,,,"",,,"",,,,"",,,"","","",,,"","",,5,,,,"","","",,,,,,,4,,"",,,"",,,"s",0.6032,,"space",0.5047,,4,"brown_gnome",4,8,"bright_forest","yellow_basket","orange_gnome",4,2,"dark_forest","red_basket",40,0,0,1,"brown_gnome","bright_forest","yellow_basket",303,1,2,1,6,14,7,1,"",,,"",,,"",,,"",,,"",,,"",,,,,,,"",,,"","",,,,,,,,"",,,,,,,"",,,"","","",,,,,,,,"",,,,,,,
"","",,"","","","","","","",,"","","","","","","",,"","","","","","","",,"","","","","","","",,"","","","","","","",,"","","","","","","",,"","","","","","","",,"","","","","",845078,1,"2024-10-01_17h18.45.455","experiment","2023.2.3","Win32",71.42857143,"612569afac9baa5313aa08a7","66fbf9d935dbf9e9cfd29582","66fc20c8c0f88e30e1da8b2e","",,,"",,,"",,,"",,,"",,,"",,,"",,,,,"",,,"",,,,"",,,"","","",,,"","",,5,,,,"","","",,,,,,,4,,"",,,"",,,"s",0.6439,,"space",0.3105,,4,"brown_gnome",4,9,"bright_forest","yellow_basket","orange_gnome",4,4,"dark_forest","red_basket",45,0,0,1,"brown_gnome","bright_forest","yellow_basket",348,0,1,1,7,15,7,1,"",,,"",,,"",,,"",,,"",,,"",,,,,,,"",,,"","",,,,,,,,"",,,,,,,"",,,"","","",,,,,,,,"",,,,,,,
"","",,"","","","","","","",,"","","","","","","",,"","","","","","","",,"","","","","","","",,"","","","","","","",,"","","","","","","",,"","","","","","","",,"","","","","",845078,1,"2024-10-01_17h18.45.455","experiment","2023.2.3","Win32",71.42857143,"612569afac9baa5313aa08a7","66fbf9d935dbf9e9cfd29582","66fc20c8c0f88e30e1da8b2e","",,,"",,,"",,,"",,,"",,,"",,,"",,,,,"",,,"",,,,"",,,"","","",,,"","",,5,,,,"","","",,,,,,,4,,"",,,"",,,"k",0.5705,,"space",0.5686,,4,"orange_gnome",4,5,"dark_forest","red_basket","brown_gnome",4,9,"bright_forest","yellow_basket",45,0,0,1,"brown_gnome","bright_forest","yellow_basket",393,1,-2,2,0,16,7,1,"",,,"",,,"",,,"",,,"",,,"",,,,,,,"",,,"","",,,,,,,,"",,,,,,,"",,,"","","",,,,,,,,"",,,,,,,
"","",,"","","","","","","",,"","","","","","","",,"","","","","","","",,"","","","","","","",,"","","","","","","",,"","","","","","","",,"","","","","","","",,"","","","","",845078,1,"2024-10-01_17h18.45.455","experiment","2023.2.3","Win32",71.42857143,"612569afac9baa5313aa08a7","66fbf9d935dbf9e9cfd29582","66fc20c8c0f88e30e1da8b2e","",,,"",,,"",,,"",,,"",,,"",,,"",,,,,"",,,"",,,,"",,,"","","",,,"","",,5,,,,"","","",,,,,,,4,,"",,,"",,,"k",0.5465,,"space",0.9328,,4,"orange_gnome",4,3,"dark_forest","red_basket","brown_gnome",4,8,"bright_forest","yellow_basket",40,0,0,1,"brown_gnome","bright_forest","yellow_basket",433,0,2,2,1,17,7,1,"",,,"",,,"",,,"",,,"",,,"",,,,,,,"",,,"","",,,,,,,,"",,,,,,,"",,,"","","",,,,,,,,"",,,,,,,
"","",,"","","","","","","",,"","","","","","","",,"","","","","","","",,"","","","","","","",,"","","","","","","",,"","","","","","","",,"","","","","","","",,"","","","","",845078,1,"2024-10-01_17h18.45.455","experiment","2023.2.3","Win32",71.42857143,"612569afac9baa5313aa08a7","66fbf9d935dbf9e9cfd29582","66fc20c8c0f88e30e1da8b2e","",,,"",,,"",,,"",,,"",,,"",,,"",,,,,"",,,"",,,,"",,,"","","",,,"","",,5,,,,"","","",,,,,,,1,,"",,,"",,,"s",0.477,,"space",0.241,,1,"pink_gnome",1,8,"bright_forest","yellow_basket","green_gnome",1,5,"dark_forest","red_basket",40,0,0,1,"pink_gnome","bright_forest","yellow_basket",473,-1,0,2,2,18,4,1,"",,,"",,,"",,,"",,,"",,,"",,,,,,,"",,,"","",,,,,,,,"",,,,,,,"",,,"","","",,,,,,,,"",,,,,,,
"","",,"","","","","","","",,"","","","","","","",,"","","","","","","",,"","","","","","","",,"","","","","","","",,"","","","","","","",,"","","","","","","",,"","","","","",845078,1,"2024-10-01_17h18.45.455","experiment","2023.2.3","Win32",71.42857143,"612569afac9baa5313aa08a7","66fbf9d935dbf9e9cfd29582","66fc20c8c0f88e30e1da8b2e","",,,"",,,"",,,"",,,"",,,"",,,"",,,,,"",,,"",,,,"",,,"","","",,,"","",,5,,,,"","","",,,,,,,2,,"",,,"",,,"s",0.6052,,"space",0.2703,,2,"yellow_gnome",2,7,"bright_forest","yellow_basket","red_gnome",2,5,"dark_forest","red_basket",35,0,0,1,"yellow_gnome","bright_forest","yellow_basket",508,-1,2,2,3,19,5,1,"",,,"",,,"",,,"",,,"",,,"",,,,,,,"",,,"","",,,,,,,,"",,,,,,,"",,,"","","",,,,,,,,"",,,,,,,
"","",,"","","","","","","",,"","","","","","","",,"","","","","","","",,"","","","","","","",,"","","","","","","",,"","","","","","","",,"","","","","","","",,"","","","","",845078,1,"2024-10-01_17h18.45.455","experiment","2023.2.3","Win32",71.42857143,"612569afac9baa5313aa08a7","66fbf9d935dbf9e9cfd29582","66fc20c8c0f88e30e1da8b2e","",,,"",,,"",,,"",,,"",,,"",,,"",,,,,"",,,"",,,,"",,,"","","",,,"","",,1,,,,"","","",,,,,,,1,,"",,,"",,,"k",0.5535,,"space",1.1414,,1,"green_gnome",1,7,"dark_forest","red_basket","pink_gnome",1,6,"bright_forest","yellow_basket",6,0,0,1,"pink_gnome","bright_forest","yellow_basket",514,1,0,2,4,20,0,1,"",,,"",,,"",,,"",,,"",,,"",,,,,,,"",,,"","",,,,,,,,"",,,,,,,"",,,"","","",,,,,,,,"",,,,,,,
"","",,"","","","","","","",,"","","","","","","",,"","","","","","","",,"","","","","","","",,"","","","","","","",,"","","","","","","",,"","","","","","","",,"","","","","",845078,1,"2024-10-01_17h18.45.455","experiment","2023.2.3","Win32",71.42857143,"612569afac9baa5313aa08a7","66fbf9d935dbf9e9cfd29582","66fc20c8c0f88e30e1da8b2e","",,,"",,,"",,,"",,,"",,,"",,,"",,,,,"",,,"",,,,"",,,"","","",,,"","",,1,,,,"","","",,,,,,,4,,"",,,"",,,"s",0.4488,,"space",0.3119,,4,"brown_gnome",4,7,"bright_forest","yellow_basket","orange_gnome",4,7,"dark_forest","red_basket",7,0,0,1,"brown_gnome","bright_forest","yellow_basket",521,5,-2,2,5,21,3,1,"",,,"",,,"",,,"",,,"",,,"",,,,,,,"",,,"","",,,,,,,,"",,,,,,,"",,,"","","",,,,,,,,"",,,,,,,
"","",,"","","","","","","",,"","","","","","","",,"","","","","","","",,"","","","","","","",,"","","","","","","",,"","","","","","","",,"","","","","","","",,"","","","","",845078,1,"2024-10-01_17h18.45.455","experiment","2023.2.3","Win32",71.42857143,"612569afac9baa5313aa08a7","66fbf9d935dbf9e9cfd29582","66fc20c8c0f88e30e1da8b2e","",,,"",,,"",,,"",,,"",,,"",,,"",,,,,"",,,"",,,,"",,,"","","",,,"","",,5,,,,"","","",,,,,,,4,,"",,,"",,,"k",0.4663,,"space",0.1646,,4,"orange_gnome",4,5,"dark_forest","red_basket","brown_gnome",4,6,"bright_forest","yellow_basket",30,0,0,1,"brown_gnome","bright_forest","yellow_basket",551,0,0,2,6,22,7,1,"",,,"",,,"",,,"",,,"",,,"",,,,,,,"",,,"","",,,,,,,,"",,,,,,,"",,,"","","",,,,,,,,"",,,,,,,
"","",,"","","","","","","",,"","","","","","","",,"","","","","","","",,"","","","","","","",,"","","","","","","",,"","","","","","","",,"","","","","","","",,"","","","","",845078,1,"2024-10-01_17h18.45.455","experiment","2023.2.3","Win32",71.42857143,"612569afac9baa5313aa08a7","66fbf9d935dbf9e9cfd29582","66fc20c8c0f88e30e1da8b2e","",,,"",,,"",,,"",,,"",,,"",,,"",,,,,"",,,"",,,,"",,,"","","",,,"","",,5,,,,"","","",,,,,,,3,,"",,,"",,,"s",0.8034,,"space",0.2974,,3,"blue_gnome",3,6,"bright_forest","yellow_basket","purple_gnome",3,5,"dark_forest","red_basket",30,0,0,1,"blue_gnome","bright_forest","yellow_basket",581,-2,-1,2,7,23,6,1,"",,,"",,,"",,,"",,,"",,,"",,,,,,,"",,,"","",,,,,,,,"",,,,,,,"",,,"","","",,,,,,,,"",,,,,,,
"","",,"","","","","","","",,"","","","","","","",,"","","","","","","",,"","","","","","","",,"","","","","","","",,"","","","","","","",,"","","","","","","",,"","","","","",845078,1,"2024-10-01_17h18.45.455","experiment","2023.2.3","Win32",71.42857143,"612569afac9baa5313aa08a7","66fbf9d935dbf9e9cfd29582","66fc20c8c0f88e30e1da8b2e","",,,"",,,"",,,"",,,"",,,"",,,"",,,,,"",,,"",,,,"",,,"","","",,,"","",,5,,,,"","","",,,,,,,1,,"",,,"",,,"k",0.6296,,"space",0.6297,,1,"green_gnome",1,4,"dark_forest","red_basket","pink_gnome",1,4,"bright_forest","yellow_basket",20,0,0,1,"pink_gnome","bright_forest","yellow_basket",601,2,2,3,0,24,4,1,"",,,"",,,"",,,"",,,"",,,"",,,,,,,"",,,"","",,,,,,,,"",,,,,,,"",,,"","","",,,,,,,,"",,,,,,,
"","",,"","","","","","","",,"","","","","","","",,"","","","","","","",,"","","","","","","",,"","","","","","","",,"","","","","","","",,"","","","","","","",,"","","","","",845078,1,"2024-10-01_17h18.45.455","experiment","2023.2.3","Win32",71.42857143,"612569afac9baa5313aa08a7","66fbf9d935dbf9e9cfd29582","66fc20c8c0f88e30e1da8b2e","",,,"",,,"",,,"",,,"",,,"",,,"",,,,,"",,,"",,,,"",,,"","","",,,"","",,1,,,,"","","",,,,,,,1,,"",,,"",,,"s",0.6018,,"space",0.604,,1,"pink_gnome",1,6,"bright_forest","yellow_basket","green_gnome",1,6,"dark_forest","red_basket",6,0,0,1,"pink_gnome","bright_forest","yellow_basket",607,3,2,3,1,25,0,1,"",,,"",,,"",,,"",,,"",,,"",,,,,,,"",,,"","",,,,,,,,"",,,,,,,"",,,"","","",,,,,,,,"",,,,,,,
"","",,"","","","","","","",,"","","","","","","",,"","","","","","","",,"","","","","","","",,"","","","","","","",,"","","","","","","",,"","","","","","","",,"","","","","",845078,1,"2024-10-01_17h18.45.455","experiment","2023.2.3","Win32",71.42857143,"612569afac9baa5313aa08a7","66fbf9d935dbf9e9cfd29582","66fc20c8c0f88e30e1da8b2e","",,,"",,,"",,,"",,,"",,,"",,,"",,,,,"",,,"",,,,"",,,"","","",,,"","",,5,,,,"","","",,,,,,,2,,"",,,"",,,"k",0.62,,"space",0.8722,,2,"red_gnome",2,8,"dark_forest","red_basket","yellow_gnome",2,9,"bright_forest","yellow_basket",45,0,0,1,"yellow_gnome","bright_forest","yellow_basket",652,0,6,3,2,26,5,1,"",,,"",,,"",,,"",,,"",,,"",,,,,,,"",,,"","",,,,,,,,"",,,,,,,"",,,"","","",,,,,,,,"",,,,,,,
"","",,"","","","","","","",,"","","","","","","",,"","","","","","","",,"","","","","","","",,"","","","","","","",,"","","","","","","",,"","","","","","","",,"","","","","",845078,1,"2024-10-01_17h18.45.455","experiment","2023.2.3","Win32",71.42857143,"612569afac9baa5313aa08a7","66fbf9d935dbf9e9cfd29582","66fc20c8c0f88e30e1da8b2e","",,,"",,,"",,,"",,,"",,,"",,,"",,,,,"",,,"",,,,"",,,"","","",,,"","",,1,,,,"","","",,,,,,,2,,"",,,"",,,"k",0.6022,,"space",1.2818,,2,"red_gnome",2,4,"dark_forest","red_basket","yellow_gnome",2,9,"bright_forest","yellow_basket",9,0,0,1,"yellow_gnome","bright_forest","yellow_basket",661,2,4,3,3,27,1,1,"",,,"",,,"",,,"",,,"",,,"",,,,,,,"",,,"","",,,,,,,,"",,,,,,,"",,,"","","",,,,,,,,"",,,,,,,
"","",,"","","","","","","",,"","","","","","","",,"","","","","","","",,"","","","","","","",,"","","","","","","",,"","","","","","","",,"","","","","","","",,"","","","","",845078,1,"2024-10-01_17h18.45.455","experiment","2023.2.3","Win32",71.42857143,"612569afac9baa5313aa08a7","66fbf9d935dbf9e9cfd29582","66fc20c8c0f88e30e1da8b2e","",,,"",,,"",,,"",,,"",,,"",,,"",,,,,"",,,"",,,,"",,,"","","",,,"","",,1,,,,"","","",,,,,,,3,,"",,,"",,,"k",0.5541,,"space",0.3176,,3,"purple_gnome",3,8,"dark_forest","red_basket","blue_gnome",3,7,"bright_forest","yellow_basket",7,0,0,1,"blue_gnome","bright_forest","yellow_basket",668,0,1,3,4,28,2,1,"",,,"",,,"",,,"",,,"",,,"",,,,,,,"",,,"","",,,,,,,,"",,,,,,,"",,,"","","",,,,,,,,"",,,,,,,
"","",,"","","","","","","",,"","","","","","","",,"","","","","","","",,"","","","","","","",,"","","","","","","",,"","","","","","","",,"","","","","","","",,"","","","","",845078,1,"2024-10-01_17h18.45.455","experiment","2023.2.3","Win32",71.42857143,"612569afac9baa5313aa08a7","66fbf9d935dbf9e9cfd29582","66fc20c8c0f88e30e1da8b2e","",,,"",,,"",,,"",,,"",,,"",,,"",,,,,"",,,"",,,,"",,,"","","",,,"","",,5,,,,"","","",,,,,,,2,,"",,,"",,,"k",0.6435,,"space",0.4,,2,"red_gnome",2,9,"dark_forest","red_basket","yellow_gnome",2,7,"bright_forest","yellow_basket",35,0,0,1,"yellow_gnome","bright_forest","yellow_basket",703,1,2,3,5,29,5,1,"",,,"",,,"",,,"",,,"",,,"",,,,,,,"",,,"","",,,,,,,,"",,,,,,,"",,,"","","",,,,,,,,"",,,,,,,
"","",,"","","","","","","",,"","","","","","","",,"","","","","","","",,"","","","","","","",,"","","","","","","",,"","","","","","","",,"","","","","","","",,"","","","","",845078,1,"2024-10-01_17h18.45.455","experiment","2023.2.3","Win32",71.42857143,"612569afac9baa5313aa08a7","66fbf9d935dbf9e9cfd29582","66fc20c8c0f88e30e1da8b2e","",,,"",,,"",,,"",,,"",,,"",,,"",,,,,"",,,"",,,,"",,,"","","",,,"","",,5,,,,"","","",,,,,,,3,,"",,,"",,,"s",0.5034,,"space",0.3658,,3,"blue_gnome",3,8,"bright_forest","yellow_basket","purple_gnome",3,7,"dark_forest","red_basket",40,0,0,1,"blue_gnome","bright_forest","yellow_basket",743,1,-2,3,6,30,6,1,"",,,"",,,"",,,"",,,"",,,"",,,,,,,"",,,"","",,,,,,,,"",,,,,,,"",,,"","","",,,,,,,,"",,,,,,,
"","",,"","","","","","","",,"","","","","","","",,"","","","","","","",,"","","","","","","",,"","","","","","","",,"","","","","","","",,"","","","","","","",,"","","","","",845078,1,"2024-10-01_17h18.45.455","experiment","2023.2.3","Win32",71.42857143,"612569afac9baa5313aa08a7","66fbf9d935dbf9e9cfd29582","66fc20c8c0f88e30e1da8b2e","",,,"",,,"",,,"",,,"",,,"",,,"",,,,,"",,,"",,,,"",,,"","","",,,"","",,1,,,,"","","",,,,,,,2,,"",,,"",,,"s",0.4983,,"space",0.4577,,2,"yellow_gnome",2,9,"bright_forest","yellow_basket","red_gnome",2,5,"dark_forest","red_basket",9,0,0,1,"yellow_gnome","bright_forest","yellow_basket",752,0,0,3,7,31,1,1,"",,,"",,,"",,,"",,,"",,,"",,,,,,,"",,,"","",,,,,,,,"",,,,,,,"",,,"","","",,,,,,,,"",,,,,,,
"","",,"","","","","","","",,"","","","","","","",,"","","","","","","",,"","","","","","","",,"","","","","","","",,"","","","","","","",,"","","","","","","",,"","","","","",845078,1,"2024-10-01_17h18.45.455","experiment","2023.2.3","Win32",71.42857143,"612569afac9baa5313aa08a7","66fbf9d935dbf9e9cfd29582","66fc20c8c0f88e30e1da8b2e","",,,"",,,"",,,"",,,"",,,"",,,"",,,,,"",,,"",,,,"",,,"","","",,,"","",,1,,,,"","","",,,,,,,3,,"",,,"",,,"k",0.7033,,"space",0.4208,,3,"purple_gnome",3,5,"dark_forest","red_basket","blue_gnome",3,9,"bright_forest","yellow_basket",9,0,0,1,"blue_gnome","bright_forest","yellow_basket",761,2,-1,4,0,32,2,1,"",,,"",,,"",,,"",,,"",,,"",,,,,,,"",,,"","",,,,,,,,"",,,,,,,"",,,"","","",,,,,,,,"",,,,,,,
"","",,"","","","","","","",,"","","","","","","",,"","","","","","","",,"","","","","","","",,"","","","","","","",,"","","","","","","",,"","","","","","","",,"","","","","",845078,1,"2024-10-01_17h18.45.455","experiment","2023.2.3","Win32",71.42857143,"612569afac9baa5313aa08a7","66fbf9d935dbf9e9cfd29582","66fc20c8c0f88e30e1da8b2e","",,,"",,,"",,,"",,,"",,,"",,,"",,,,,"",,,"",,,,"",,,"","","",,,"","",,1,,,,"","","",,,,,,,4,,"",,,"",,,"s",0.7836,,"space",0.4626,,4,"brown_gnome",4,7,"bright_forest","yellow_basket","orange_gnome",4,4,"dark_forest","red_basket",7,0,0,1,"brown_gnome","bright_forest","yellow_basket",768,-2,-2,4,1,33,3,1,"",,,"",,,"",,,"",,,"",,,"",,,,,,,"",,,"","",,,,,,,,"",,,,,,,"",,,"","","",,,,,,,,"",,,,,,,
"","",,"","","","","","","",,"","","","","","","",,"","","","","","","",,"","","","","","","",,"","","","","","","",,"","","","","","","",,"","","","","","","",,"","","","","",845078,1,"2024-10-01_17h18.45.455","experiment","2023.2.3","Win32",71.42857143,"612569afac9baa5313aa08a7","66fbf9d935dbf9e9cfd29582","66fc20c8c0f88e30e1da8b2e","",,,"",,,"",,,"",,,"",,,"",,,"",,,,,"",,,"",,,,"",,,"","","",,,"","",,1,,,,"","","",,,,,,,2,,"",,,"",,,"s",0.6092,,"space",0.9812,,2,"yellow_gnome",2,5,"bright_forest","yellow_basket","red_gnome",2,2,"dark_forest","red_basket",5,0,0,1,"yellow_gnome","bright_forest","yellow_basket",773,2,3,4,2,34,1,1,"",,,"",,,"",,,"",,,"",,,"",,,,,,,"",,,"","",,,,,,,,"",,,,,,,"",,,"","","",,,,,,,,"",,,,,,,
"","",,"","","","","","","",,"","","","","","","",,"","","","","","","",,"","","","","","","",,"","","","","","","",,"","","","","","","",,"","","","","","","",,"","","","","",845078,1,"2024-10-01_17h18.45.455","experiment","2023.2.3","Win32",71.42857143,"612569afac9baa5313aa08a7","66fbf9d935dbf9e9cfd29582","66fc20c8c0f88e30e1da8b2e","",,,"",,,"",,,"",,,"",,,"",,,"",,,,,"",,,"",,,,"",,,"","","",,,"","",,5,,,,"","","",,,,,,,3,,"",,,"",,,"s",0.5676,,"space",0.4004,,3,"blue_gnome",3,7,"bright_forest","yellow_basket","purple_gnome",3,5,"dark_forest","red_basket",35,0,0,1,"blue_gnome","bright_forest","yellow_basket",808,1,0,4,3,35,6,1,"",,,"",,,"",,,"",,,"",,,"",,,,,,,"",,,"","",,,,,,,,"",,,,,,,"",,,"","","",,,,,,,,"",,,,,,,
"","",,"","","","","","","",,"","","","","","","",,"","","","","","","",,"","","","","","","",,"","","","","","","",,"","","","","","","",,"","","","","","","",,"","","","","",845078,1,"2024-10-01_17h18.45.455","experiment","2023.2.3","Win32",71.42857143,"612569afac9baa5313aa08a7","66fbf9d935dbf9e9cfd29582","66fc20c8c0f88e30e1da8b2e","",,,"",,,"",,,"",,,"",,,"",,,"",,,,,"",,,"",,,,"",,,"","","",,,"","",,1,,,,"","","",,,,,,,3,,"",,,"",,,"k",0.5604,,"space",0.3379,,3,"purple_gnome",3,5,"dark_forest","red_basket","blue_gnome",3,8,"bright_forest","yellow_basket",8,0,0,1,"blue_gnome","bright_forest","yellow_basket",816,2,-4,4,4,36,2,1,"",,,"",,,"",,,"",,,"",,,"",,,,,,,"",,,"","",,,,,,,,"",,,,,,,"",,,"","","",,,,,,,,"",,,,,,,
"","",,"","","","","","","",,"","","","","","","",,"","","","","","","",,"","","","","","","",,"","","","","","","",,"","","","","","","",,"","","","","","","",,"","","","","",845078,1,"2024-10-01_17h18.45.455","experiment","2023.2.3","Win32",71.42857143,"612569afac9baa5313aa08a7","66fbf9d935dbf9e9cfd29582","66fc20c8c0f88e30e1da8b2e","",,,"",,,"",,,"",,,"",,,"",,,"",,,,,"",,,"",,,,"",,,"","","",,,"","",,5,,,,"","","",,,,,,,1,,"",,,"",,,"s",0.7481,,"space",0.318,,1,"pink_gnome",1,8,"bright_forest","yellow_basket","green_gnome",1,1,"dark_forest","red_basket",40,0,0,1,"pink_gnome","bright_forest","yellow_basket",856,4,3,4,5,37,4,1,"",,,"",,,"",,,"",,,"",,,"",,,,,,,"",,,"","",,,,,,,,"",,,,,,,"",,,"","","",,,,,,,,"",,,,,,,
"","",,"","","","","","","",,"","","","","","","",,"","","","","","","",,"","","","","","","",,"","","","","","","",,"","","","","","","",,"","","","","","","",,"","","","","",845078,1,"2024-10-01_17h18.45.455","experiment","2023.2.3","Win32",71.42857143,"612569afac9baa5313aa08a7","66fbf9d935dbf9e9cfd29582","66fc20c8c0f88e30e1da8b2e","",,,"",,,"",,,"",,,"",,,"",,,"",,,,,"",,,"",,,,"",,,"","","",,,"","",,5,,,,"","","",,,,,,,4,,"",,,"",,,"s",0.6157,,"space",0.3254,,4,"brown_gnome",4,6,"bright_forest","yellow_basket","orange_gnome",4,4,"dark_forest","red_basket",30,0,0,1,"brown_gnome","bright_forest","yellow_basket",886,0,2,4,6,38,7,1,"",,,"",,,"",,,"",,,"",,,"",,,,,,,"",,,"","",,,,,,,,"",,,,,,,"",,,"","","",,,,,,,,"",,,,,,,
"","",,"","","","","","","",,"","","","","","","",,"","","","","","","",,"","","","","","","",,"","","","","","","",,"","","","","","","",,"","","","","","","",,"","","","","",845078,1,"2024-10-01_17h18.45.455","experiment","2023.2.3","Win32",71.42857143,"612569afac9baa5313aa08a7","66fbf9d935dbf9e9cfd29582","66fc20c8c0f88e30e1da8b2e","",,,"",,,"",,,"",,,"",,,"",,,"",,,,,"",,,"",,,,"",,,"","","",,,"","",,1,,,,"","","",,,,,,,2,,"",,,"",,,"s",0.5465,,"space",0.1803,,2,"yellow_gnome",2,6,"bright_forest","yellow_basket","red_gnome",2,6,"dark_forest","red_basket",6,0,0,1,"yellow_gnome","bright_forest","yellow_basket",892,2,-2,4,7,39,1,1,"",,,"",,,"",,,"",,,"",,,"",,,,,,,"",,,"","",,,,,,,,"",,,,,,,"",,,"","","",,,,,,,,"",,,,,,,
"","",,"","","","","","","",,"","","","","","","",,"","","","","","","",,"","","","","","","",,"","","","","","","",,"","","","","","","",,"","","","","","","",,"","","","","",845078,1,"2024-10-01_17h18.45.455","experiment","2023.2.3","Win32",71.42857143,"612569afac9baa5313aa08a7","66fbf9d935dbf9e9cfd29582","66fc20c8c0f88e30e1da8b2e","",,,"",,,"",,,"",,,"",,,"",,,"",,,,,"",,,"",,,,"",,,"","","",,,"","",,5,,,,"","","",,,,,,,2,,"",,,"",,,"k",0.6522,,"space",0.3311,,2,"red_gnome",2,4,"dark_forest","red_basket","yellow_gnome",2,8,"bright_forest","yellow_basket",40,0,0,1,"yellow_gnome","bright_forest","yellow_basket",932,0,-3,5,0,40,5,1,"",,,"",,,"",,,"",,,"",,,"",,,,,,,"",,,"","",,,,,,,,"",,,,,,,"",,,"","","",,,,,,,,"",,,,,,,
"","",,"","","","","","","",,"","","","","","","",,"","","","","","","",,"","","","","","","",,"","","","","","","",,"","","","","","","",,"","","","","","","",,"","","","","",845078,1,"2024-10-01_17h18.45.455","experiment","2023.2.3","Win32",71.42857143,"612569afac9baa5313aa08a7","66fbf9d935dbf9e9cfd29582","66fc20c8c0f88e30e1da8b2e","",,,"",,,"",,,"",,,"",,,"",,,"",,,,,"",,,"",,,,"",,,"","","",,,"","",,5,,,,"","","",,,,,,,3,,"",,,"",,,"k",0.6577,,"space",0.8111,,3,"purple_gnome",3,1,"dark_forest","red_basket","blue_gnome",3,8,"bright_forest","yellow_basket",40,0,0,1,"blue_gnome","bright_forest","yellow_basket",972,-3,-6,5,1,41,6,1,"",,,"",,,"",,,"",,,"",,,"",,,,,,,"",,,"","",,,,,,,,"",,,,,,,"",,,"","","",,,,,,,,"",,,,,,,
"","",,"","","","","","","",,"","","","","","","",,"","","","","","","",,"","","","","","","",,"","","","","","","",,"","","","","","","",,"","","","","","","",,"","","","","",845078,1,"2024-10-01_17h18.45.455","experiment","2023.2.3","Win32",71.42857143,"612569afac9baa5313aa08a7","66fbf9d935dbf9e9cfd29582","66fc20c8c0f88e30e1da8b2e","",,,"",,,"",,,"",,,"",,,"",,,"",,,,,"",,,"",,,,"",,,"","","",,,"","",,5,,,,"","","",,,,,,,3,,"",,,"",,,"k",0.4773,,"space",0.7132,,3,"purple_gnome",3,5,"dark_forest","red_basket","blue_gnome",3,5,"bright_forest","yellow_basket",25,0,0,1,"blue_gnome","bright_forest","yellow_basket",997,0,-3,5,2,42,6,1,"",,,"",,,"",,,"",,,"",,,"",,,,,,,"",,,"","",,,,,,,,"",,,,,,,"",,,"","","",,,,,,,,"",,,,,,,
"","",,"","","","","","","",,"","","","","","","",,"","","","","","","",,"","","","","","","",,"","","","","","","",,"","","","","","","",,"","","","","","","",,"","","","","",845078,1,"2024-10-01_17h18.45.455","experiment","2023.2.3","Win32",71.42857143,"612569afac9baa5313aa08a7","66fbf9d935dbf9e9cfd29582","66fc20c8c0f88e30e1da8b2e","",,,"",,,"",,,"",,,"",,,"",,,"",,,,,"",,,"",,,,"",,,"","","",,,"","",,5,,,,"","","",,,,,,,4,,"",,,"",,,"s",0.5237,,"space",0.4015,,4,"brown_gnome",4,5,"bright_forest","yellow_basket","orange_gnome",4,2,"dark_forest","red_basket",25,0,0,1,"brown_gnome","bright_forest","yellow_basket",1022,-2,3,5,3,43,7,1,"",,,"",,,"",,,"",,,"",,,"",,,,,,,"",,,"","",,,,,,,,"",,,,,,,"",,,"","","",,,,,,,,"",,,,,,,
"","",,"","","","","","","",,"","","","","","","",,"","","","","","","",,"","","","","","","",,"","","","","","","",,"","","","","","","",,"","","","","","","",,"","","","","",845078,1,"2024-10-01_17h18.45.455","experiment","2023.2.3","Win32",71.42857143,"612569afac9baa5313aa08a7","66fbf9d935dbf9e9cfd29582","66fc20c8c0f88e30e1da8b2e","",,,"",,,"",,,"",,,"",,,"",,,"",,,,,"",,,"",,,,"",,,"","","",,,"","",,1,,,,"","","",,,,,,,2,,"",,,"",,,"s",0.6654,,"space",0.0497,,2,"yellow_gnome",2,3,"bright_forest","yellow_basket","red_gnome",2,5,"dark_forest","red_basket",3,0,0,1,"yellow_gnome","bright_forest","yellow_basket",1025,1,0,5,4,44,1,1,"",,,"",,,"",,,"",,,"",,,"",,,,,,,"",,,"","",,,,,,,,"",,,,,,,"",,,"","","",,,,,,,,"",,,,,,,
"","",,"","","","","","","",,"","","","","","","",,"","","","","","","",,"","","","","","","",,"","","","","","","",,"","","","","","","",,"","","","","","","",,"","","","","",845078,1,"2024-10-01_17h18.45.455","experiment","2023.2.3","Win32",71.42857143,"612569afac9baa5313aa08a7","66fbf9d935dbf9e9cfd29582","66fc20c8c0f88e30e1da8b2e","",,,"",,,"",,,"",,,"",,,"",,,"",,,,,"",,,"",,,,"",,,"","","",,,"","",,1,,,,"","","",,,,,,,4,,"",,,"",,,"s",0.7114,,"space",0.195,,4,"brown_gnome",4,4,"bright_forest","yellow_basket","orange_gnome",4,5,"dark_forest","red_basket",4,0,0,1,"brown_gnome","bright_forest","yellow_basket",1029,4,3,5,5,45,3,1,"",,,"",,,"",,,"",,,"",,,"",,,,,,,"",,,"","",,,,,,,,"",,,,,,,"",,,"","","",,,,,,,,"",,,,,,,
"","",,"","","","","","","",,"","","","","","","",,"","","","","","","",,"","","","","","","",,"","","","","","","",,"","","","","","","",,"","","","","","","",,"","","","","",845078,1,"2024-10-01_17h18.45.455","experiment","2023.2.3","Win32",71.42857143,"612569afac9baa5313aa08a7","66fbf9d935dbf9e9cfd29582","66fc20c8c0f88e30e1da8b2e","",,,"",,,"",,,"",,,"",,,"",,,"",,,,,"",,,"",,,,"",,,"","","",,,"","",,1,,,,"","","",,,,,,,2,,"",,,"",,,"k",0.6021,,"space",0.3624,,2,"yellow_gnome",2,8,"bright_forest","yellow_basket","red_gnome",2,8,"dark_forest","red_basket",8,0,0,1,"red_gnome","dark_forest","red_basket",1037,0,4,5,6,46,1,1,"",,,"",,,"",,,"",,,"",,,"",,,,,,,"",,,"","",,,,,,,,"",,,,,,,"",,,"","","",,,,,,,,"",,,,,,,
"","",,"","","","","","","",,"","","","","","","",,"","","","","","","",,"","","","","","","",,"","","","","","","",,"","","","","","","",,"","","","","","","",,"","","","","",845078,1,"2024-10-01_17h18.45.455","experiment","2023.2.3","Win32",71.42857143,"612569afac9baa5313aa08a7","66fbf9d935dbf9e9cfd29582","66fc20c8c0f88e30e1da8b2e","",,,"",,,"",,,"",,,"",,,"",,,"",,,,,"",,,"",,,,"",,,"","","",,,"","",,1,,,,"","","",,,,,,,4,,"",,,"",,,"s",0.7867,,"space",0.0534,,4,"orange_gnome",4,6,"dark_forest","red_basket","brown_gnome",4,8,"bright_forest","yellow_basket",6,0,0,1,"orange_gnome","dark_forest","red_basket",1043,4,2,5,7,47,3,1,"",,,"",,,"",,,"",,,"",,,"",,,,,,,"",,,"","",,,,,,,,"",,,,,,,"",,,"","","",,,,,,,,"",,,,,,,
"","",,"","","","","","","",,"","","","","","","",,"","","","","","","",,"","","","","","","",,"","","","","","","",,"","","","","","","",,"","","","","","","",,"","","","","",845078,1,"2024-10-01_17h18.45.455","experiment","2023.2.3","Win32",71.42857143,"612569afac9baa5313aa08a7","66fbf9d935dbf9e9cfd29582","66fc20c8c0f88e30e1da8b2e","",,,"",,,"",,,"",,,"",,,"",,,"",,,,,"",,,"",,,,"",,,"","","",,,"","",,5,,,,"","","",,,,,,,2,,"",,,"",,,"s",1.071,,"space",0.22,,2,"red_gnome",2,8,"dark_forest","red_basket","yellow_gnome",2,6,"bright_forest","yellow_basket",40,0,0,1,"red_gnome","dark_forest","red_basket",1083,-1,-1,6,0,48,5,1,"",,,"",,,"",,,"",,,"",,,"",,,,,,,"",,,"","",,,,,,,,"",,,,,,,"",,,"","","",,,,,,,,"",,,,,,,
"","",,"","","","","","","",,"","","","","","","",,"","","","","","","",,"","","","","","","",,"","","","","","","",,"","","","","","","",,"","","","","","","",,"","","","","",845078,1,"2024-10-01_17h18.45.455","experiment","2023.2.3","Win32",71.42857143,"612569afac9baa5313aa08a7","66fbf9d935dbf9e9cfd29582","66fc20c8c0f88e30e1da8b2e","",,,"",,,"",,,"",,,"",,,"",,,"",,,,,"",,,"",,,,"",,,"","","",,,"","",,1,,,,"","","",,,,,,,1,,"",,,"",,,"k",1.1923,,"space",0.2381,,1,"pink_gnome",1,5,"bright_forest","yellow_basket","green_gnome",1,7,"dark_forest","red_basket",7,0,0,1,"green_gnome","dark_forest","red_basket",1090,-1,0,6,1,49,0,1,"",,,"",,,"",,,"",,,"",,,"",,,,,,,"",,,"","",,,,,,,,"",,,,,,,"",,,"","","",,,,,,,,"",,,,,,,
"","",,"","","","","","","",,"","","","","","","",,"","","","","","","",,"","","","","","","",,"","","","","","","",,"","","","","","","",,"","","","","","","",,"","","","","",845078,1,"2024-10-01_17h18.45.455","experiment","2023.2.3","Win32",71.42857143,"612569afac9baa5313aa08a7","66fbf9d935dbf9e9cfd29582","66fc20c8c0f88e30e1da8b2e","",,,"",,,"",,,"",,,"",,,"",,,"",,,,,"",,,"",,,,"",,,"","","",,,"","",,5,,,,"","","",,,,,,,4,,"",,,"",,,"s",0.7398,,"space",0.2754,,4,"orange_gnome",4,7,"dark_forest","red_basket","brown_gnome",4,4,"bright_forest","yellow_basket",35,0,0,1,"orange_gnome","dark_forest","red_basket",1125,-1,2,6,2,50,7,1,"",,,"",,,"",,,"",,,"",,,"",,,,,,,"",,,"","",,,,,,,,"",,,,,,,"",,,"","","",,,,,,,,"",,,,,,,
"","",,"","","","","","","",,"","","","","","","",,"","","","","","","",,"","","","","","","",,"","","","","","","",,"","","","","","","",,"","","","","","","",,"","","","","",845078,1,"2024-10-01_17h18.45.455","experiment","2023.2.3","Win32",71.42857143,"612569afac9baa5313aa08a7","66fbf9d935dbf9e9cfd29582","66fc20c8c0f88e30e1da8b2e","",,,"",,,"",,,"",,,"",,,"",,,"",,,,,"",,,"",,,,"",,,"","","",,,"","",,1,,,,"","","",,,,,,,2,,"",,,"",,,"k",0.7033,,"space",0.2458,,2,"red_gnome",2,9,"dark_forest","red_basket","yellow_gnome",2,3,"bright_forest","yellow_basket",3,0,0,1,"yellow_gnome","bright_forest","yellow_basket",1128,1,1,6,3,51,1,1,"",,,"",,,"",,,"",,,"",,,"",,,,,,,"",,,"","",,,,,,,,"",,,,,,,"",,,"","","",,,,,,,,"",,,,,,,
"","",,"","","","","","","",,"","","","","","","",,"","","","","","","",,"","","","","","","",,"","","","","","","",,"","","","","","","",,"","","","","","","",,"","","","","",845078,1,"2024-10-01_17h18.45.455","experiment","2023.2.3","Win32",71.42857143,"612569afac9baa5313aa08a7","66fbf9d935dbf9e9cfd29582","66fc20c8c0f88e30e1da8b2e","",,,"",,,"",,,"",,,"",,,"",,,"",,,,,"",,,"",,,,"",,,"","","",,,"","",,5,,,,"","","",,,,,,,2,,"",,,"",,,"s",0.7697,,"space",0.7011,,2,"red_gnome",2,8,"dark_forest","red_basket","yellow_gnome",2,4,"bright_forest","yellow_basket",40,0,0,1,"red_gnome","dark_forest","red_basket",1168,-3,1,6,4,52,5,1,"",,,"",,,"",,,"",,,"",,,"",,,,,,,"",,,"","",,,,,,,,"",,,,,,,"",,,"","","",,,,,,,,"",,,,,,,
"","",,"","","","","","","",,"","","","","","","",,"","","","","","","",,"","","","","","","",,"","","","","","","",,"","","","","","","",,"","","","","","","",,"","","","","",845078,1,"2024-10-01_17h18.45.455","experiment","2023.2.3","Win32",71.42857143,"612569afac9baa5313aa08a7","66fbf9d935dbf9e9cfd29582","66fc20c8c0f88e30e1da8b2e","",,,"",,,"",,,"",,,"",,,"",,,"",,,,,"",,,"",,,,"",,,"","","",,,"","",,1,,,,"","","",,,,,,,2,,"",,,"",,,"s",0.6303,,"space",0.291,,2,"red_gnome",2,9,"dark_forest","red_basket","yellow_gnome",2,1,"bright_forest","yellow_basket",9,0,0,1,"red_gnome","dark_forest","red_basket",1177,-1,-2,6,5,53,1,1,"",,,"",,,"",,,"",,,"",,,"",,,,,,,"",,,"","",,,,,,,,"",,,,,,,"",,,"","","",,,,,,,,"",,,,,,,
"","",,"","","","","","","",,"","","","","","","",,"","","","","","","",,"","","","","","","",,"","","","","","","",,"","","","","","","",,"","","","","","","",,"","","","","",845078,1,"2024-10-01_17h18.45.455","experiment","2023.2.3","Win32",71.42857143,"612569afac9baa5313aa08a7","66fbf9d935dbf9e9cfd29582","66fc20c8c0f88e30e1da8b2e","",,,"",,,"",,,"",,,"",,,"",,,"",,,,,"",,,"",,,,"",,,"","","",,,"","",,5,,,,"","","",,,,,,,4,,"",,,"",,,"s",0.8807,,"space",0.6173,,4,"orange_gnome",4,7,"dark_forest","red_basket","brown_gnome",4,0,"bright_forest","yellow_basket",35,0,0,1,"orange_gnome","dark_forest","red_basket",1212,2,-1,6,6,54,7,1,"",,,"",,,"",,,"",,,"",,,"",,,,,,,"",,,"","",,,,,,,,"",,,,,,,"",,,"","","",,,,,,,,"",,,,,,,
"","",,"","","","","","","",,"","","","","","","",,"","","","","","","",,"","","","","","","",,"","","","","","","",,"","","","","","","",,"","","","","","","",,"","","","","",845078,1,"2024-10-01_17h18.45.455","experiment","2023.2.3","Win32",71.42857143,"612569afac9baa5313aa08a7","66fbf9d935dbf9e9cfd29582","66fc20c8c0f88e30e1da8b2e","",,,"",,,"",,,"",,,"",,,"",,,"",,,,,"",,,"",,,,"",,,"","","",,,"","",,1,,,,"","","",,,,,,,1,,"",,,"",,,"k",0.8783,,"space",0.6087,,1,"pink_gnome",1,2,"bright_forest","yellow_basket","green_gnome",1,6,"dark_forest","red_basket",6,0,0,1,"green_gnome","dark_forest","red_basket",1218,-1,-1,6,7,55,0,1,"",,,"",,,"",,,"",,,"",,,"",,,,,,,"",,,"","",,,,,,,,"",,,,,,,"",,,"","","",,,,,,,,"",,,,,,,
"","",,"","","","","","","",,"","","","","","","",,"","","","","","","",,"","","","","","","",,"","","","","","","",,"","","","","","","",,"","","","","","","",,"","","","","",845078,1,"2024-10-01_17h18.45.455","experiment","2023.2.3","Win32",71.42857143,"612569afac9baa5313aa08a7","66fbf9d935dbf9e9cfd29582","66fc20c8c0f88e30e1da8b2e","",,,"",,,"",,,"",,,"",,,"",,,"",,,,,"",,,"",,,,"",,,"","","",,,"","",,5,,,,"","","",,,,,,,3,,"",,,"",,,"s",0.7893,,"space",0.2887,,3,"purple_gnome",3,5,"dark_forest","red_basket","blue_gnome",3,1,"bright_forest","yellow_basket",25,0,0,1,"purple_gnome","dark_forest","red_basket",1243,1,0,7,0,56,6,1,"",,,"",,,"",,,"",,,"",,,"",,,,,,,"",,,"","",,,,,,,,"",,,,,,,"",,,"","","",,,,,,,,"",,,,,,,
"","",,"","","","","","","",,"","","","","","","",,"","","","","","","",,"","","","","","","",,"","","","","","","",,"","","","","","","",,"","","","","","","",,"","","","","",845078,1,"2024-10-01_17h18.45.455","experiment","2023.2.3","Win32",71.42857143,"612569afac9baa5313aa08a7","66fbf9d935dbf9e9cfd29582","66fc20c8c0f88e30e1da8b2e","",,,"",,,"",,,"",,,"",,,"",,,"",,,,,"",,,"",,,,"",,,"","","",,,"","",,5,,,,"","","",,,,,,,3,,"",,,"",,,"k",0.9492,,"space",0.2273,,3,"blue_gnome",3,2,"bright_forest","yellow_basket","purple_gnome",3,5,"dark_forest","red_basket",25,0,0,1,"purple_gnome","dark_forest","red_basket",1268,-2,0,7,1,57,6,1,"",,,"",,,"",,,"",,,"",,,"",,,,,,,"",,,"","",,,,,,,,"",,,,,,,"",,,"","","",,,,,,,,"",,,,,,,
"","",,"","","","","","","",,"","","","","","","",,"","","","","","","",,"","","","","","","",,"","","","","","","",,"","","","","","","",,"","","","","","","",,"","","","","",845078,1,"2024-10-01_17h18.45.455","experiment","2023.2.3","Win32",71.42857143,"612569afac9baa5313aa08a7","66fbf9d935dbf9e9cfd29582","66fc20c8c0f88e30e1da8b2e","",,,"",,,"",,,"",,,"",,,"",,,"",,,,,"",,,"",,,,"",,,"","","",,,"","",,5,,,,"","","",,,,,,,2,,"",,,"",,,"k",0.5891,,"space",0.1435,,2,"yellow_gnome",2,0,"bright_forest","yellow_basket","red_gnome",2,5,"dark_forest","red_basket",25,0,0,1,"red_gnome","dark_forest","red_basket",1293,-1,-1,7,2,58,5,1,"",,,"",,,"",,,"",,,"",,,"",,,,,,,"",,,"","",,,,,,,,"",,,,,,,"",,,"","","",,,,,,,,"",,,,,,,
"","",,"","","","","","","",,"","","","","","","",,"","","","","","","",,"","","","","","","",,"","","","","","","",,"","","","","","","",,"","","","","","","",,"","","","","",845078,1,"2024-10-01_17h18.45.455","experiment","2023.2.3","Win32",71.42857143,"612569afac9baa5313aa08a7","66fbf9d935dbf9e9cfd29582","66fc20c8c0f88e30e1da8b2e","",,,"",,,"",,,"",,,"",,,"",,,"",,,,,"",,,"",,,,"",,,"","","",,,"","",,1,,,,"","","",,,,,,,1,,"",,,"",,,"k",0.9497,,"space",0.3248,,1,"green_gnome",1,4,"dark_forest","red_basket","pink_gnome",1,1,"bright_forest","yellow_basket",1,0,0,1,"pink_gnome","bright_forest","yellow_basket",1294,-2,1,7,3,59,0,1,"",,,"",,,"",,,"",,,"",,,"",,,,,,,"",,,"","",,,,,,,,"",,,,,,,"",,,"","","",,,,,,,,"",,,,,,,
"","",,"","","","","","","",,"","","","","","","",,"","","","","","","",,"","","","","","","",,"","","","","","","",,"","","","","","","",,"","","","","","","",,"","","","","",845078,1,"2024-10-01_17h18.45.455","experiment","2023.2.3","Win32",71.42857143,"612569afac9baa5313aa08a7","66fbf9d935dbf9e9cfd29582","66fc20c8c0f88e30e1da8b2e","",,,"",,,"",,,"",,,"",,,"",,,"",,,,,"",,,"",,,,"",,,"","","",,,"","",,5,,,,"","","",,,,,,,3,,"",,,"",,,"k",1.2675,,"space",0.422,,3,"blue_gnome",3,1,"bright_forest","yellow_basket","purple_gnome",3,5,"dark_forest","red_basket",25,0,0,1,"purple_gnome","dark_forest","red_basket",1319,-1,0,7,4,60,6,1,"",,,"",,,"",,,"",,,"",,,"",,,,,,,"",,,"","",,,,,,,,"",,,,,,,"",,,"","","",,,,,,,,"",,,,,,,
"","",,"","","","","","","",,"","","","","","","",,"","","","","","","",,"","","","","","","",,"","","","","","","",,"","","","","","","",,"","","","","","","",,"","","","","",845078,1,"2024-10-01_17h18.45.455","experiment","2023.2.3","Win32",71.42857143,"612569afac9baa5313aa08a7","66fbf9d935dbf9e9cfd29582","66fc20c8c0f88e30e1da8b2e","",,,"",,,"",,,"",,,"",,,"",,,"",,,,,"",,,"",,,,"",,,"","","",,,"","",,5,,,,"","","",,,,,,,2,,"",,,"",,,"k",1.1847,,"space",0.2752,,2,"yellow_gnome",2,0,"bright_forest","yellow_basket","red_gnome",2,5,"dark_forest","red_basket",25,0,0,1,"red_gnome","dark_forest","red_basket",1344,0,1,7,5,61,5,1,"",,,"",,,"",,,"",,,"",,,"",,,,,,,"",,,"","",,,,,,,,"",,,,,,,"",,,"","","",,,,,,,,"",,,,,,,
"","",,"","","","","","","",,"","","","","","","",,"","","","","","","",,"","","","","","","",,"","","","","","","",,"","","","","","","",,"","","","","","","",,"","","","","",845078,1,"2024-10-01_17h18.45.455","experiment","2023.2.3","Win32",71.42857143,"612569afac9baa5313aa08a7","66fbf9d935dbf9e9cfd29582","66fc20c8c0f88e30e1da8b2e","",,,"",,,"",,,"",,,"",,,"",,,"",,,,,"",,,"",,,,"",,,"","","",,,"","",,1,,,,"","","",,,,,,,3,,"",,,"",,,"s",0.7388,,"space",0.3455,,3,"purple_gnome",3,6,"dark_forest","red_basket","blue_gnome",3,0,"bright_forest","yellow_basket",6,0,0,1,"purple_gnome","dark_forest","red_basket",1350,2,0,7,6,62,2,1,"",,,"",,,"",,,"",,,"",,,"",,,,,,,"",,,"","",,,,,,,,"",,,,,,,"",,,"","","",,,,,,,,"",,,,,,,
"","",,"","","","","","","",,"","","","","","","",,"","","","","","","",,"","","","","","","",,"","","","","","","",,"","","","","","","",,"","","","","","","",,"","","","","",845078,1,"2024-10-01_17h18.45.455","experiment","2023.2.3","Win32",71.42857143,"612569afac9baa5313aa08a7","66fbf9d935dbf9e9cfd29582","66fc20c8c0f88e30e1da8b2e","",,,"",,,"",,,"",,,"",,,"",,,"",,,,,"",,,"",,,,"",,,"","","",,,"","",,5,,,,"","","",,,,,,,1,,"",,,"",,,"s",0.7768,,"space",0.3412,,1,"green_gnome",1,6,"dark_forest","red_basket","pink_gnome",1,2,"bright_forest","yellow_basket",30,0,0,1,"green_gnome","dark_forest","red_basket",1380,-1,2,7,7,63,4,1,"",,,"",,,"",,,"",,,"",,,"",,,,,,,"",,,"","",,,,,,,,"",,,,,,,"",,,"","","",,,,,,,,"",,,,,,,
"","",,"","","","","","","",,"","","","","","","",,"","","","","","","",,"","","","","","","",,"","","","","","","",,"","","","","","","",,"","","","","","","",,"","","","","",845078,1,"2024-10-01_17h18.45.455","experiment","2023.2.3","Win32",71.42857143,"612569afac9baa5313aa08a7","66fbf9d935dbf9e9cfd29582","66fc20c8c0f88e30e1da8b2e","",,,"",,,"",,,"",,,"",,,"",,,"",,,,,"",,,"",,,,"",,,"","","",,,"","",,5,,,,"","","",,,,,,,2,,"",,,"",,,"s",1.2819,,"space",0.4162,,2,"red_gnome",2,8,"dark_forest","red_basket","yellow_gnome",2,1,"bright_forest","yellow_basket",40,0,0,1,"red_gnome","dark_forest","red_basket",1420,5,-1,8,0,64,5,1,"",,,"",,,"",,,"",,,"",,,"",,,,,,,"",,,"","",,,,,,,,"",,,,,,,"",,,"","","",,,,,,,,"",,,,,,,
"","",,"","","","","","","",,"","","","","","","",,"","","","","","","",,"","","","","","","",,"","","","","","","",,"","","","","","","",,"","","","","","","",,"","","","","",845078,1,"2024-10-01_17h18.45.455","experiment","2023.2.3","Win32",71.42857143,"612569afac9baa5313aa08a7","66fbf9d935dbf9e9cfd29582","66fc20c8c0f88e30e1da8b2e","",,,"",,,"",,,"",,,"",,,"",,,"",,,,,"",,,"",,,,"",,,"","","",,,"","",,5,,,,"","","",,,,,,,1,,"",,,"",,,"s",1.0337,,"",,,1,"green_gnome",1,7,"dark_forest","red_basket","pink_gnome",1,6,"bright_forest","yellow_basket",0,0,1,0,"green_gnome","dark_forest","red_basket",1420,-3,1,8,1,65,4,1,"",,,"",,,"",,,"",,,"",,,"",,,,,,,"",,,"","",,,,,,,,"",,,,,,,"",,,"","","",,,,,,,,"",,,,,,,
"","",,"","","","","","","",,"","","","","","","",,"","","","","","","",,"","","","","","","",,"","","","","","","",,"","","","","","","",,"","","","","","","",,"","","","","",845078,1,"2024-10-01_17h18.45.455","experiment","2023.2.3","Win32",71.42857143,"612569afac9baa5313aa08a7","66fbf9d935dbf9e9cfd29582","66fc20c8c0f88e30e1da8b2e","",,,"",,,"",,,"",,,"",,,"",,,"",,,,,"",,,"",,,,"",,,"","","",,,"","",,5,,,,"","","",,,,,,,3,,"",,,"",,,"s",1.2707,,"space",0.315,,3,"purple_gnome",3,8,"dark_forest","red_basket","blue_gnome",3,3,"bright_forest","yellow_basket",40,0,0,1,"purple_gnome","dark_forest","red_basket",1460,-3,-2,8,2,66,6,1,"",,,"",,,"",,,"",,,"",,,"",,,,,,,"",,,"","",,,,,,,,"",,,,,,,"",,,"","","",,,,,,,,"",,,,,,,
"","",,"","","","","","","",,"","","","","","","",,"","","","","","","",,"","","","","","","",,"","","","","","","",,"","","","","","","",,"","","","","","","",,"","","","","",845078,1,"2024-10-01_17h18.45.455","experiment","2023.2.3","Win32",71.42857143,"612569afac9baa5313aa08a7","66fbf9d935dbf9e9cfd29582","66fc20c8c0f88e30e1da8b2e","",,,"",,,"",,,"",,,"",,,"",,,"",,,,,"",,,"",,,,"",,,"","","",,,"","",,5,,,,"","","",,,,,,,3,,"",,,"",,,"s",0.8072,,"space",0.2681,,3,"purple_gnome",3,6,"dark_forest","red_basket","blue_gnome",3,0,"bright_forest","yellow_basket",30,0,0,1,"purple_gnome","dark_forest","red_basket",1490,0,-4,8,3,67,6,1,"",,,"",,,"",,,"",,,"",,,"",,,,,,,"",,,"","",,,,,,,,"",,,,,,,"",,,"","","",,,,,,,,"",,,,,,,
"","",,"","","","","","","",,"","","","","","","",,"","","","","","","",,"","","","","","","",,"","","","","","","",,"","","","","","","",,"","","","","","","",,"","","","","",845078,1,"2024-10-01_17h18.45.455","experiment","2023.2.3","Win32",71.42857143,"612569afac9baa5313aa08a7","66fbf9d935dbf9e9cfd29582","66fc20c8c0f88e30e1da8b2e","",,,"",,,"",,,"",,,"",,,"",,,"",,,,,"",,,"",,,,"",,,"","","",,,"","",,5,,,,"","","",,,,,,,1,,"",,,"",,,"k",1.1358,,"space",0.4155,,1,"pink_gnome",1,0,"bright_forest","yellow_basket","green_gnome",1,2,"dark_forest","red_basket",10,0,0,1,"green_gnome","dark_forest","red_basket",1500,-3,1,8,4,68,4,1,"",,,"",,,"",,,"",,,"",,,"",,,,,,,"",,,"","",,,,,,,,"",,,,,,,"",,,"","","",,,,,,,,"",,,,,,,
"","",,"","","","","","","",,"","","","","","","",,"","","","","","","",,"","","","","","","",,"","","","","","","",,"","","","","","","",,"","","","","","","",,"","","","","",845078,1,"2024-10-01_17h18.45.455","experiment","2023.2.3","Win32",71.42857143,"612569afac9baa5313aa08a7","66fbf9d935dbf9e9cfd29582","66fc20c8c0f88e30e1da8b2e","",,,"",,,"",,,"",,,"",,,"",,,"",,,,,"",,,"",,,,"",,,"","","",,,"","",,1,,,,"","","",,,,,,,3,,"",,,"",,,"k",1.092,,"space",0.2206,,3,"blue_gnome",3,3,"bright_forest","yellow_basket","purple_gnome",3,3,"dark_forest","red_basket",3,0,0,1,"purple_gnome","dark_forest","red_basket",1503,1,1,8,5,69,2,1,"",,,"",,,"",,,"",,,"",,,"",,,,,,,"",,,"","",,,,,,,,"",,,,,,,"",,,"","","",,,,,,,,"",,,,,,,
"","",,"","","","","","","",,"","","","","","","",,"","","","","","","",,"","","","","","","",,"","","","","","","",,"","","","","","","",,"","","","","","","",,"","","","","",845078,1,"2024-10-01_17h18.45.455","experiment","2023.2.3","Win32",71.42857143,"612569afac9baa5313aa08a7","66fbf9d935dbf9e9cfd29582","66fc20c8c0f88e30e1da8b2e","",,,"",,,"",,,"",,,"",,,"",,,"",,,,,"",,,"",,,,"",,,"","","",,,"","",,1,,,,"","","",,,,,,,3,,"",,,"",,,"k",0.9353,,"space",0.7348,,3,"purple_gnome",3,4,"dark_forest","red_basket","blue_gnome",3,4,"bright_forest","yellow_basket",4,0,0,1,"blue_gnome","bright_forest","yellow_basket",1507,2,2,8,6,70,2,1,"",,,"",,,"",,,"",,,"",,,"",,,,,,,"",,,"","",,,,,,,,"",,,,,,,"",,,"","","",,,,,,,,"",,,,,,,
"","",,"","","","","","","",,"","","","","","","",,"","","","","","","",,"","","","","","","",,"","","","","","","",,"","","","","","","",,"","","","","","","",,"","","","","",845078,1,"2024-10-01_17h18.45.455","experiment","2023.2.3","Win32",71.42857143,"612569afac9baa5313aa08a7","66fbf9d935dbf9e9cfd29582","66fc20c8c0f88e30e1da8b2e","",,,"",,,"",,,"",,,"",,,"",,,"",,,,,"",,,"",,,,"",,,"","","",,,"","",,1,,,,"","","",,,,,,,4,,"",,,"",,,"s",1.1715,,"space",0.4968,,4,"brown_gnome",4,6,"bright_forest","yellow_basket","orange_gnome",4,6,"dark_forest","red_basket",6,0,0,1,"brown_gnome","bright_forest","yellow_basket",1513,4,-1,8,7,71,3,1,"",,,"",,,"",,,"",,,"",,,"",,,,,,,"",,,"","",,,,,,,,"",,,,,,,"",,,"","","",,,,,,,,"",,,,,,,
"","",,"","","","","","","",,"","","","","","","",,"","","","","","","",,"","","","","","","",,"","","","","","","",,"","","","","","","",,"","","","","","","",,"","","","","",845078,1,"2024-10-01_17h18.45.455","experiment","2023.2.3","Win32",71.42857143,"612569afac9baa5313aa08a7","66fbf9d935dbf9e9cfd29582","66fc20c8c0f88e30e1da8b2e","",,,"",,,"",,,"",,,"",,,"",,,"",,,,,"",,,"",,,,"",,,"","","",,,"","",,5,,,,"","","",,,,,,,2,,"",,,"",,,"k",1.1153,,"space",0.6422,,2,"red_gnome",2,5,"dark_forest","red_basket","yellow_gnome",2,8,"bright_forest","yellow_basket",40,0,0,1,"yellow_gnome","bright_forest","yellow_basket",1553,0,-2,9,0,72,5,1,"",,,"",,,"",,,"",,,"",,,"",,,,,,,"",,,"","",,,,,,,,"",,,,,,,"",,,"","","",,,,,,,,"",,,,,,,
"","",,"","","","","","","",,"","","","","","","",,"","","","","","","",,"","","","","","","",,"","","","","","","",,"","","","","","","",,"","","","","","","",,"","","","","",845078,1,"2024-10-01_17h18.45.455","experiment","2023.2.3","Win32",71.42857143,"612569afac9baa5313aa08a7","66fbf9d935dbf9e9cfd29582","66fc20c8c0f88e30e1da8b2e","",,,"",,,"",,,"",,,"",,,"",,,"",,,,,"",,,"",,,,"",,,"","","",,,"","",,1,,,,"","","",,,,,,,4,,"",,,"",,,"k",1.08,,"space",1.3243,,4,"orange_gnome",4,3,"dark_forest","red_basket","brown_gnome",4,8,"bright_forest","yellow_basket",8,0,0,1,"brown_gnome","bright_forest","yellow_basket",1561,2,3,9,1,73,3,1,"",,,"",,,"",,,"",,,"",,,"",,,,,,,"",,,"","",,,,,,,,"",,,,,,,"",,,"","","",,,,,,,,"",,,,,,,
"","",,"","","","","","","",,"","","","","","","",,"","","","","","","",,"","","","","","","",,"","","","","","","",,"","","","","","","",,"","","","","","","",,"","","","","",845078,1,"2024-10-01_17h18.45.455","experiment","2023.2.3","Win32",71.42857143,"612569afac9baa5313aa08a7","66fbf9d935dbf9e9cfd29582","66fc20c8c0f88e30e1da8b2e","",,,"",,,"",,,"",,,"",,,"",,,"",,,,,"",,,"",,,,"",,,"","","",,,"","",,1,,,,"","","",,,,,,,3,,"",,,"",,,"",,,"",,,3,"blue_gnome",3,8,"bright_forest","yellow_basket","purple_gnome",3,6,"dark_forest","red_basket",0,1,0,0,"","bright_forest","yellow_basket",1561,-1,-1,9,2,74,2,1,"",,,"",,,"",,,"",,,"",,,"",,,,,,,"",,,"","",,,,,,,,"",,,,,,,"",,,"","","",,,,,,,,"",,,,,,,
"","",,"","","","","","","",,"","","","","","","",,"","","","","","","",,"","","","","","","",,"","","","","","","",,"","","","","","","",,"","","","","","","",,"","","","","",845078,1,"2024-10-01_17h18.45.455","experiment","2023.2.3","Win32",71.42857143,"612569afac9baa5313aa08a7","66fbf9d935dbf9e9cfd29582","66fc20c8c0f88e30e1da8b2e","",,,"",,,"",,,"",,,"",,,"",,,"",,,,,"",,,"",,,,"",,,"","","",,,"","",,5,,,,"","","",,,,,,,1,,"",,,"",,,"k",1.0972,,"space",0.4513,,1,"green_gnome",1,5,"dark_forest","red_basket","pink_gnome",1,7,"bright_forest","yellow_basket",35,0,0,1,"pink_gnome","bright_forest","yellow_basket",1596,1,-1,9,3,75,4,1,"",,,"",,,"",,,"",,,"",,,"",,,,,,,"",,,"","",,,,,,,,"",,,,,,,"",,,"","","",,,,,,,,"",,,,,,,
"","",,"","","","","","","",,"","","","","","","",,"","","","","","","",,"","","","","","","",,"","","","","","","",,"","","","","","","",,"","","","","","","",,"","","","","",845078,1,"2024-10-01_17h18.45.455","experiment","2023.2.3","Win32",71.42857143,"612569afac9baa5313aa08a7","66fbf9d935dbf9e9cfd29582","66fc20c8c0f88e30e1da8b2e","",,,"",,,"",,,"",,,"",,,"",,,"",,,,,"",,,"",,,,"",,,"","","",,,"","",,5,,,,"","","",,,,,,,1,,"",,,"",,,"k",0.8915,,"space",0.7361,,1,"green_gnome",1,4,"dark_forest","red_basket","pink_gnome",1,8,"bright_forest","yellow_basket",40,0,0,1,"pink_gnome","bright_forest","yellow_basket",1636,1,-2,9,4,76,4,1,"",,,"",,,"",,,"",,,"",,,"",,,,,,,"",,,"","",,,,,,,,"",,,,,,,"",,,"","","",,,,,,,,"",,,,,,,
"","",,"","","","","","","",,"","","","","","","",,"","","","","","","",,"","","","","","","",,"","","","","","","",,"","","","","","","",,"","","","","","","",,"","","","","",845078,1,"2024-10-01_17h18.45.455","experiment","2023.2.3","Win32",71.42857143,"612569afac9baa5313aa08a7","66fbf9d935dbf9e9cfd29582","66fc20c8c0f88e30e1da8b2e","",,,"",,,"",,,"",,,"",,,"",,,"",,,,,"",,,"",,,,"",,,"","","",,,"","",,5,,,,"","","",,,,,,,1,,"",,,"",,,"s",0.7497,,"space",0.497,,1,"pink_gnome",1,9,"bright_forest","yellow_basket","green_gnome",1,2,"dark_forest","red_basket",45,0,0,1,"pink_gnome","bright_forest","yellow_basket",1681,-1,-3,9,5,77,4,1,"",,,"",,,"",,,"",,,"",,,"",,,,,,,"",,,"","",,,,,,,,"",,,,,,,"",,,"","","",,,,,,,,"",,,,,,,
"","",,"","","","","","","",,"","","","","","","",,"","","","","","","",,"","","","","","","",,"","","","","","","",,"","","","","","","",,"","","","","","","",,"","","","","",845078,1,"2024-10-01_17h18.45.455","experiment","2023.2.3","Win32",71.42857143,"612569afac9baa5313aa08a7","66fbf9d935dbf9e9cfd29582","66fc20c8c0f88e30e1da8b2e","",,,"",,,"",,,"",,,"",,,"",,,"",,,,,"",,,"",,,,"",,,"","","",,,"","",,5,,,,"","","",,,,,,,4,,"",,,"",,,"k",1.1594,,"space",0.2106,,4,"orange_gnome",4,1,"dark_forest","red_basket","brown_gnome",4,8,"bright_forest","yellow_basket",40,0,0,1,"brown_gnome","bright_forest","yellow_basket",1721,1,3,9,6,78,7,1,"",,,"",,,"",,,"",,,"",,,"",,,,,,,"",,,"","",,,,,,,,"",,,,,,,"",,,"","","",,,,,,,,"",,,,,,,
"","",,"","","","","","","",,"","","","","","","",,"","","","","","","",,"","","","","","","",,"","","","","","","",,"","","","","","","",,"","","","","","","",,"","","","","",845078,1,"2024-10-01_17h18.45.455","experiment","2023.2.3","Win32",71.42857143,"612569afac9baa5313aa08a7","66fbf9d935dbf9e9cfd29582","66fc20c8c0f88e30e1da8b2e","",,,"",,,"",,,"",,,"",,,"",,,"",,,,,"",,,"",,,,"",,,"","","",,,"","",,5,,,,"","","",,,,,,,4,,"",,,"",,,"s",0.7763,,"space",0.8285,,4,"brown_gnome",4,9,"bright_forest","yellow_basket","orange_gnome",4,4,"dark_forest","red_basket",45,0,0,1,"brown_gnome","bright_forest","yellow_basket",1766,0,0,9,7,79,7,1,"",,,"",,,"",,,"",,,"",,,"",,,,,,,"",,,"","",,,,,,,,"",,,,,,,"",,,"","","",,,,,,,,"",,,,,,,
"","",,"","","","","","","",,"","","","","","","",,"","","","","","","",,"","","","","","","",,"","","","","","","",,"","","","","","","",,"","","","","","","",,"","","","","",845078,1,"2024-10-01_17h18.45.455","experiment","2023.2.3","Win32",71.42857143,"612569afac9baa5313aa08a7","66fbf9d935dbf9e9cfd29582","66fc20c8c0f88e30e1da8b2e","",,,"",,,"",,,"",,,"",,,"",,,"",,,,,"",,,"",,,,"",,,"","","",,,"","",,5,,,,"","","",,,,,,,2,,"",,,"",,,"k",1.0417,,"space",0.2101,7e-04,2,"red_gnome",2,4,"dark_forest","red_basket","yellow_gnome",2,9,"bright_forest","yellow_basket",45,0,0,1,"yellow_gnome","bright_forest","yellow_basket",1811,-2,-4,10,0,80,5,1,"",,,"",,,"",,,"",,,"",,,"",,,,,,,"",,,"","",,,,,,,,"",,,,,,,"",,,"","","",,,,,,,,"",,,,,,,
"","",,"","","","","","","",,"","","","","","","",,"","","","","","","",,"","","","","","","",,"","","","","","","",,"","","","","","","",,"","","","","","","",,"","","","","",845078,1,"2024-10-01_17h18.45.455","experiment","2023.2.3","Win32",71.42857143,"612569afac9baa5313aa08a7","66fbf9d935dbf9e9cfd29582","66fc20c8c0f88e30e1da8b2e","",,,"",,,"",,,"",,,"",,,"",,,"",,,,,"",,,"",,,,"",,,"","","",,,"","",,1,,,,"","","",,,,,,,1,,"",,,"",,,"s",0.7981,,"space",1.0465,,1,"pink_gnome",1,7,"bright_forest","yellow_basket","green_gnome",1,0,"dark_forest","red_basket",7,0,0,1,"pink_gnome","bright_forest","yellow_basket",1818,-1,-2,10,1,81,0,1,"",,,"",,,"",,,"",,,"",,,"",,,,,,,"",,,"","",,,,,,,,"",,,,,,,"",,,"","","",,,,,,,,"",,,,,,,
"","",,"","","","","","","",,"","","","","","","",,"","","","","","","",,"","","","","","","",,"","","","","","","",,"","","","","","","",,"","","","","","","",,"","","","","",845078,1,"2024-10-01_17h18.45.455","experiment","2023.2.3","Win32",71.42857143,"612569afac9baa5313aa08a7","66fbf9d935dbf9e9cfd29582","66fc20c8c0f88e30e1da8b2e","",,,"",,,"",,,"",,,"",,,"",,,"",,,,,"",,,"",,,,"",,,"","","",,,"","",,1,,,,"","","",,,,,,,2,,"",,,"",,,"s",1.0394,,"space",0.4615,,2,"yellow_gnome",2,6,"bright_forest","yellow_basket","red_gnome",2,2,"dark_forest","red_basket",6,0,0,1,"yellow_gnome","bright_forest","yellow_basket",1824,-1,-3,10,2,82,1,1,"",,,"",,,"",,,"",,,"",,,"",,,,,,,"",,,"","",,,,,,,,"",,,,,,,"",,,"","","",,,,,,,,"",,,,,,,
"","",,"","","","","","","",,"","","","","","","",,"","","","","","","",,"","","","","","","",,"","","","","","","",,"","","","","","","",,"","","","","","","",,"","","","","",845078,1,"2024-10-01_17h18.45.455","experiment","2023.2.3","Win32",71.42857143,"612569afac9baa5313aa08a7","66fbf9d935dbf9e9cfd29582","66fc20c8c0f88e30e1da8b2e","",,,"",,,"",,,"",,,"",,,"",,,"",,,,,"",,,"",,,,"",,,"","","",,,"","",,5,,,,"","","",,,,,,,4,,"",,,"",,,"s",0.7896,,"space",0.8554,,4,"brown_gnome",4,5,"bright_forest","yellow_basket","orange_gnome",4,1,"dark_forest","red_basket",25,0,0,1,"brown_gnome","bright_forest","yellow_basket",1849,-1,1,10,3,83,7,1,"",,,"",,,"",,,"",,,"",,,"",,,,,,,"",,,"","",,,,,,,,"",,,,,,,"",,,"","","",,,,,,,,"",,,,,,,
"","",,"","","","","","","",,"","","","","","","",,"","","","","","","",,"","","","","","","",,"","","","","","","",,"","","","","","","",,"","","","","","","",,"","","","","",845078,1,"2024-10-01_17h18.45.455","experiment","2023.2.3","Win32",71.42857143,"612569afac9baa5313aa08a7","66fbf9d935dbf9e9cfd29582","66fc20c8c0f88e30e1da8b2e","",,,"",,,"",,,"",,,"",,,"",,,"",,,,,"",,,"",,,,"",,,"","","",,,"","",,5,,,,"","","",,,,,,,3,,"",,,"",,,"k",0.9933,,"space",0.7393,,3,"purple_gnome",3,2,"dark_forest","red_basket","blue_gnome",3,4,"bright_forest","yellow_basket",20,0,0,1,"blue_gnome","bright_forest","yellow_basket",1869,1,2,10,4,84,6,1,"",,,"",,,"",,,"",,,"",,,"",,,,,,,"",,,"","",,,,,,,,"",,,,,,,"",,,"","","",,,,,,,,"",,,,,,,
"","",,"","","","","","","",,"","","","","","","",,"","","","","","","",,"","","","","","","",,"","","","","","","",,"","","","","","","",,"","","","","","","",,"","","","","",845078,1,"2024-10-01_17h18.45.455","experiment","2023.2.3","Win32",71.42857143,"612569afac9baa5313aa08a7","66fbf9d935dbf9e9cfd29582","66fc20c8c0f88e30e1da8b2e","",,,"",,,"",,,"",,,"",,,"",,,"",,,,,"",,,"",,,,"",,,"","","",,,"","",,1,,,,"","","",,,,,,,1,,"",,,"",,,"k",0.7878,,"space",0.6598,,1,"green_gnome",1,4,"dark_forest","red_basket","pink_gnome",1,5,"bright_forest","yellow_basket",5,0,0,1,"pink_gnome","bright_forest","yellow_basket",1874,0,4,10,5,85,0,1,"",,,"",,,"",,,"",,,"",,,"",,,,,,,"",,,"","",,,,,,,,"",,,,,,,"",,,"","","",,,,,,,,"",,,,,,,
"","",,"","","","","","","",,"","","","","","","",,"","","","","","","",,"","","","","","","",,"","","","","","","",,"","","","","","","",,"","","","","","","",,"","","","","",845078,1,"2024-10-01_17h18.45.455","experiment","2023.2.3","Win32",71.42857143,"612569afac9baa5313aa08a7","66fbf9d935dbf9e9cfd29582","66fc20c8c0f88e30e1da8b2e","",,,"",,,"",,,"",,,"",,,"",,,"",,,,,"",,,"",,,,"",,,"","","",,,"","",,5,,,,"","","",,,,,,,3,,"",,,"",,,"s",1.034,,"space",1.1492,,3,"blue_gnome",3,5,"bright_forest","yellow_basket","purple_gnome",3,8,"dark_forest","red_basket",25,0,0,1,"blue_gnome","bright_forest","yellow_basket",1899,0,2,10,6,86,6,1,"",,,"",,,"",,,"",,,"",,,"",,,,,,,"",,,"","",,,,,,,,"",,,,,,,"",,,"","","",,,,,,,,"",,,,,,,
"","",,"","","","","","","",,"","","","","","","",,"","","","","","","",,"","","","","","","",,"","","","","","","",,"","","","","","","",,"","","","","","","",,"","","","","",845078,1,"2024-10-01_17h18.45.455","experiment","2023.2.3","Win32",71.42857143,"612569afac9baa5313aa08a7","66fbf9d935dbf9e9cfd29582","66fc20c8c0f88e30e1da8b2e","",,,"",,,"",,,"",,,"",,,"",,,"",,,,,"",,,"",,,,"",,,"","","",,,"","",,1,,,,"","","",,,,,,,3,,"",,,"",,,"s",1.2356,,"space",0.4515,,3,"purple_gnome",3,8,"dark_forest","red_basket","blue_gnome",3,5,"bright_forest","yellow_basket",8,0,0,1,"purple_gnome","dark_forest","red_basket",1907,0,3,10,7,87,2,1,"",,,"",,,"",,,"",,,"",,,"",,,,,,,"",,,"","",,,,,,,,"",,,,,,,"",,,"","","",,,,,,,,"",,,,,,,
"","",,"","","","","","","",,"","","","","","","",,"","","","","","","",,"","","","","","","",,"","","","","","","",,"","","","","","","",,"","","","","","","",,"","","","","",845078,1,"2024-10-01_17h18.45.455","experiment","2023.2.3","Win32",71.42857143,"612569afac9baa5313aa08a7","66fbf9d935dbf9e9cfd29582","66fc20c8c0f88e30e1da8b2e","",,,"",,,"",,,"",,,"",,,"",,,"",,,,,"",,,"",,,,"",,,"","","",,,"","",,1,,,,"","","",,,,,,,2,,"",,,"",,,"s",0.9186,,"space",0.6294,,2,"red_gnome",2,7,"dark_forest","red_basket","yellow_gnome",2,5,"bright_forest","yellow_basket",7,0,0,1,"red_gnome","dark_forest","red_basket",1914,-4,-1,11,0,88,1,1,"",,,"",,,"",,,"",,,"",,,"",,,,,,,"",,,"","",,,,,,,,"",,,,,,,"",,,"","","",,,,,,,,"",,,,,,,
"","",,"","","","","","","",,"","","","","","","",,"","","","","","","",,"","","","","","","",,"","","","","","","",,"","","","","","","",,"","","","","","","",,"","","","","",845078,1,"2024-10-01_17h18.45.455","experiment","2023.2.3","Win32",71.42857143,"612569afac9baa5313aa08a7","66fbf9d935dbf9e9cfd29582","66fc20c8c0f88e30e1da8b2e","",,,"",,,"",,,"",,,"",,,"",,,"",,,,,"",,,"",,,,"",,,"","","",,,"","",,5,,,,"","","",,,,,,,1,,"",,,"",,,"",,,"",,,1,"pink_gnome",1,1,"bright_forest","yellow_basket","green_gnome",1,6,"dark_forest","red_basket",0,1,0,0,"","dark_forest","red_basket",1914,-2,3,11,1,89,4,1,"",,,"",,,"",,,"",,,"",,,"",,,,,,,"",,,"","",,,,,,,,"",,,,,,,"",,,"","","",,,,,,,,"",,,,,,,
"","",,"","","","","","","",,"","","","","","","",,"","","","","","","",,"","","","","","","",,"","","","","","","",,"","","","","","","",,"","","","","","","",,"","","","","",845078,1,"2024-10-01_17h18.45.455","experiment","2023.2.3","Win32",71.42857143,"612569afac9baa5313aa08a7","66fbf9d935dbf9e9cfd29582","66fc20c8c0f88e30e1da8b2e","",,,"",,,"",,,"",,,"",,,"",,,"",,,,,"",,,"",,,,"",,,"","","",,,"","",,1,,,,"","","",,,,,,,1,,"",,,"",,,"s",0.7625,,"space",0.1376,,1,"green_gnome",1,9,"dark_forest","red_basket","pink_gnome",1,1,"bright_forest","yellow_basket",9,0,0,1,"green_gnome","dark_forest","red_basket",1923,0,0,11,2,90,0,1,"",,,"",,,"",,,"",,,"",,,"",,,,,,,"",,,"","",,,,,,,,"",,,,,,,"",,,"","","",,,,,,,,"",,,,,,,
"","",,"","","","","","","",,"","","","","","","",,"","","","","","","",,"","","","","","","",,"","","","","","","",,"","","","","","","",,"","","","","","","",,"","","","","",845078,1,"2024-10-01_17h18.45.455","experiment","2023.2.3","Win32",71.42857143,"612569afac9baa5313aa08a7","66fbf9d935dbf9e9cfd29582","66fc20c8c0f88e30e1da8b2e","",,,"",,,"",,,"",,,"",,,"",,,"",,,,,"",,,"",,,,"",,,"","","",,,"","",,5,,,,"","","",,,,,,,4,,"",,,"",,,"s",0.7711,,"space",0.3211,,4,"brown_gnome",4,1,"bright_forest","yellow_basket","orange_gnome",4,9,"dark_forest","red_basket",5,0,0,1,"brown_gnome","bright_forest","yellow_basket",1928,2,1,11,3,91,7,1,"",,,"",,,"",,,"",,,"",,,"",,,,,,,"",,,"","",,,,,,,,"",,,,,,,"",,,"","","",,,,,,,,"",,,,,,,
"","",,"","","","","","","",,"","","","","","","",,"","","","","","","",,"","","","","","","",,"","","","","","","",,"","","","","","","",,"","","","","","","",,"","","","","",845078,1,"2024-10-01_17h18.45.455","experiment","2023.2.3","Win32",71.42857143,"612569afac9baa5313aa08a7","66fbf9d935dbf9e9cfd29582","66fc20c8c0f88e30e1da8b2e","",,,"",,,"",,,"",,,"",,,"",,,"",,,,,"",,,"",,,,"",,,"","","",,,"","",,5,,,,"","","",,,,,,,3,,"",,,"",,,"s",0.8096,,"space",0.2234,,3,"purple_gnome",3,8,"dark_forest","red_basket","blue_gnome",3,3,"bright_forest","yellow_basket",40,0,0,1,"purple_gnome","dark_forest","red_basket",1968,1,-1,11,4,92,6,1,"",,,"",,,"",,,"",,,"",,,"",,,,,,,"",,,"","",,,,,,,,"",,,,,,,"",,,"","","",,,,,,,,"",,,,,,,
"","",,"","","","","","","",,"","","","","","","",,"","","","","","","",,"","","","","","","",,"","","","","","","",,"","","","","","","",,"","","","","","","",,"","","","","",845078,1,"2024-10-01_17h18.45.455","experiment","2023.2.3","Win32",71.42857143,"612569afac9baa5313aa08a7","66fbf9d935dbf9e9cfd29582","66fc20c8c0f88e30e1da8b2e","",,,"",,,"",,,"",,,"",,,"",,,"",,,,,"",,,"",,,,"",,,"","","",,,"","",,1,,,,"","","",,,,,,,3,,"",,,"",,,"k",1.1601,,"space",0.3894,,3,"blue_gnome",3,4,"bright_forest","yellow_basket","purple_gnome",3,7,"dark_forest","red_basket",7,0,0,1,"purple_gnome","dark_forest","red_basket",1975,4,-3,11,5,93,2,1,"",,,"",,,"",,,"",,,"",,,"",,,,,,,"",,,"","",,,,,,,,"",,,,,,,"",,,"","","",,,,,,,,"",,,,,,,
"","",,"","","","","","","",,"","","","","","","",,"","","","","","","",,"","","","","","","",,"","","","","","","",,"","","","","","","",,"","","","","","","",,"","","","","",845078,1,"2024-10-01_17h18.45.455","experiment","2023.2.3","Win32",71.42857143,"612569afac9baa5313aa08a7","66fbf9d935dbf9e9cfd29582","66fc20c8c0f88e30e1da8b2e","",,,"",,,"",,,"",,,"",,,"",,,"",,,,,"",,,"",,,,"",,,"","","",,,"","",,5,,,,"","","",,,,,,,3,,"",,,"",,,"k",0.9087,,"space",0.1355,,3,"blue_gnome",3,8,"bright_forest","yellow_basket","purple_gnome",3,4,"dark_forest","red_basket",20,0,0,1,"purple_gnome","dark_forest","red_basket",1995,-2,2,11,6,94,6,1,"",,,"",,,"",,,"",,,"",,,"",,,,,,,"",,,"","",,,,,,,,"",,,,,,,"",,,"","","",,,,,,,,"",,,,,,,
"","",,"","","","","","","",,"","","","","","","",,"","","","","","","",,"","","","","","","",,"","","","","","","",,"","","","","","","",,"","","","","","","",,"","","","","",845078,1,"2024-10-01_17h18.45.455","experiment","2023.2.3","Win32",71.42857143,"612569afac9baa5313aa08a7","66fbf9d935dbf9e9cfd29582","66fc20c8c0f88e30e1da8b2e","",,,"",,,"",,,"",,,"",,,"",,,"",,,,,"",,,"",,,,"",,,"","","",,,"","",,5,,,,"","","",,,,,,,1,,"",,,"",,,"s",0.8708,,"space",0.3026,,1,"pink_gnome",1,6,"bright_forest","yellow_basket","green_gnome",1,6,"dark_forest","red_basket",30,0,0,1,"pink_gnome","bright_forest","yellow_basket",2025,0,0,11,7,95,4,1,"",,,"",,,"",,,"",,,"",,,"",,,,,,,"",,,"","",,,,,,,,"",,,,,,,"",,,"","","",,,,,,,,"",,,,,,,
"","",,"","","","","","","",,"","","","","","","",,"","","","","","","",,"","","","","","","",,"","","","","","","",,"","","","","","","",,"","","","","","","",,"","","","","",845078,1,"2024-10-01_17h18.45.455","experiment","2023.2.3","Win32",71.42857143,"612569afac9baa5313aa08a7","66fbf9d935dbf9e9cfd29582","66fc20c8c0f88e30e1da8b2e","",,,"",,,"",,,"",,,"",,,"",,,"",,,,,"",,,"",,,,"",,,"","","",,,"","",,1,,,,"","","",,,,,,,4,,"",,,"",,,"k",0.8832,,"space",0.3203,,4,"brown_gnome",4,6,"bright_forest","yellow_basket","orange_gnome",4,6,"dark_forest","red_basket",6,0,0,1,"orange_gnome","dark_forest","red_basket",2031,3,-2,12,0,96,3,1,"",,,"",,,"",,,"",,,"",,,"",,,,,,,"",,,"","",,,,,,,,"",,,,,,,"",,,"","","",,,,,,,,"",,,,,,,
"","",,"","","","","","","",,"","","","","","","",,"","","","","","","",,"","","","","","","",,"","","","","","","",,"","","","","","","",,"","","","","","","",,"","","","","",845078,1,"2024-10-01_17h18.45.455","experiment","2023.2.3","Win32",71.42857143,"612569afac9baa5313aa08a7","66fbf9d935dbf9e9cfd29582","66fc20c8c0f88e30e1da8b2e","",,,"",,,"",,,"",,,"",,,"",,,"",,,,,"",,,"",,,,"",,,"","","",,,"","",,1,,,,"","","",,,,,,,4,,"",,,"",,,"s",0.706,,"space",0.082,,4,"orange_gnome",4,4,"dark_forest","red_basket","brown_gnome",4,9,"bright_forest","yellow_basket",4,0,0,1,"orange_gnome","dark_forest","red_basket",2035,2,1,12,1,97,3,1,"",,,"",,,"",,,"",,,"",,,"",,,,,,,"",,,"","",,,,,,,,"",,,,,,,"",,,"","","",,,,,,,,"",,,,,,,
"","",,"","","","","","","",,"","","","","","","",,"","","","","","","",,"","","","","","","",,"","","","","","","",,"","","","","","","",,"","","","","","","",,"","","","","",845078,1,"2024-10-01_17h18.45.455","experiment","2023.2.3","Win32",71.42857143,"612569afac9baa5313aa08a7","66fbf9d935dbf9e9cfd29582","66fc20c8c0f88e30e1da8b2e","",,,"",,,"",,,"",,,"",,,"",,,"",,,,,"",,,"",,,,"",,,"","","",,,"","",,1,,,,"","","",,,,,,,4,,"",,,"",,,"k",0.7469,,"space",0.5041,,4,"orange_gnome",4,5,"dark_forest","red_basket","brown_gnome",4,7,"bright_forest","yellow_basket",7,0,0,1,"brown_gnome","bright_forest","yellow_basket",2042,0,-3,12,2,98,3,1,"",,,"",,,"",,,"",,,"",,,"",,,,,,,"",,,"","",,,,,,,,"",,,,,,,"",,,"","","",,,,,,,,"",,,,,,,
"","",,"","","","","","","",,"","","","","","","",,"","","","","","","",,"","","","","","","",,"","","","","","","",,"","","","","","","",,"","","","","","","",,"","","","","",845078,1,"2024-10-01_17h18.45.455","experiment","2023.2.3","Win32",71.42857143,"612569afac9baa5313aa08a7","66fbf9d935dbf9e9cfd29582","66fc20c8c0f88e30e1da8b2e","",,,"",,,"",,,"",,,"",,,"",,,"",,,,,"",,,"",,,,"",,,"","","",,,"","",,1,,,,"","","",,,,,,,4,,"",,,"",,,"k",0.8364,,"space",0.4157,,4,"orange_gnome",4,2,"dark_forest","red_basket","brown_gnome",4,7,"bright_forest","yellow_basket",7,0,0,1,"brown_gnome","bright_forest","yellow_basket",2049,-2,-2,12,3,99,3,1,"",,,"",,,"",,,"",,,"",,,"",,,,,,,"",,,"","",,,,,,,,"",,,,,,,"",,,"","","",,,,,,,,"",,,,,,,
"","",,"","","","","","","",,"","","","","","","",,"","","","","","","",,"","","","","","","",,"","","","","","","",,"","","","","","","",,"","","","","","","",,"","","","","",845078,1,"2024-10-01_17h18.45.455","experiment","2023.2.3","Win32",71.42857143,"612569afac9baa5313aa08a7","66fbf9d935dbf9e9cfd29582","66fc20c8c0f88e30e1da8b2e","",,,"",,,"",,,"",,,"",,,"",,,"",,,,,"",,,"",,,,"",,,"","","",,,"","",,5,,,,"","","",,,,,,,4,,"",,,"",,,"s",1.0437,,"space",0.4664,,4,"brown_gnome",4,5,"bright_forest","yellow_basket","orange_gnome",4,0,"dark_forest","red_basket",25,0,0,1,"brown_gnome","bright_forest","yellow_basket",2074,3,-2,12,4,100,7,1,"",,,"",,,"",,,"",,,"",,,"",,,,,,,"",,,"","",,,,,,,,"",,,,,,,"",,,"","","",,,,,,,,"",,,,,,,
"","",,"","","","","","","",,"","","","","","","",,"","","","","","","",,"","","","","","","",,"","","","","","","",,"","","","","","","",,"","","","","","","",,"","","","","",845078,1,"2024-10-01_17h18.45.455","experiment","2023.2.3","Win32",71.42857143,"612569afac9baa5313aa08a7","66fbf9d935dbf9e9cfd29582","66fc20c8c0f88e30e1da8b2e","",,,"",,,"",,,"",,,"",,,"",,,"",,,,,"",,,"",,,,"",,,"","","",,,"","",,1,,,,"","","",,,,,,,2,,"",,,"",,,"s",0.9866,,"space",0.2183,,2,"red_gnome",2,2,"dark_forest","red_basket","yellow_gnome",2,8,"bright_forest","yellow_basket",2,0,0,1,"red_gnome","dark_forest","red_basket",2076,1,-4,12,5,101,1,1,"",,,"",,,"",,,"",,,"",,,"",,,,,,,"",,,"","",,,,,,,,"",,,,,,,"",,,"","","",,,,,,,,"",,,,,,,
"","",,"","","","","","","",,"","","","","","","",,"","","","","","","",,"","","","","","","",,"","","","","","","",,"","","","","","","",,"","","","","","","",,"","","","","",845078,1,"2024-10-01_17h18.45.455","experiment","2023.2.3","Win32",71.42857143,"612569afac9baa5313aa08a7","66fbf9d935dbf9e9cfd29582","66fc20c8c0f88e30e1da8b2e","",,,"",,,"",,,"",,,"",,,"",,,"",,,,,"",,,"",,,,"",,,"","","",,,"","",,1,,,,"","","",,,,,,,3,,"",,,"",,,"s",0.7676,,"space",0.2175,,3,"blue_gnome",3,9,"bright_forest","yellow_basket","purple_gnome",3,2,"dark_forest","red_basket",9,0,0,1,"blue_gnome","bright_forest","yellow_basket",2085,1,0,12,6,102,2,1,"",,,"",,,"",,,"",,,"",,,"",,,,,,,"",,,"","",,,,,,,,"",,,,,,,"",,,"","","",,,,,,,,"",,,,,,,
"","",,"","","","","","","",,"","","","","","","",,"","","","","","","",,"","","","","","","",,"","","","","","","",,"","","","","","","",,"","","","","","","",,"","","","","",845078,1,"2024-10-01_17h18.45.455","experiment","2023.2.3","Win32",71.42857143,"612569afac9baa5313aa08a7","66fbf9d935dbf9e9cfd29582","66fc20c8c0f88e30e1da8b2e","",,,"",,,"",,,"",,,"",,,"",,,"",,,,,"",,,"",,,,"",,,"","","",,,"","",,1,,,,"","","",,,,,,,2,,"",,,"",,,"s",1.0518,,"space",0.3945,,2,"yellow_gnome",2,8,"bright_forest","yellow_basket","red_gnome",2,2,"dark_forest","red_basket",8,0,0,1,"yellow_gnome","bright_forest","yellow_basket",2093,2,-1,12,7,103,1,1,"",,,"",,,"",,,"",,,"",,,"",,,,,,,"",,,"","",,,,,,,,"",,,,,,,"",,,"","","",,,,,,,,"",,,,,,,
"","",,"","","","","","","",,"","","","","","","",,"","","","","","","",,"","","","","","","",,"","","","","","","",,"","","","","","","",,"","","","","","","",,"","","","","",845078,1,"2024-10-01_17h18.45.455","experiment","2023.2.3","Win32",71.42857143,"612569afac9baa5313aa08a7","66fbf9d935dbf9e9cfd29582","66fc20c8c0f88e30e1da8b2e","",,,"",,,"",,,"",,,"",,,"",,,"",,,,,"",,,"",,,,"",,,"","","",,,"","",,1,,,,"","","",,,,,,,3,,"",,,"",,,"k",0.8901,,"space",0.4981,,3,"purple_gnome",3,1,"dark_forest","red_basket","blue_gnome",3,8,"bright_forest","yellow_basket",8,0,0,1,"blue_gnome","bright_forest","yellow_basket",2101,-5,4,13,0,104,2,1,"",,,"",,,"",,,"",,,"",,,"",,,,,,,"",,,"","",,,,,,,,"",,,,,,,"",,,"","","",,,,,,,,"",,,,,,,
"","",,"","","","","","","",,"","","","","","","",,"","","","","","","",,"","","","","","","",,"","","","","","","",,"","","","","","","",,"","","","","","","",,"","","","","",845078,1,"2024-10-01_17h18.45.455","experiment","2023.2.3","Win32",71.42857143,"612569afac9baa5313aa08a7","66fbf9d935dbf9e9cfd29582","66fc20c8c0f88e30e1da8b2e","",,,"",,,"",,,"",,,"",,,"",,,"",,,,,"",,,"",,,,"",,,"","","",,,"","",,1,,,,"","","",,,,,,,1,,"",,,"",,,"k",1.0241,,"space",0.2272,,1,"green_gnome",1,5,"dark_forest","red_basket","pink_gnome",1,3,"bright_forest","yellow_basket",3,0,0,1,"pink_gnome","bright_forest","yellow_basket",2104,1,-2,13,1,105,0,1,"",,,"",,,"",,,"",,,"",,,"",,,,,,,"",,,"","",,,,,,,,"",,,,,,,"",,,"","","",,,,,,,,"",,,,,,,
"","",,"","","","","","","",,"","","","","","","",,"","","","","","","",,"","","","","","","",,"","","","","","","",,"","","","","","","",,"","","","","","","",,"","","","","",845078,1,"2024-10-01_17h18.45.455","experiment","2023.2.3","Win32",71.42857143,"612569afac9baa5313aa08a7","66fbf9d935dbf9e9cfd29582","66fc20c8c0f88e30e1da8b2e","",,,"",,,"",,,"",,,"",,,"",,,"",,,,,"",,,"",,,,"",,,"","","",,,"","",,1,,,,"","","",,,,,,,2,,"",,,"",,,"k",0.9317,,"space",0.1671,,2,"yellow_gnome",2,4,"bright_forest","yellow_basket","red_gnome",2,3,"dark_forest","red_basket",3,0,0,1,"red_gnome","dark_forest","red_basket",2107,-3,0,13,2,106,1,1,"",,,"",,,"",,,"",,,"",,,"",,,,,,,"",,,"","",,,,,,,,"",,,,,,,"",,,"","","",,,,,,,,"",,,,,,,
"","",,"","","","","","","",,"","","","","","","",,"","","","","","","",,"","","","","","","",,"","","","","","","",,"","","","","","","",,"","","","","","","",,"","","","","",845078,1,"2024-10-01_17h18.45.455","experiment","2023.2.3","Win32",71.42857143,"612569afac9baa5313aa08a7","66fbf9d935dbf9e9cfd29582","66fc20c8c0f88e30e1da8b2e","",,,"",,,"",,,"",,,"",,,"",,,"",,,,,"",,,"",,,,"",,,"","","",,,"","",,5,,,,"","","",,,,,,,4,,"",,,"",,,"s",0.8841,,"space",0.222,,4,"brown_gnome",4,1,"bright_forest","yellow_basket","orange_gnome",4,3,"dark_forest","red_basket",5,0,0,1,"brown_gnome","bright_forest","yellow_basket",2112,-1,1,13,3,107,7,1,"",,,"",,,"",,,"",,,"",,,"",,,,,,,"",,,"","",,,,,,,,"",,,,,,,"",,,"","","",,,,,,,,"",,,,,,,
"","",,"","","","","","","",,"","","","","","","",,"","","","","","","",,"","","","","","","",,"","","","","","","",,"","","","","","","",,"","","","","","","",,"","","","","",845078,1,"2024-10-01_17h18.45.455","experiment","2023.2.3","Win32",71.42857143,"612569afac9baa5313aa08a7","66fbf9d935dbf9e9cfd29582","66fc20c8c0f88e30e1da8b2e","",,,"",,,"",,,"",,,"",,,"",,,"",,,,,"",,,"",,,,"",,,"","","",,,"","",,5,,,,"","","",,,,,,,3,,"",,,"",,,"s",0.8366,,"space",0.1883,,3,"blue_gnome",3,0,"bright_forest","yellow_basket","purple_gnome",3,4,"dark_forest","red_basket",0,0,0,1,"blue_gnome","bright_forest","yellow_basket",2112,1,-4,13,4,108,6,1,"",,,"",,,"",,,"",,,"",,,"",,,,,,,"",,,"","",,,,,,,,"",,,,,,,"",,,"","","",,,,,,,,"",,,,,,,
"","",,"","","","","","","",,"","","","","","","",,"","","","","","","",,"","","","","","","",,"","","","","","","",,"","","","","","","",,"","","","","","","",,"","","","","",845078,1,"2024-10-01_17h18.45.455","experiment","2023.2.3","Win32",71.42857143,"612569afac9baa5313aa08a7","66fbf9d935dbf9e9cfd29582","66fc20c8c0f88e30e1da8b2e","",,,"",,,"",,,"",,,"",,,"",,,"",,,,,"",,,"",,,,"",,,"","","",,,"","",,1,,,,"","","",,,,,,,4,,"",,,"",,,"s",1.1702,,"space",0.4275,,4,"orange_gnome",4,0,"dark_forest","red_basket","brown_gnome",4,1,"bright_forest","yellow_basket",0,0,0,1,"orange_gnome","dark_forest","red_basket",2112,-2,2,13,5,109,3,1,"",,,"",,,"",,,"",,,"",,,"",,,,,,,"",,,"","",,,,,,,,"",,,,,,,"",,,"","","",,,,,,,,"",,,,,,,
"","",,"","","","","","","",,"","","","","","","",,"","","","","","","",,"","","","","","","",,"","","","","","","",,"","","","","","","",,"","","","","","","",,"","","","","",845078,1,"2024-10-01_17h18.45.455","experiment","2023.2.3","Win32",71.42857143,"612569afac9baa5313aa08a7","66fbf9d935dbf9e9cfd29582","66fc20c8c0f88e30e1da8b2e","",,,"",,,"",,,"",,,"",,,"",,,"",,,,,"",,,"",,,,"",,,"","","",,,"","",,5,,,,"","","",,,,,,,1,,"",,,"",,,"k",1.2397,,"space",0.4325,,1,"green_gnome",1,2,"dark_forest","red_basket","pink_gnome",1,1,"bright_forest","yellow_basket",5,0,0,1,"pink_gnome","bright_forest","yellow_basket",2117,-3,-2,13,6,110,4,1,"",,,"",,,"",,,"",,,"",,,"",,,,,,,"",,,"","",,,,,,,,"",,,,,,,"",,,"","","",,,,,,,,"",,,,,,,
"","",,"","","","","","","",,"","","","","","","",,"","","","","","","",,"","","","","","","",,"","","","","","","",,"","","","","","","",,"","","","","","","",,"","","","","",845078,1,"2024-10-01_17h18.45.455","experiment","2023.2.3","Win32",71.42857143,"612569afac9baa5313aa08a7","66fbf9d935dbf9e9cfd29582","66fc20c8c0f88e30e1da8b2e","",,,"",,,"",,,"",,,"",,,"",,,"",,,,,"",,,"",,,,"",,,"","","",,,"","",,1,,,,"","","",,,,,,,2,,"",,,"",,,"k",0.9464,,"space",0.3791,,2,"red_gnome",2,0,"dark_forest","red_basket","yellow_gnome",2,2,"bright_forest","yellow_basket",2,0,0,1,"yellow_gnome","bright_forest","yellow_basket",2119,2,-1,13,7,111,1,1,"",,,"",,,"",,,"",,,"",,,"",,,,,,,"",,,"","",,,,,,,,"",,,,,,,"",,,"","","",,,,,,,,"",,,,,,,
"","",,"","","","","","","",,"","","","","","","",,"","","","","","","",,"","","","","","","",,"","","","","","","",,"","","","","","","",,"","","","","","","",,"","","","","",845078,1,"2024-10-01_17h18.45.455","experiment","2023.2.3","Win32",71.42857143,"612569afac9baa5313aa08a7","66fbf9d935dbf9e9cfd29582","66fc20c8c0f88e30e1da8b2e","",,,"",,,"",,,"",,,"",,,"",,,"",,,,,"",,,"",,,,"",,,"","","",,,"","",,1,,,,"","","",,,,,,,1,,"",,,"",,,"s",0.7735,,"space",0.1738,,1,"pink_gnome",1,4,"bright_forest","yellow_basket","green_gnome",1,1,"dark_forest","red_basket",4,0,0,1,"pink_gnome","bright_forest","yellow_basket",2123,3,1,14,0,112,0,1,"",,,"",,,"",,,"",,,"",,,"",,,,,,,"",,,"","",,,,,,,,"",,,,,,,"",,,"","","",,,,,,,,"",,,,,,,
"","",,"","","","","","","",,"","","","","","","",,"","","","","","","",,"","","","","","","",,"","","","","","","",,"","","","","","","",,"","","","","","","",,"","","","","",845078,1,"2024-10-01_17h18.45.455","experiment","2023.2.3","Win32",71.42857143,"612569afac9baa5313aa08a7","66fbf9d935dbf9e9cfd29582","66fc20c8c0f88e30e1da8b2e","",,,"",,,"",,,"",,,"",,,"",,,"",,,,,"",,,"",,,,"",,,"","","",,,"","",,5,,,,"","","",,,,,,,1,,"",,,"",,,"k",1.1221,,"space",0.3185,,1,"pink_gnome",1,7,"bright_forest","yellow_basket","green_gnome",1,2,"dark_forest","red_basket",10,0,0,1,"green_gnome","dark_forest","red_basket",2133,-4,-5,14,1,113,4,1,"",,,"",,,"",,,"",,,"",,,"",,,,,,,"",,,"","",,,,,,,,"",,,,,,,"",,,"","","",,,,,,,,"",,,,,,,
"","",,"","","","","","","",,"","","","","","","",,"","","","","","","",,"","","","","","","",,"","","","","","","",,"","","","","","","",,"","","","","","","",,"","","","","",845078,1,"2024-10-01_17h18.45.455","experiment","2023.2.3","Win32",71.42857143,"612569afac9baa5313aa08a7","66fbf9d935dbf9e9cfd29582","66fc20c8c0f88e30e1da8b2e","",,,"",,,"",,,"",,,"",,,"",,,"",,,,,"",,,"",,,,"",,,"","","",,,"","",,1,,,,"","","",,,,,,,2,,"",,,"",,,"k",0.7897,,"space",0.3661,,2,"red_gnome",2,3,"dark_forest","red_basket","yellow_gnome",2,3,"bright_forest","yellow_basket",3,0,0,1,"yellow_gnome","bright_forest","yellow_basket",2136,1,0,14,2,114,1,1,"",,,"",,,"",,,"",,,"",,,"",,,,,,,"",,,"","",,,,,,,,"",,,,,,,"",,,"","","",,,,,,,,"",,,,,,,
"","",,"","","","","","","",,"","","","","","","",,"","","","","","","",,"","","","","","","",,"","","","","","","",,"","","","","","","",,"","","","","","","",,"","","","","",845078,1,"2024-10-01_17h18.45.455","experiment","2023.2.3","Win32",71.42857143,"612569afac9baa5313aa08a7","66fbf9d935dbf9e9cfd29582","66fc20c8c0f88e30e1da8b2e","",,,"",,,"",,,"",,,"",,,"",,,"",,,,,"",,,"",,,,"",,,"","","",,,"","",,1,,,,"","","",,,,,,,4,,"",,,"",,,"s",1.4471,,"space",0.4624,,4,"orange_gnome",4,3,"dark_forest","red_basket","brown_gnome",4,4,"bright_forest","yellow_basket",3,0,0,1,"orange_gnome","dark_forest","red_basket",2139,0,-1,14,3,115,3,1,"",,,"",,,"",,,"",,,"",,,"",,,,,,,"",,,"","",,,,,,,,"",,,,,,,"",,,"","","",,,,,,,,"",,,,,,,
"","",,"","","","","","","",,"","","","","","","",,"","","","","","","",,"","","","","","","",,"","","","","","","",,"","","","","","","",,"","","","","","","",,"","","","","",845078,1,"2024-10-01_17h18.45.455","experiment","2023.2.3","Win32",71.42857143,"612569afac9baa5313aa08a7","66fbf9d935dbf9e9cfd29582","66fc20c8c0f88e30e1da8b2e","",,,"",,,"",,,"",,,"",,,"",,,"",,,,,"",,,"",,,,"",,,"","","",,,"","",,5,,,,"","","",,,,,,,3,,"",,,"",,,"s",0.7401,,"space",0.1782,,3,"blue_gnome",3,4,"bright_forest","yellow_basket","purple_gnome",3,2,"dark_forest","red_basket",20,0,0,1,"blue_gnome","bright_forest","yellow_basket",2159,3,-1,14,4,116,6,1,"",,,"",,,"",,,"",,,"",,,"",,,,,,,"",,,"","",,,,,,,,"",,,,,,,"",,,"","","",,,,,,,,"",,,,,,,
"","",,"","","","","","","",,"","","","","","","",,"","","","","","","",,"","","","","","","",,"","","","","","","",,"","","","","","","",,"","","","","","","",,"","","","","",845078,1,"2024-10-01_17h18.45.455","experiment","2023.2.3","Win32",71.42857143,"612569afac9baa5313aa08a7","66fbf9d935dbf9e9cfd29582","66fc20c8c0f88e30e1da8b2e","",,,"",,,"",,,"",,,"",,,"",,,"",,,,,"",,,"",,,,"",,,"","","",,,"","",,5,,,,"","","",,,,,,,3,,"",,,"",,,"s",0.7946,,"space",0.3219,,3,"blue_gnome",3,7,"bright_forest","yellow_basket","purple_gnome",3,1,"dark_forest","red_basket",35,0,0,1,"blue_gnome","bright_forest","yellow_basket",2194,0,-1,14,5,117,6,1,"",,,"",,,"",,,"",,,"",,,"",,,,,,,"",,,"","",,,,,,,,"",,,,,,,"",,,"","","",,,,,,,,"",,,,,,,
"","",,"","","","","","","",,"","","","","","","",,"","","","","","","",,"","","","","","","",,"","","","","","","",,"","","","","","","",,"","","","","","","",,"","","","","",845078,1,"2024-10-01_17h18.45.455","experiment","2023.2.3","Win32",71.42857143,"612569afac9baa5313aa08a7","66fbf9d935dbf9e9cfd29582","66fc20c8c0f88e30e1da8b2e","",,,"",,,"",,,"",,,"",,,"",,,"",,,,,"",,,"",,,,"",,,"","","",,,"","",,5,,,,"","","",,,,,,,1,,"",,,"",,,"",,,"",,,1,"pink_gnome",1,7,"bright_forest","yellow_basket","green_gnome",1,0,"dark_forest","red_basket",0,1,0,0,"","bright_forest","yellow_basket",2194,-1,0,14,6,118,4,1,"",,,"",,,"",,,"",,,"",,,"",,,,,,,"",,,"","",,,,,,,,"",,,,,,,"",,,"","","",,,,,,,,"",,,,,,,
"","",,"","","","","","","",,"","","","","","","",,"","","","","","","",,"","","","","","","",,"","","","","","","",,"","","","","","","",,"","","","","","","",,"","","","","",845078,1,"2024-10-01_17h18.45.455","experiment","2023.2.3","Win32",71.42857143,"612569afac9baa5313aa08a7","66fbf9d935dbf9e9cfd29582","66fc20c8c0f88e30e1da8b2e","",,,"",,,"",,,"",,,"",,,"",,,"",,,,,"",,,"",,,,"",,,"","","",,,"","",,1,,,,"","","",,,,,,,3,,"",,,"",,,"s",0.7611,,"space",0.1792,,3,"blue_gnome",3,6,"bright_forest","yellow_basket","purple_gnome",3,0,"dark_forest","red_basket",6,0,0,1,"blue_gnome","bright_forest","yellow_basket",2200,-1,2,14,7,119,2,1,"",,,"",,,"",,,"",,,"",,,"",,,,,,,"",,,"","",,,,,,,,"",,,,,,,"",,,"","","",,,,,,,,"",,,,,,,
"","",,"","","","","","","",,"","","","","","","",,"","","","","","","",,"","","","","","","",,"","","","","","","",,"","","","","","","",,"","","","","","","",,"","","","","",845078,1,"2024-10-01_17h18.45.455","experiment","2023.2.3","Win32",71.42857143,"612569afac9baa5313aa08a7","66fbf9d935dbf9e9cfd29582","66fc20c8c0f88e30e1da8b2e","",,,"",,,"",,,"",,,"",,,"",,,"",,,,,"",,,"",,,,"",,,"","","",,,"","",,1,,,,"","","",,,,,,,2,,"",,,"",,,"k",1.0989,,"space",0.1789,,2,"red_gnome",2,2,"dark_forest","red_basket","yellow_gnome",2,5,"bright_forest","yellow_basket",5,0,0,1,"yellow_gnome","bright_forest","yellow_basket",2205,-1,0,15,0,120,1,1,"",,,"",,,"",,,"",,,"",,,"",,,,,,,"",,,"","",,,,,,,,"",,,,,,,"",,,"","","",,,,,,,,"",,,,,,,
"","",,"","","","","","","",,"","","","","","","",,"","","","","","","",,"","","","","","","",,"","","","","","","",,"","","","","","","",,"","","","","","","",,"","","","","",845078,1,"2024-10-01_17h18.45.455","experiment","2023.2.3","Win32",71.42857143,"612569afac9baa5313aa08a7","66fbf9d935dbf9e9cfd29582","66fc20c8c0f88e30e1da8b2e","",,,"",,,"",,,"",,,"",,,"",,,"",,,,,"",,,"",,,,"",,,"","","",,,"","",,5,,,,"","","",,,,,,,2,,"",,,"",,,"k",0.673,,"space",0.4663,,2,"red_gnome",2,2,"dark_forest","red_basket","yellow_gnome",2,4,"bright_forest","yellow_basket",20,0,0,1,"yellow_gnome","bright_forest","yellow_basket",2225,5,2,15,1,121,5,1,"",,,"",,,"",,,"",,,"",,,"",,,,,,,"",,,"","",,,,,,,,"",,,,,,,"",,,"","","",,,,,,,,"",,,,,,,
"","",,"","","","","","","",,"","","","","","","",,"","","","","","","",,"","","","","","","",,"","","","","","","",,"","","","","","","",,"","","","","","","",,"","","","","",845078,1,"2024-10-01_17h18.45.455","experiment","2023.2.3","Win32",71.42857143,"612569afac9baa5313aa08a7","66fbf9d935dbf9e9cfd29582","66fc20c8c0f88e30e1da8b2e","",,,"",,,"",,,"",,,"",,,"",,,"",,,,,"",,,"",,,,"",,,"","","",,,"","",,5,,,,"","","",,,,,,,2,,"",,,"",,,"k",0.78,,"space",0.4386,,2,"red_gnome",2,4,"dark_forest","red_basket","yellow_gnome",2,9,"bright_forest","yellow_basket",45,0,0,1,"yellow_gnome","bright_forest","yellow_basket",2270,0,-2,15,2,122,5,1,"",,,"",,,"",,,"",,,"",,,"",,,,,,,"",,,"","",,,,,,,,"",,,,,,,"",,,"","","",,,,,,,,"",,,,,,,
"","",,"","","","","","","",,"","","","","","","",,"","","","","","","",,"","","","","","","",,"","","","","","","",,"","","","","","","",,"","","","","","","",,"","","","","",845078,1,"2024-10-01_17h18.45.455","experiment","2023.2.3","Win32",71.42857143,"612569afac9baa5313aa08a7","66fbf9d935dbf9e9cfd29582","66fc20c8c0f88e30e1da8b2e","",,,"",,,"",,,"",,,"",,,"",,,"",,,,,"",,,"",,,,"",,,"","","",,,"","",,5,,,,"","","",,,,,,,4,,"",,,"",,,"k",0.7286,,"space",0.1666,,4,"orange_gnome",4,2,"dark_forest","red_basket","brown_gnome",4,9,"bright_forest","yellow_basket",45,0,0,1,"brown_gnome","bright_forest","yellow_basket",2315,2,4,15,3,123,7,1,"",,,"",,,"",,,"",,,"",,,"",,,,,,,"",,,"","",,,,,,,,"",,,,,,,"",,,"","","",,,,,,,,"",,,,,,,
"","",,"","","","","","","",,"","","","","","","",,"","","","","","","",,"","","","","","","",,"","","","","","","",,"","","","","","","",,"","","","","","","",,"","","","","",845078,1,"2024-10-01_17h18.45.455","experiment","2023.2.3","Win32",71.42857143,"612569afac9baa5313aa08a7","66fbf9d935dbf9e9cfd29582","66fc20c8c0f88e30e1da8b2e","",,,"",,,"",,,"",,,"",,,"",,,"",,,,,"",,,"",,,,"",,,"","","",,,"","",,5,,,,"","","",,,,,,,2,,"",,,"",,,"k",0.6746,,"space",0.0776,,2,"yellow_gnome",2,7,"bright_forest","yellow_basket","red_gnome",2,6,"dark_forest","red_basket",30,0,0,1,"red_gnome","dark_forest","red_basket",2345,0,0,15,4,124,5,1,"",,,"",,,"",,,"",,,"",,,"",,,,,,,"",,,"","",,,,,,,,"",,,,,,,"",,,"","","",,,,,,,,"",,,,,,,
"","",,"","","","","","","",,"","","","","","","",,"","","","","","","",,"","","","","","","",,"","","","","","","",,"","","","","","","",,"","","","","","","",,"","","","","",845078,1,"2024-10-01_17h18.45.455","experiment","2023.2.3","Win32",71.42857143,"612569afac9baa5313aa08a7","66fbf9d935dbf9e9cfd29582","66fc20c8c0f88e30e1da8b2e","",,,"",,,"",,,"",,,"",,,"",,,"",,,,,"",,,"",,,,"",,,"","","",,,"","",,5,,,,"","","",,,,,,,2,,"",,,"",,,"s",1.0327,,"space",0.1309,,2,"red_gnome",2,6,"dark_forest","red_basket","yellow_gnome",2,7,"bright_forest","yellow_basket",30,0,0,1,"red_gnome","dark_forest","red_basket",2375,3,4,15,5,125,5,1,"",,,"",,,"",,,"",,,"",,,"",,,,,,,"",,,"","",,,,,,,,"",,,,,,,"",,,"","","",,,,,,,,"",,,,,,,
"","",,"","","","","","","",,"","","","","","","",,"","","","","","","",,"","","","","","","",,"","","","","","","",,"","","","","","","",,"","","","","","","",,"","","","","",845078,1,"2024-10-01_17h18.45.455","experiment","2023.2.3","Win32",71.42857143,"612569afac9baa5313aa08a7","66fbf9d935dbf9e9cfd29582","66fc20c8c0f88e30e1da8b2e","",,,"",,,"",,,"",,,"",,,"",,,"",,,,,"",,,"",,,,"",,,"","","",,,"","",,1,,,,"","","",,,,,,,1,,"",,,"",,,"s",1.0995,,"space",0.6138,,1,"green_gnome",1,8,"dark_forest","red_basket","pink_gnome",1,8,"bright_forest","yellow_basket",8,0,0,1,"green_gnome","dark_forest","red_basket",2383,-5,1,15,6,126,0,1,"",,,"",,,"",,,"",,,"",,,"",,,,,,,"",,,"","",,,,,,,,"",,,,,,,"",,,"","","",,,,,,,,"",,,,,,,
"","",,"","","","","","","",,"","","","","","","",,"","","","","","","",,"","","","","","","",,"","","","","","","",,"","","","","","","",,"","","","","","","",,"","","","","",845078,1,"2024-10-01_17h18.45.455","experiment","2023.2.3","Win32",71.42857143,"612569afac9baa5313aa08a7","66fbf9d935dbf9e9cfd29582","66fc20c8c0f88e30e1da8b2e","",,,"",,,"",,,"",,,"",,,"",,,"",,,,,"",,,"",,,,"",,,"","","",,,"","",,1,,,,"","","",,,,,,,3,,"",,,"",,,"k",0.9321,,"space",0.1714,,3,"blue_gnome",3,3,"bright_forest","yellow_basket","purple_gnome",3,9,"dark_forest","red_basket",9,0,0,1,"purple_gnome","dark_forest","red_basket",2392,2,4,15,7,127,2,1,"space",4.339,,"",,,"",,,"",,,"",,,"",,,,,,,"",,,"","",,,,,,,,"",,,,,,,"",,,"","","",,,,,,,,"",,,,,,,
"","",,"","","","","","","",,"","","","","","","",,"","","","","","","",,"","","","","","","",,"","","","","","","",,"","","","","","","",,"","","","","","","",,"","","","","",845078,1,"2024-10-01_17h18.45.455","experiment","2023.2.3","Win32",71.42857143,"612569afac9baa5313aa08a7","66fbf9d935dbf9e9cfd29582","66fc20c8c0f88e30e1da8b2e","",,,"",,,"",,,"",,,"",,,"",,,"",,,,,"",,,"",,,,"",,,"","","",,,"","",,5,,,,"","","",,,,,,,2,,"",,,"",,,"s",1.0853,,"space",0.9161,,2,"yellow_gnome",2,5,"bright_forest","yellow_basket","red_gnome",2,5,"dark_forest","red_basket",25,0,0,1,"yellow_gnome","bright_forest","yellow_basket",2417,-1,-2,16,0,128,5,1,"",,,"",,,"",,,"",,,"",,,"",,,,,,,"",,,"","",,,,,,,,"",,,,,,,"",,,"","","",,,,,,,,"",,,,,,,
"","",,"","","","","","","",,"","","","","","","",,"","","","","","","",,"","","","","","","",,"","","","","","","",,"","","","","","","",,"","","","","","","",,"","","","","",845078,1,"2024-10-01_17h18.45.455","experiment","2023.2.3","Win32",71.42857143,"612569afac9baa5313aa08a7","66fbf9d935dbf9e9cfd29582","66fc20c8c0f88e30e1da8b2e","",,,"",,,"",,,"",,,"",,,"",,,"",,,,,"",,,"",,,,"",,,"","","",,,"","",,5,,,,"","","",,,,,,,2,,"",,,"",,,"k",1.09,,"space",0.4692,,2,"red_gnome",2,3,"dark_forest","red_basket","yellow_gnome",2,4,"bright_forest","yellow_basket",20,0,0,1,"yellow_gnome","bright_forest","yellow_basket",2437,1,-1,16,1,129,5,1,"",,,"",,,"",,,"",,,"",,,"",,,,,,,"",,,"","",,,,,,,,"",,,,,,,"",,,"","","",,,,,,,,"",,,,,,,
"","",,"","","","","","","",,"","","","","","","",,"","","","","","","",,"","","","","","","",,"","","","","","","",,"","","","","","","",,"","","","","","","",,"","","","","",845078,1,"2024-10-01_17h18.45.455","experiment","2023.2.3","Win32",71.42857143,"612569afac9baa5313aa08a7","66fbf9d935dbf9e9cfd29582","66fc20c8c0f88e30e1da8b2e","",,,"",,,"",,,"",,,"",,,"",,,"",,,,,"",,,"",,,,"",,,"","","",,,"","",,1,,,,"","","",,,,,,,1,,"",,,"",,,"k",0.9305,,"space",0.9098,,1,"pink_gnome",1,5,"bright_forest","yellow_basket","green_gnome",1,2,"dark_forest","red_basket",2,0,0,1,"green_gnome","dark_forest","red_basket",2439,0,1,16,2,130,0,1,"",,,"",,,"",,,"",,,"",,,"",,,,,,,"",,,"","",,,,,,,,"",,,,,,,"",,,"","","",,,,,,,,"",,,,,,,
"","",,"","","","","","","",,"","","","","","","",,"","","","","","","",,"","","","","","","",,"","","","","","","",,"","","","","","","",,"","","","","","","",,"","","","","",845078,1,"2024-10-01_17h18.45.455","experiment","2023.2.3","Win32",71.42857143,"612569afac9baa5313aa08a7","66fbf9d935dbf9e9cfd29582","66fc20c8c0f88e30e1da8b2e","",,,"",,,"",,,"",,,"",,,"",,,"",,,,,"",,,"",,,,"",,,"","","",,,"","",,5,,,,"","","",,,,,,,4,,"",,,"",,,"k",1.2985,,"space",0.4786,,4,"orange_gnome",4,3,"dark_forest","red_basket","brown_gnome",4,5,"bright_forest","yellow_basket",25,0,0,1,"brown_gnome","bright_forest","yellow_basket",2464,0,2,16,3,131,7,1,"",,,"",,,"",,,"",,,"",,,"",,,,,,,"",,,"","",,,,,,,,"",,,,,,,"",,,"","","",,,,,,,,"",,,,,,,
"","",,"","","","","","","",,"","","","","","","",,"","","","","","","",,"","","","","","","",,"","","","","","","",,"","","","","","","",,"","","","","","","",,"","","","","",845078,1,"2024-10-01_17h18.45.455","experiment","2023.2.3","Win32",71.42857143,"612569afac9baa5313aa08a7","66fbf9d935dbf9e9cfd29582","66fc20c8c0f88e30e1da8b2e","",,,"",,,"",,,"",,,"",,,"",,,"",,,,,"",,,"",,,,"",,,"","","",,,"","",,5,,,,"","","",,,,,,,1,,"",,,"",,,"s",0.6694,,"space",0.7598,,1,"pink_gnome",1,5,"bright_forest","yellow_basket","green_gnome",1,5,"dark_forest","red_basket",25,0,0,1,"pink_gnome","bright_forest","yellow_basket",2489,1,-1,16,4,132,4,1,"",,,"",,,"",,,"",,,"",,,"",,,,,,,"",,,"","",,,,,,,,"",,,,,,,"",,,"","","",,,,,,,,"",,,,,,,
"","",,"","","","","","","",,"","","","","","","",,"","","","","","","",,"","","","","","","",,"","","","","","","",,"","","","","","","",,"","","","","","","",,"","","","","",845078,1,"2024-10-01_17h18.45.455","experiment","2023.2.3","Win32",71.42857143,"612569afac9baa5313aa08a7","66fbf9d935dbf9e9cfd29582","66fc20c8c0f88e30e1da8b2e","",,,"",,,"",,,"",,,"",,,"",,,"",,,,,"",,,"",,,,"",,,"","","",,,"","",,1,,,,"","","",,,,,,,3,,"",,,"",,,"s",0.789,,"space",0.1732,,3,"blue_gnome",3,6,"bright_forest","yellow_basket","purple_gnome",3,4,"dark_forest","red_basket",6,0,0,1,"blue_gnome","bright_forest","yellow_basket",2495,3,-3,16,5,133,2,1,"",,,"",,,"",,,"",,,"",,,"",,,,,,,"",,,"","",,,,,,,,"",,,,,,,"",,,"","","",,,,,,,,"",,,,,,,
"","",,"","","","","","","",,"","","","","","","",,"","","","","","","",,"","","","","","","",,"","","","","","","",,"","","","","","","",,"","","","","","","",,"","","","","",845078,1,"2024-10-01_17h18.45.455","experiment","2023.2.3","Win32",71.42857143,"612569afac9baa5313aa08a7","66fbf9d935dbf9e9cfd29582","66fc20c8c0f88e30e1da8b2e","",,,"",,,"",,,"",,,"",,,"",,,"",,,,,"",,,"",,,,"",,,"","","",,,"","",,5,,,,"","","",,,,,,,2,,"",,,"",,,"k",1.1014,,"space",0.9146,,2,"red_gnome",2,1,"dark_forest","red_basket","yellow_gnome",2,9,"bright_forest","yellow_basket",45,0,0,1,"yellow_gnome","bright_forest","yellow_basket",2540,-2,-5,16,6,134,5,1,"",,,"",,,"",,,"",,,"",,,"",,,,,,,"",,,"","",,,,,,,,"",,,,,,,"",,,"","","",,,,,,,,"",,,,,,,
"","",,"","","","","","","",,"","","","","","","",,"","","","","","","",,"","","","","","","",,"","","","","","","",,"","","","","","","",,"","","","","","","",,"","","","","",845078,1,"2024-10-01_17h18.45.455","experiment","2023.2.3","Win32",71.42857143,"612569afac9baa5313aa08a7","66fbf9d935dbf9e9cfd29582","66fc20c8c0f88e30e1da8b2e","",,,"",,,"",,,"",,,"",,,"",,,"",,,,,"",,,"",,,,"",,,"","","",,,"","",,5,,,,"","","",,,,,,,4,,"",,,"",,,"k",0.8791,,"space",0.9727,,4,"orange_gnome",4,4,"dark_forest","red_basket","brown_gnome",4,7,"bright_forest","yellow_basket",35,0,0,1,"brown_gnome","bright_forest","yellow_basket",2575,0,-1,16,7,135,7,1,"",,,"",,,"",,,"",,,"",,,"",,,,,,,"",,,"","",,,,,,,,"",,,,,,,"",,,"","","",,,,,,,,"",,,,,,,
"","",,"","","","","","","",,"","","","","","","",,"","","","","","","",,"","","","","","","",,"","","","","","","",,"","","","","","","",,"","","","","","","",,"","","","","",845078,1,"2024-10-01_17h18.45.455","experiment","2023.2.3","Win32",71.42857143,"612569afac9baa5313aa08a7","66fbf9d935dbf9e9cfd29582","66fc20c8c0f88e30e1da8b2e","",,,"",,,"",,,"",,,"",,,"",,,"",,,,,"",,,"",,,,"",,,"","","",,,"","",,5,,,,"","","",,,,,,,3,,"",,,"",,,"s",0.7396,,"space",0.8403,,3,"blue_gnome",3,7,"bright_forest","yellow_basket","purple_gnome",3,3,"dark_forest","red_basket",35,0,0,1,"blue_gnome","bright_forest","yellow_basket",2610,-1,-1,17,0,136,6,1,"",,,"",,,"",,,"",,,"",,,"",,,,,,,"",,,"","",,,,,,,,"",,,,,,,"",,,"","","",,,,,,,,"",,,,,,,
"","",,"","","","","","","",,"","","","","","","",,"","","","","","","",,"","","","","","","",,"","","","","","","",,"","","","","","","",,"","","","","","","",,"","","","","",845078,1,"2024-10-01_17h18.45.455","experiment","2023.2.3","Win32",71.42857143,"612569afac9baa5313aa08a7","66fbf9d935dbf9e9cfd29582","66fc20c8c0f88e30e1da8b2e","",,,"",,,"",,,"",,,"",,,"",,,"",,,,,"",,,"",,,,"",,,"","","",,,"","",,1,,,,"","","",,,,,,,4,,"",,,"",,,"k",0.8429,,"space",0.8959,,4,"orange_gnome",4,2,"dark_forest","red_basket","brown_gnome",4,6,"bright_forest","yellow_basket",6,0,0,1,"brown_gnome","bright_forest","yellow_basket",2616,-1,-1,17,1,137,3,1,"",,,"",,,"",,,"",,,"",,,"",,,,,,,"",,,"","",,,,,,,,"",,,,,,,"",,,"","","",,,,,,,,"",,,,,,,
"","",,"","","","","","","",,"","","","","","","",,"","","","","","","",,"","","","","","","",,"","","","","","","",,"","","","","","","",,"","","","","","","",,"","","","","",845078,1,"2024-10-01_17h18.45.455","experiment","2023.2.3","Win32",71.42857143,"612569afac9baa5313aa08a7","66fbf9d935dbf9e9cfd29582","66fc20c8c0f88e30e1da8b2e","",,,"",,,"",,,"",,,"",,,"",,,"",,,,,"",,,"",,,,"",,,"","","",,,"","",,5,,,,"","","",,,,,,,3,,"",,,"",,,"k",0.9476,,"",,,3,"purple_gnome",3,1,"dark_forest","red_basket","blue_gnome",3,5,"bright_forest","yellow_basket",0,0,1,0,"blue_gnome","bright_forest","yellow_basket",2616,0,2,17,2,138,6,1,"",,,"",,,"",,,"",,,"",,,"",,,,,,,"",,,"","",,,,,,,,"",,,,,,,"",,,"","","",,,,,,,,"",,,,,,,
"","",,"","","","","","","",,"","","","","","","",,"","","","","","","",,"","","","","","","",,"","","","","","","",,"","","","","","","",,"","","","","","","",,"","","","","",845078,1,"2024-10-01_17h18.45.455","experiment","2023.2.3","Win32",71.42857143,"612569afac9baa5313aa08a7","66fbf9d935dbf9e9cfd29582","66fc20c8c0f88e30e1da8b2e","",,,"",,,"",,,"",,,"",,,"",,,"",,,,,"",,,"",,,,"",,,"","","",,,"","",,1,,,,"","","",,,,,,,1,,"",,,"",,,"",,,"",,,1,"pink_gnome",1,5,"bright_forest","yellow_basket","green_gnome",1,3,"dark_forest","red_basket",0,1,0,0,"","bright_forest","yellow_basket",2616,-3,-2,17,3,139,0,1,"",,,"",,,"",,,"",,,"",,,"",,,,,,,"",,,"","",,,,,,,,"",,,,,,,"",,,"","","",,,,,,,,"",,,,,,,
"","",,"","","","","","","",,"","","","","","","",,"","","","","","","",,"","","","","","","",,"","","","","","","",,"","","","","","","",,"","","","","","","",,"","","","","",845078,1,"2024-10-01_17h18.45.455","experiment","2023.2.3","Win32",71.42857143,"612569afac9baa5313aa08a7","66fbf9d935dbf9e9cfd29582","66fc20c8c0f88e30e1da8b2e","",,,"",,,"",,,"",,,"",,,"",,,"",,,,,"",,,"",,,,"",,,"","","",,,"","",,1,,,,"","","",,,,,,,1,,"",,,"",,,"k",0.9265,,"space",0.6799,,1,"green_gnome",1,1,"dark_forest","red_basket","pink_gnome",1,2,"bright_forest","yellow_basket",2,0,0,1,"pink_gnome","bright_forest","yellow_basket",2618,1,1,17,4,140,0,1,"",,,"",,,"",,,"",,,"",,,"",,,,,,,"",,,"","",,,,,,,,"",,,,,,,"",,,"","","",,,,,,,,"",,,,,,,
"","",,"","","","","","","",,"","","","","","","",,"","","","","","","",,"","","","","","","",,"","","","","","","",,"","","","","","","",,"","","","","","","",,"","","","","",845078,1,"2024-10-01_17h18.45.455","experiment","2023.2.3","Win32",71.42857143,"612569afac9baa5313aa08a7","66fbf9d935dbf9e9cfd29582","66fc20c8c0f88e30e1da8b2e","",,,"",,,"",,,"",,,"",,,"",,,"",,,,,"",,,"",,,,"",,,"","","",,,"","",,5,,,,"","","",,,,,,,1,,"",,,"",,,"k",0.6818,,"space",1.2182,,1,"green_gnome",1,2,"dark_forest","red_basket","pink_gnome",1,3,"bright_forest","yellow_basket",15,0,0,1,"pink_gnome","bright_forest","yellow_basket",2633,-2,-1,17,5,141,4,1,"",,,"",,,"",,,"",,,"",,,"",,,,,,,"",,,"","",,,,,,,,"",,,,,,,"",,,"","","",,,,,,,,"",,,,,,,
"","",,"","","","","","","",,"","","","","","","",,"","","","","","","",,"","","","","","","",,"","","","","","","",,"","","","","","","",,"","","","","","","",,"","","","","",845078,1,"2024-10-01_17h18.45.455","experiment","2023.2.3","Win32",71.42857143,"612569afac9baa5313aa08a7","66fbf9d935dbf9e9cfd29582","66fc20c8c0f88e30e1da8b2e","",,,"",,,"",,,"",,,"",,,"",,,"",,,,,"",,,"",,,,"",,,"","","",,,"","",,1,,,,"","","",,,,,,,2,,"",,,"",,,"s",1.3685,,"space",0.4097,,2,"red_gnome",2,1,"dark_forest","red_basket","yellow_gnome",2,1,"bright_forest","yellow_basket",1,0,0,1,"red_gnome","dark_forest","red_basket",2634,2,-1,17,6,142,1,1,"",,,"",,,"",,,"",,,"",,,"",,,,,,,"",,,"","",,,,,,,,"",,,,,,,"",,,"","","",,,,,,,,"",,,,,,,
"","",,"","","","","","","",,"","","","","","","",,"","","","","","","",,"","","","","","","",,"","","","","","","",,"","","","","","","",,"","","","","","","",,"","","","","",845078,1,"2024-10-01_17h18.45.455","experiment","2023.2.3","Win32",71.42857143,"612569afac9baa5313aa08a7","66fbf9d935dbf9e9cfd29582","66fc20c8c0f88e30e1da8b2e","",,,"",,,"",,,"",,,"",,,"",,,"",,,,,"",,,"",,,,"",,,"","","",,,"","",,5,,,,"","","",,,,,,,3,,"",,,"",,,"k",0.6938,,"space",0.0818,,3,"blue_gnome",3,3,"bright_forest","yellow_basket","purple_gnome",3,0,"dark_forest","red_basket",0,0,0,1,"purple_gnome","dark_forest","red_basket",2634,-1,3,17,7,143,6,1,"",,,"",,,"",,,"",,,"",,,"",,,,,,,"",,,"","",,,,,,,,"",,,,,,,"",,,"","","",,,,,,,,"",,,,,,,
"","",,"","","","","","","",,"","","","","","","",,"","","","","","","",,"","","","","","","",,"","","","","","","",,"","","","","","","",,"","","","","","","",,"","","","","",845078,1,"2024-10-01_17h18.45.455","experiment","2023.2.3","Win32",71.42857143,"612569afac9baa5313aa08a7","66fbf9d935dbf9e9cfd29582","66fc20c8c0f88e30e1da8b2e","",,,"",,,"",,,"",,,"",,,"",,,"",,,,,"",,,"",,,,"",,,"","","",,,"","",,1,,,,"","","",,,,,,,4,,"",,,"",,,"k",1.4126,,"space",0.7206,,4,"orange_gnome",4,3,"dark_forest","red_basket","brown_gnome",4,2,"bright_forest","yellow_basket",2,0,0,1,"brown_gnome","bright_forest","yellow_basket",2636,2,2,18,0,144,3,1,"",,,"",,,"",,,"",,,"",,,"",,,,,,,"",,,"","",,,,,,,,"",,,,,,,"",,,"","","",,,,,,,,"",,,,,,,
"","",,"","","","","","","",,"","","","","","","",,"","","","","","","",,"","","","","","","",,"","","","","","","",,"","","","","","","",,"","","","","","","",,"","","","","",845078,1,"2024-10-01_17h18.45.455","experiment","2023.2.3","Win32",71.42857143,"612569afac9baa5313aa08a7","66fbf9d935dbf9e9cfd29582","66fc20c8c0f88e30e1da8b2e","",,,"",,,"",,,"",,,"",,,"",,,"",,,,,"",,,"",,,,"",,,"","","",,,"","",,1,,,,"","","",,,,,,,4,,"",,,"",,,"s",0.9274,,"space",0.4253,,4,"orange_gnome",4,5,"dark_forest","red_basket","brown_gnome",4,4,"bright_forest","yellow_basket",5,0,0,1,"orange_gnome","dark_forest","red_basket",2641,0,0,18,1,145,3,1,"",,,"",,,"",,,"",,,"",,,"",,,,,,,"",,,"","",,,,,,,,"",,,,,,,"",,,"","","",,,,,,,,"",,,,,,,
"","",,"","","","","","","",,"","","","","","","",,"","","","","","","",,"","","","","","","",,"","","","","","","",,"","","","","","","",,"","","","","","","",,"","","","","",845078,1,"2024-10-01_17h18.45.455","experiment","2023.2.3","Win32",71.42857143,"612569afac9baa5313aa08a7","66fbf9d935dbf9e9cfd29582","66fc20c8c0f88e30e1da8b2e","",,,"",,,"",,,"",,,"",,,"",,,"",,,,,"",,,"",,,,"",,,"","","",,,"","",,5,,,,"","","",,,,,,,4,,"",,,"",,,"k",1.0842,,"space",0.566,,4,"brown_gnome",4,4,"bright_forest","yellow_basket","orange_gnome",4,5,"dark_forest","red_basket",25,0,0,1,"orange_gnome","dark_forest","red_basket",2666,1,3,18,2,146,7,1,"",,,"",,,"",,,"",,,"",,,"",,,,,,,"",,,"","",,,,,,,,"",,,,,,,"",,,"","","",,,,,,,,"",,,,,,,
"","",,"","","","","","","",,"","","","","","","",,"","","","","","","",,"","","","","","","",,"","","","","","","",,"","","","","","","",,"","","","","","","",,"","","","","",845078,1,"2024-10-01_17h18.45.455","experiment","2023.2.3","Win32",71.42857143,"612569afac9baa5313aa08a7","66fbf9d935dbf9e9cfd29582","66fc20c8c0f88e30e1da8b2e","",,,"",,,"",,,"",,,"",,,"",,,"",,,,,"",,,"",,,,"",,,"","","",,,"","",,1,,,,"","","",,,,,,,3,,"",,,"",,,"s",0.6725,,"space",0.2154,,3,"blue_gnome",3,5,"bright_forest","yellow_basket","purple_gnome",3,8,"dark_forest","red_basket",5,0,0,1,"blue_gnome","bright_forest","yellow_basket",2671,2,2,18,3,147,2,1,"",,,"",,,"",,,"",,,"",,,"",,,,,,,"",,,"","",,,,,,,,"",,,,,,,"",,,"","","",,,,,,,,"",,,,,,,
"","",,"","","","","","","",,"","","","","","","",,"","","","","","","",,"","","","","","","",,"","","","","","","",,"","","","","","","",,"","","","","","","",,"","","","","",845078,1,"2024-10-01_17h18.45.455","experiment","2023.2.3","Win32",71.42857143,"612569afac9baa5313aa08a7","66fbf9d935dbf9e9cfd29582","66fc20c8c0f88e30e1da8b2e","",,,"",,,"",,,"",,,"",,,"",,,"",,,,,"",,,"",,,,"",,,"","","",,,"","",,5,,,,"","","",,,,,,,1,,"",,,"",,,"s",0.9976,,"space",1.4547,,1,"pink_gnome",1,7,"bright_forest","yellow_basket","green_gnome",1,8,"dark_forest","red_basket",35,0,0,1,"pink_gnome","bright_forest","yellow_basket",2706,0,-3,18,4,148,4,1,"",,,"",,,"",,,"",,,"",,,"",,,,,,,"",,,"","",,,,,,,,"",,,,,,,"",,,"","","",,,,,,,,"",,,,,,,
"","",,"","","","","","","",,"","","","","","","",,"","","","","","","",,"","","","","","","",,"","","","","","","",,"","","","","","","",,"","","","","","","",,"","","","","",845078,1,"2024-10-01_17h18.45.455","experiment","2023.2.3","Win32",71.42857143,"612569afac9baa5313aa08a7","66fbf9d935dbf9e9cfd29582","66fc20c8c0f88e30e1da8b2e","",,,"",,,"",,,"",,,"",,,"",,,"",,,,,"",,,"",,,,"",,,"","","",,,"","",,1,,,,"","","",,,,,,,1,,"",,,"",,,"k",0.7505,,"space",0.526,,1,"green_gnome",1,5,"dark_forest","red_basket","pink_gnome",1,7,"bright_forest","yellow_basket",7,0,0,1,"pink_gnome","bright_forest","yellow_basket",2713,1,1,18,5,149,0,1,"",,,"",,,"",,,"",,,"",,,"",,,,,,,"",,,"","",,,,,,,,"",,,,,,,"",,,"","","",,,,,,,,"",,,,,,,
"","",,"","","","","","","",,"","","","","","","",,"","","","","","","",,"","","","","","","",,"","","","","","","",,"","","","","","","",,"","","","","","","",,"","","","","",845078,1,"2024-10-01_17h18.45.455","experiment","2023.2.3","Win32",71.42857143,"612569afac9baa5313aa08a7","66fbf9d935dbf9e9cfd29582","66fc20c8c0f88e30e1da8b2e","",,,"",,,"",,,"",,,"",,,"",,,"",,,,,"",,,"",,,,"",,,"","","",,,"","",,5,,,,"","","",,,,,,,3,,"",,,"",,,"s",0.6717,,"space",0.72,,3,"blue_gnome",3,8,"bright_forest","yellow_basket","purple_gnome",3,6,"dark_forest","red_basket",40,0,0,1,"blue_gnome","bright_forest","yellow_basket",2753,2,3,18,6,150,6,1,"",,,"",,,"",,,"",,,"",,,"",,,,,,,"",,,"","",,,,,,,,"",,,,,,,"",,,"","","",,,,,,,,"",,,,,,,
"","",,"","","","","","","",,"","","","","","","",,"","","","","","","",,"","","","","","","",,"","","","","","","",,"","","","","","","",,"","","","","","","",,"","","","","",845078,1,"2024-10-01_17h18.45.455","experiment","2023.2.3","Win32",71.42857143,"612569afac9baa5313aa08a7","66fbf9d935dbf9e9cfd29582","66fc20c8c0f88e30e1da8b2e","",,,"",,,"",,,"",,,"",,,"",,,"",,,,,"",,,"",,,,"",,,"","","",,,"","",,1,,,,"","","",,,,,,,2,,"",,,"",,,"k",0.8849,,"space",0.4285,,2,"red_gnome",2,9,"dark_forest","red_basket","yellow_gnome",2,8,"bright_forest","yellow_basket",8,0,0,1,"yellow_gnome","bright_forest","yellow_basket",2761,-1,1,18,7,151,1,1,"",,,"",,,"",,,"",,,"",,,"",,,,,,,"",,,"","",,,,,,,,"",,,,,,,"",,,"","","",,,,,,,,"",,,,,,,
"","",,"","","","","","","",,"","","","","","","",,"","","","","","","",,"","","","","","","",,"","","","","","","",,"","","","","","","",,"","","","","","","",,"","","","","",845078,1,"2024-10-01_17h18.45.455","experiment","2023.2.3","Win32",71.42857143,"612569afac9baa5313aa08a7","66fbf9d935dbf9e9cfd29582","66fc20c8c0f88e30e1da8b2e","",,,"",,,"",,,"",,,"",,,"",,,"",,,,,"",,,"",,,,"",,,"","","",,,"","",,1,,,,"","","",,,,,,,2,,"",,,"",,,"s",0.7315,,"space",0.6311,,2,"yellow_gnome",2,7,"bright_forest","yellow_basket","red_gnome",2,8,"dark_forest","red_basket",7,0,0,1,"yellow_gnome","bright_forest","yellow_basket",2768,0,0,19,0,152,1,1,"",,,"",,,"",,,"",,,"",,,"",,,,,,,"",,,"","",,,,,,,,"",,,,,,,"",,,"","","",,,,,,,,"",,,,,,,
"","",,"","","","","","","",,"","","","","","","",,"","","","","","","",,"","","","","","","",,"","","","","","","",,"","","","","","","",,"","","","","","","",,"","","","","",845078,1,"2024-10-01_17h18.45.455","experiment","2023.2.3","Win32",71.42857143,"612569afac9baa5313aa08a7","66fbf9d935dbf9e9cfd29582","66fc20c8c0f88e30e1da8b2e","",,,"",,,"",,,"",,,"",,,"",,,"",,,,,"",,,"",,,,"",,,"","","",,,"","",,5,,,,"","","",,,,,,,4,,"",,,"",,,"s",0.7173,,"space",0.9173,,4,"orange_gnome",4,8,"dark_forest","red_basket","brown_gnome",4,7,"bright_forest","yellow_basket",40,0,0,1,"orange_gnome","dark_forest","red_basket",2808,-1,-2,19,1,153,7,1,"",,,"",,,"",,,"",,,"",,,"",,,,,,,"",,,"","",,,,,,,,"",,,,,,,"",,,"","","",,,,,,,,"",,,,,,,
"","",,"","","","","","","",,"","","","","","","",,"","","","","","","",,"","","","","","","",,"","","","","","","",,"","","","","","","",,"","","","","","","",,"","","","","",845078,1,"2024-10-01_17h18.45.455","experiment","2023.2.3","Win32",71.42857143,"612569afac9baa5313aa08a7","66fbf9d935dbf9e9cfd29582","66fc20c8c0f88e30e1da8b2e","",,,"",,,"",,,"",,,"",,,"",,,"",,,,,"",,,"",,,,"",,,"","","",,,"","",,1,,,,"","","",,,,,,,2,,"",,,"",,,"s",0.9432,,"space",0.7727,,2,"yellow_gnome",2,6,"bright_forest","yellow_basket","red_gnome",2,6,"dark_forest","red_basket",6,0,0,1,"yellow_gnome","bright_forest","yellow_basket",2814,3,2,19,2,154,1,1,"",,,"",,,"",,,"",,,"",,,"",,,,,,,"",,,"","",,,,,,,,"",,,,,,,"",,,"","","",,,,,,,,"",,,,,,,
"","",,"","","","","","","",,"","","","","","","",,"","","","","","","",,"","","","","","","",,"","","","","","","",,"","","","","","","",,"","","","","","","",,"","","","","",845078,1,"2024-10-01_17h18.45.455","experiment","2023.2.3","Win32",71.42857143,"612569afac9baa5313aa08a7","66fbf9d935dbf9e9cfd29582","66fc20c8c0f88e30e1da8b2e","",,,"",,,"",,,"",,,"",,,"",,,"",,,,,"",,,"",,,,"",,,"","","",,,"","",,5,,,,"","","",,,,,,,2,,"",,,"",,,"k",0.9421,,"space",0.648,,2,"red_gnome",2,8,"dark_forest","red_basket","yellow_gnome",2,9,"bright_forest","yellow_basket",45,0,0,1,"yellow_gnome","bright_forest","yellow_basket",2859,-2,1,19,3,155,5,1,"",,,"",,,"",,,"",,,"",,,"",,,,,,,"",,,"","",,,,,,,,"",,,,,,,"",,,"","","",,,,,,,,"",,,,,,,
"","",,"","","","","","","",,"","","","","","","",,"","","","","","","",,"","","","","","","",,"","","","","","","",,"","","","","","","",,"","","","","","","",,"","","","","",845078,1,"2024-10-01_17h18.45.455","experiment","2023.2.3","Win32",71.42857143,"612569afac9baa5313aa08a7","66fbf9d935dbf9e9cfd29582","66fc20c8c0f88e30e1da8b2e","",,,"",,,"",,,"",,,"",,,"",,,"",,,,,"",,,"",,,,"",,,"","","",,,"","",,1,,,,"","","",,,,,,,4,,"",,,"",,,"s",0.8297,,"space",0.4127,,4,"brown_gnome",4,7,"bright_forest","yellow_basket","orange_gnome",4,9,"dark_forest","red_basket",7,0,0,1,"brown_gnome","bright_forest","yellow_basket",2866,-1,0,19,4,156,3,1,"",,,"",,,"",,,"",,,"",,,"",,,,,,,"",,,"","",,,,,,,,"",,,,,,,"",,,"","","",,,,,,,,"",,,,,,,
"","",,"","","","","","","",,"","","","","","","",,"","","","","","","",,"","","","","","","",,"","","","","","","",,"","","","","","","",,"","","","","","","",,"","","","","",845078,1,"2024-10-01_17h18.45.455","experiment","2023.2.3","Win32",71.42857143,"612569afac9baa5313aa08a7","66fbf9d935dbf9e9cfd29582","66fc20c8c0f88e30e1da8b2e","",,,"",,,"",,,"",,,"",,,"",,,"",,,,,"",,,"",,,,"",,,"","","",,,"","",,1,,,,"","","",,,,,,,1,,"",,,"",,,"s",0.7878,,"space",0.9214,,1,"pink_gnome",1,6,"bright_forest","yellow_basket","green_gnome",1,9,"dark_forest","red_basket",6,0,0,1,"pink_gnome","bright_forest","yellow_basket",2872,-2,3,19,5,157,0,1,"",,,"",,,"",,,"",,,"",,,"",,,,,,,"",,,"","",,,,,,,,"",,,,,,,"",,,"","","",,,,,,,,"",,,,,,,
"","",,"","","","","","","",,"","","","","","","",,"","","","","","","",,"","","","","","","",,"","","","","","","",,"","","","","","","",,"","","","","","","",,"","","","","",845078,1,"2024-10-01_17h18.45.455","experiment","2023.2.3","Win32",71.42857143,"612569afac9baa5313aa08a7","66fbf9d935dbf9e9cfd29582","66fc20c8c0f88e30e1da8b2e","",,,"",,,"",,,"",,,"",,,"",,,"",,,,,"",,,"",,,,"",,,"","","",,,"","",,1,,,,"","","",,,,,,,2,,"",,,"",,,"k",0.8788,,"space",0.5159,,2,"red_gnome",2,6,"dark_forest","red_basket","yellow_gnome",2,4,"bright_forest","yellow_basket",4,0,0,1,"yellow_gnome","bright_forest","yellow_basket",2876,0,-3,19,6,158,1,1,"",,,"",,,"",,,"",,,"",,,"",,,,,,,"",,,"","",,,,,,,,"",,,,,,,"",,,"","","",,,,,,,,"",,,,,,,
"","",,"","","","","","","",,"","","","","","","",,"","","","","","","",,"","","","","","","",,"","","","","","","",,"","","","","","","",,"","","","","","","",,"","","","","",845078,1,"2024-10-01_17h18.45.455","experiment","2023.2.3","Win32",71.42857143,"612569afac9baa5313aa08a7","66fbf9d935dbf9e9cfd29582","66fc20c8c0f88e30e1da8b2e","",,,"",,,"",,,"",,,"",,,"",,,"",,,,,"",,,"",,,,"",,,"","","",,,"","",,5,,,,"","","",,,,,,,4,,"",,,"",,,"k",0.836,,"space",0.7116,,4,"brown_gnome",4,4,"bright_forest","yellow_basket","orange_gnome",4,3,"dark_forest","red_basket",15,0,0,1,"orange_gnome","dark_forest","red_basket",2891,2,1,19,7,159,7,1,"",,,"",,,"",,,"",,,"",,,"",,,,,,,"",,,"","",,,,,,,,"",,,,,,,"",,,"","","",,,,,,,,"",,,,,,,
"","",,"","","","","","","",,"","","","","","","",,"","","","","","","",,"","","","","","","",,"","","","","","","",,"","","","","","","",,"","","","","","","",,"","","","","",845078,1,"2024-10-01_17h18.45.455","experiment","2023.2.3","Win32",71.42857143,"612569afac9baa5313aa08a7","66fbf9d935dbf9e9cfd29582","66fc20c8c0f88e30e1da8b2e","",,,"",,,"",,,"",,,"",,,"",,,"",,,,,"",,,"",,,,"",,,"","","",,,"","",,5,,,,"","","",,,,,,,3,,"",,,"",,,"k",0.9509,,"space",0.8055,,3,"purple_gnome",3,4,"dark_forest","red_basket","blue_gnome",3,6,"bright_forest","yellow_basket",30,0,0,1,"blue_gnome","bright_forest","yellow_basket",2921,-3,-1,20,0,160,6,1,"",,,"",,,"",,,"",,,"",,,"",,,,,,,"",,,"","",,,,,,,,"",,,,,,,"",,,"","","",,,,,,,,"",,,,,,,
"","",,"","","","","","","",,"","","","","","","",,"","","","","","","",,"","","","","","","",,"","","","","","","",,"","","","","","","",,"","","","","","","",,"","","","","",845078,1,"2024-10-01_17h18.45.455","experiment","2023.2.3","Win32",71.42857143,"612569afac9baa5313aa08a7","66fbf9d935dbf9e9cfd29582","66fc20c8c0f88e30e1da8b2e","",,,"",,,"",,,"",,,"",,,"",,,"",,,,,"",,,"",,,,"",,,"","","",,,"","",,1,,,,"","","",,,,,,,3,,"",,,"",,,"k",0.7971,,"space",0.3762,,3,"blue_gnome",3,3,"bright_forest","yellow_basket","purple_gnome",3,3,"dark_forest","red_basket",3,0,0,1,"purple_gnome","dark_forest","red_basket",2924,2,0,20,1,161,2,1,"",,,"",,,"",,,"",,,"",,,"",,,,,,,"",,,"","",,,,,,,,"",,,,,,,"",,,"","","",,,,,,,,"",,,,,,,
"","",,"","","","","","","",,"","","","","","","",,"","","","","","","",,"","","","","","","",,"","","","","","","",,"","","","","","","",,"","","","","","","",,"","","","","",845078,1,"2024-10-01_17h18.45.455","experiment","2023.2.3","Win32",71.42857143,"612569afac9baa5313aa08a7","66fbf9d935dbf9e9cfd29582","66fc20c8c0f88e30e1da8b2e","",,,"",,,"",,,"",,,"",,,"",,,"",,,,,"",,,"",,,,"",,,"","","",,,"","",,1,,,,"","","",,,,,,,1,,"",,,"",,,"k",0.6682,,"space",0.6078,,1,"green_gnome",1,3,"dark_forest","red_basket","pink_gnome",1,5,"bright_forest","yellow_basket",5,0,0,1,"pink_gnome","bright_forest","yellow_basket",2929,2,1,20,2,162,0,1,"",,,"",,,"",,,"",,,"",,,"",,,,,,,"",,,"","",,,,,,,,"",,,,,,,"",,,"","","",,,,,,,,"",,,,,,,
"","",,"","","","","","","",,"","","","","","","",,"","","","","","","",,"","","","","","","",,"","","","","","","",,"","","","","","","",,"","","","","","","",,"","","","","",845078,1,"2024-10-01_17h18.45.455","experiment","2023.2.3","Win32",71.42857143,"612569afac9baa5313aa08a7","66fbf9d935dbf9e9cfd29582","66fc20c8c0f88e30e1da8b2e","",,,"",,,"",,,"",,,"",,,"",,,"",,,,,"",,,"",,,,"",,,"","","",,,"","",,5,,,,"","","",,,,,,,3,,"",,,"",,,"k",0.6815,,"space",0.7139,,3,"purple_gnome",3,4,"dark_forest","red_basket","blue_gnome",3,7,"bright_forest","yellow_basket",35,0,0,1,"blue_gnome","bright_forest","yellow_basket",2964,-1,0,20,3,163,6,1,"",,,"",,,"",,,"",,,"",,,"",,,,,,,"",,,"","",,,,,,,,"",,,,,,,"",,,"","","",,,,,,,,"",,,,,,,
"","",,"","","","","","","",,"","","","","","","",,"","","","","","","",,"","","","","","","",,"","","","","","","",,"","","","","","","",,"","","","","","","",,"","","","","",845078,1,"2024-10-01_17h18.45.455","experiment","2023.2.3","Win32",71.42857143,"612569afac9baa5313aa08a7","66fbf9d935dbf9e9cfd29582","66fc20c8c0f88e30e1da8b2e","",,,"",,,"",,,"",,,"",,,"",,,"",,,,,"",,,"",,,,"",,,"","","",,,"","",,5,,,,"","","",,,,,,,3,,"",,,"",,,"k",1.009,,"space",0.7401,,3,"purple_gnome",3,4,"dark_forest","red_basket","blue_gnome",3,6,"bright_forest","yellow_basket",30,0,0,1,"blue_gnome","bright_forest","yellow_basket",2994,1,1,20,4,164,6,1,"",,,"",,,"",,,"",,,"",,,"",,,,,,,"",,,"","",,,,,,,,"",,,,,,,"",,,"","","",,,,,,,,"",,,,,,,
"","",,"","","","","","","",,"","","","","","","",,"","","","","","","",,"","","","","","","",,"","","","","","","",,"","","","","","","",,"","","","","","","",,"","","","","",845078,1,"2024-10-01_17h18.45.455","experiment","2023.2.3","Win32",71.42857143,"612569afac9baa5313aa08a7","66fbf9d935dbf9e9cfd29582","66fc20c8c0f88e30e1da8b2e","",,,"",,,"",,,"",,,"",,,"",,,"",,,,,"",,,"",,,,"",,,"","","",,,"","",,1,,,,"","","",,,,,,,4,,"",,,"",,,"s",0.7509,,"space",0.6983,,4,"brown_gnome",4,7,"bright_forest","yellow_basket","orange_gnome",4,5,"dark_forest","red_basket",7,0,0,1,"brown_gnome","bright_forest","yellow_basket",3001,1,0,20,5,165,3,1,"",,,"",,,"",,,"",,,"",,,"",,,,,,,"",,,"","",,,,,,,,"",,,,,,,"",,,"","","",,,,,,,,"",,,,,,,
"","",,"","","","","","","",,"","","","","","","",,"","","","","","","",,"","","","","","","",,"","","","","","","",,"","","","","","","",,"","","","","","","",,"","","","","",845078,1,"2024-10-01_17h18.45.455","experiment","2023.2.3","Win32",71.42857143,"612569afac9baa5313aa08a7","66fbf9d935dbf9e9cfd29582","66fc20c8c0f88e30e1da8b2e","",,,"",,,"",,,"",,,"",,,"",,,"",,,,,"",,,"",,,,"",,,"","","",,,"","",,5,,,,"","","",,,,,,,1,,"",,,"",,,"k",0.649,,"space",0.6585,,1,"green_gnome",1,5,"dark_forest","red_basket","pink_gnome",1,8,"bright_forest","yellow_basket",40,0,0,1,"pink_gnome","bright_forest","yellow_basket",3041,0,-1,20,6,166,4,1,"",,,"",,,"",,,"",,,"",,,"",,,,,,,"",,,"","",,,,,,,,"",,,,,,,"",,,"","","",,,,,,,,"",,,,,,,
"","",,"","","","","","","",,"","","","","","","",,"","","","","","","",,"","","","","","","",,"","","","","","","",,"","","","","","","",,"","","","","","","",,"","","","","",845078,1,"2024-10-01_17h18.45.455","experiment","2023.2.3","Win32",71.42857143,"612569afac9baa5313aa08a7","66fbf9d935dbf9e9cfd29582","66fc20c8c0f88e30e1da8b2e","",,,"",,,"",,,"",,,"",,,"",,,"",,,,,"",,,"",,,,"",,,"","","",,,"","",,1,,,,"","","",,,,,,,4,,"",,,"",,,"k",0.7287,,"space",0.8018,,4,"orange_gnome",4,4,"dark_forest","red_basket","brown_gnome",4,8,"bright_forest","yellow_basket",8,0,0,1,"brown_gnome","bright_forest","yellow_basket",3049,-1,1,20,7,167,3,1,"",,,"",,,"",,,"",,,"",,,"",,,,,,,"",,,"","",,,,,,,,"",,,,,,,"",,,"","","",,,,,,,,"",,,,,,,
"","",,"","","","","","","",,"","","","","","","",,"","","","","","","",,"","","","","","","",,"","","","","","","",,"","","","","","","",,"","","","","","","",,"","","","","",845078,1,"2024-10-01_17h18.45.455","experiment","2023.2.3","Win32",71.42857143,"612569afac9baa5313aa08a7","66fbf9d935dbf9e9cfd29582","66fc20c8c0f88e30e1da8b2e","",,,"",,,"",,,"",,,"",,,"",,,"",,,,,"",,,"",,,,"",,,"","","",,,"","",,5,,,,"","","",,,,,,,3,,"",,,"",,,"s",0.7039,,"space",0.8387,,3,"blue_gnome",3,7,"bright_forest","yellow_basket","purple_gnome",3,5,"dark_forest","red_basket",35,0,0,1,"blue_gnome","bright_forest","yellow_basket",3084,1,-2,21,0,168,6,1,"",,,"",,,"",,,"",,,"",,,"",,,,,,,"",,,"","",,,,,,,,"",,,,,,,"",,,"","","",,,,,,,,"",,,,,,,
"","",,"","","","","","","",,"","","","","","","",,"","","","","","","",,"","","","","","","",,"","","","","","","",,"","","","","","","",,"","","","","","","",,"","","","","",845078,1,"2024-10-01_17h18.45.455","experiment","2023.2.3","Win32",71.42857143,"612569afac9baa5313aa08a7","66fbf9d935dbf9e9cfd29582","66fc20c8c0f88e30e1da8b2e","",,,"",,,"",,,"",,,"",,,"",,,"",,,,,"",,,"",,,,"",,,"","","",,,"","",,5,,,,"","","",,,,,,,2,,"",,,"",,,"s",0.8765,,"space",0.3909,,2,"yellow_gnome",2,8,"bright_forest","yellow_basket","red_gnome",2,3,"dark_forest","red_basket",40,0,0,1,"yellow_gnome","bright_forest","yellow_basket",3124,-2,0,21,1,169,5,1,"",,,"",,,"",,,"",,,"",,,"",,,,,,,"",,,"","",,,,,,,,"",,,,,,,"",,,"","","",,,,,,,,"",,,,,,,
"","",,"","","","","","","",,"","","","","","","",,"","","","","","","",,"","","","","","","",,"","","","","","","",,"","","","","","","",,"","","","","","","",,"","","","","",845078,1,"2024-10-01_17h18.45.455","experiment","2023.2.3","Win32",71.42857143,"612569afac9baa5313aa08a7","66fbf9d935dbf9e9cfd29582","66fc20c8c0f88e30e1da8b2e","",,,"",,,"",,,"",,,"",,,"",,,"",,,,,"",,,"",,,,"",,,"","","",,,"","",,5,,,,"","","",,,,,,,4,,"",,,"",,,"k",0.8803,,"space",0.7045,,4,"orange_gnome",4,3,"dark_forest","red_basket","brown_gnome",4,6,"bright_forest","yellow_basket",30,0,0,1,"brown_gnome","bright_forest","yellow_basket",3154,1,-1,21,2,170,7,1,"",,,"",,,"",,,"",,,"",,,"",,,,,,,"",,,"","",,,,,,,,"",,,,,,,"",,,"","","",,,,,,,,"",,,,,,,
"","",,"","","","","","","",,"","","","","","","",,"","","","","","","",,"","","","","","","",,"","","","","","","",,"","","","","","","",,"","","","","","","",,"","","","","",845078,1,"2024-10-01_17h18.45.455","experiment","2023.2.3","Win32",71.42857143,"612569afac9baa5313aa08a7","66fbf9d935dbf9e9cfd29582","66fc20c8c0f88e30e1da8b2e","",,,"",,,"",,,"",,,"",,,"",,,"",,,,,"",,,"",,,,"",,,"","","",,,"","",,1,,,,"","","",,,,,,,1,,"",,,"",,,"k",0.8423,,"space",0.7082,,1,"green_gnome",1,2,"dark_forest","red_basket","pink_gnome",1,7,"bright_forest","yellow_basket",7,0,0,1,"pink_gnome","bright_forest","yellow_basket",3161,-2,1,21,3,171,0,1,"",,,"",,,"",,,"",,,"",,,"",,,,,,,"",,,"","",,,,,,,,"",,,,,,,"",,,"","","",,,,,,,,"",,,,,,,
"","",,"","","","","","","",,"","","","","","","",,"","","","","","","",,"","","","","","","",,"","","","","","","",,"","","","","","","",,"","","","","","","",,"","","","","",845078,1,"2024-10-01_17h18.45.455","experiment","2023.2.3","Win32",71.42857143,"612569afac9baa5313aa08a7","66fbf9d935dbf9e9cfd29582","66fc20c8c0f88e30e1da8b2e","",,,"",,,"",,,"",,,"",,,"",,,"",,,,,"",,,"",,,,"",,,"","","",,,"","",,1,,,,"","","",,,,,,,2,,"",,,"",,,"s",0.7762,,"space",0.5238,,2,"yellow_gnome",2,5,"bright_forest","yellow_basket","red_gnome",2,3,"dark_forest","red_basket",5,0,0,1,"yellow_gnome","bright_forest","yellow_basket",3166,1,0,21,4,172,1,1,"",,,"",,,"",,,"",,,"",,,"",,,,,,,"",,,"","",,,,,,,,"",,,,,,,"",,,"","","",,,,,,,,"",,,,,,,
"","",,"","","","","","","",,"","","","","","","",,"","","","","","","",,"","","","","","","",,"","","","","","","",,"","","","","","","",,"","","","","","","",,"","","","","",845078,1,"2024-10-01_17h18.45.455","experiment","2023.2.3","Win32",71.42857143,"612569afac9baa5313aa08a7","66fbf9d935dbf9e9cfd29582","66fc20c8c0f88e30e1da8b2e","",,,"",,,"",,,"",,,"",,,"",,,"",,,,,"",,,"",,,,"",,,"","","",,,"","",,5,,,,"","","",,,,,,,1,,"",,,"",,,"s",0.772,,"space",0.332,,1,"pink_gnome",1,6,"bright_forest","yellow_basket","green_gnome",1,3,"dark_forest","red_basket",30,0,0,1,"pink_gnome","bright_forest","yellow_basket",3196,-1,-2,21,5,173,4,1,"",,,"",,,"",,,"",,,"",,,"",,,,,,,"",,,"","",,,,,,,,"",,,,,,,"",,,"","","",,,,,,,,"",,,,,,,
"","",,"","","","","","","",,"","","","","","","",,"","","","","","","",,"","","","","","","",,"","","","","","","",,"","","","","","","",,"","","","","","","",,"","","","","",845078,1,"2024-10-01_17h18.45.455","experiment","2023.2.3","Win32",71.42857143,"612569afac9baa5313aa08a7","66fbf9d935dbf9e9cfd29582","66fc20c8c0f88e30e1da8b2e","",,,"",,,"",,,"",,,"",,,"",,,"",,,,,"",,,"",,,,"",,,"","","",,,"","",,5,,,,"","","",,,,,,,2,,"",,,"",,,"s",0.7411,,"space",0.6694,,2,"yellow_gnome",2,5,"bright_forest","yellow_basket","red_gnome",2,1,"dark_forest","red_basket",25,0,0,1,"yellow_gnome","bright_forest","yellow_basket",3221,-4,3,21,6,174,5,1,"",,,"",,,"",,,"",,,"",,,"",,,,,,,"",,,"","",,,,,,,,"",,,,,,,"",,,"","","",,,,,,,,"",,,,,,,
"","",,"","","","","","","",,"","","","","","","",,"","","","","","","",,"","","","","","","",,"","","","","","","",,"","","","","","","",,"","","","","","","",,"","","","","",845078,1,"2024-10-01_17h18.45.455","experiment","2023.2.3","Win32",71.42857143,"612569afac9baa5313aa08a7","66fbf9d935dbf9e9cfd29582","66fc20c8c0f88e30e1da8b2e","",,,"",,,"",,,"",,,"",,,"",,,"",,,,,"",,,"",,,,"",,,"","","",,,"","",,1,,,,"","","",,,,,,,1,,"",,,"",,,"s",0.7422,,"space",0.4512,,1,"pink_gnome",1,1,"bright_forest","yellow_basket","green_gnome",1,4,"dark_forest","red_basket",1,0,0,1,"pink_gnome","bright_forest","yellow_basket",3222,1,1,21,7,175,0,1,"",,,"",,,"",,,"",,,"",,,"",,,,,,,"",,,"","",,,,,,,,"",,,,,,,"",,,"","","",,,,,,,,"",,,,,,,
"","",,"","","","","","","",,"","","","","","","",,"","","","","","","",,"","","","","","","",,"","","","","","","",,"","","","","","","",,"","","","","","","",,"","","","","",845078,1,"2024-10-01_17h18.45.455","experiment","2023.2.3","Win32",71.42857143,"612569afac9baa5313aa08a7","66fbf9d935dbf9e9cfd29582","66fc20c8c0f88e30e1da8b2e","",,,"",,,"",,,"",,,"",,,"",,,"",,,,,"",,,"",,,,"",,,"","","",,,"","",,5,,,,"","","",,,,,,,3,,"",,,"",,,"s",0.8516,,"space",0.5725,,3,"purple_gnome",3,5,"dark_forest","red_basket","blue_gnome",3,2,"bright_forest","yellow_basket",25,0,0,1,"purple_gnome","dark_forest","red_basket",3247,1,3,22,0,176,6,1,"",,,"",,,"",,,"",,,"",,,"",,,,,,,"",,,"","",,,,,,,,"",,,,,,,"",,,"","","",,,,,,,,"",,,,,,,
"","",,"","","","","","","",,"","","","","","","",,"","","","","","","",,"","","","","","","",,"","","","","","","",,"","","","","","","",,"","","","","","","",,"","","","","",845078,1,"2024-10-01_17h18.45.455","experiment","2023.2.3","Win32",71.42857143,"612569afac9baa5313aa08a7","66fbf9d935dbf9e9cfd29582","66fc20c8c0f88e30e1da8b2e","",,,"",,,"",,,"",,,"",,,"",,,"",,,,,"",,,"",,,,"",,,"","","",,,"","",,1,,,,"","","",,,,,,,1,,"",,,"",,,"s",0.792,,"space",0.4968,,1,"pink_gnome",1,3,"bright_forest","yellow_basket","green_gnome",1,8,"dark_forest","red_basket",3,0,0,1,"pink_gnome","bright_forest","yellow_basket",3250,3,0,22,1,177,0,1,"",,,"",,,"",,,"",,,"",,,"",,,,,,,"",,,"","",,,,,,,,"",,,,,,,"",,,"","","",,,,,,,,"",,,,,,,
"","",,"","","","","","","",,"","","","","","","",,"","","","","","","",,"","","","","","","",,"","","","","","","",,"","","","","","","",,"","","","","","","",,"","","","","",845078,1,"2024-10-01_17h18.45.455","experiment","2023.2.3","Win32",71.42857143,"612569afac9baa5313aa08a7","66fbf9d935dbf9e9cfd29582","66fc20c8c0f88e30e1da8b2e","",,,"",,,"",,,"",,,"",,,"",,,"",,,,,"",,,"",,,,"",,,"","","",,,"","",,1,,,,"","","",,,,,,,4,,"",,,"",,,"s",0.7748,,"space",0.4375,,4,"orange_gnome",4,8,"dark_forest","red_basket","brown_gnome",4,6,"bright_forest","yellow_basket",8,0,0,1,"orange_gnome","dark_forest","red_basket",3258,0,4,22,2,178,3,1,"",,,"",,,"",,,"",,,"",,,"",,,,,,,"",,,"","",,,,,,,,"",,,,,,,"",,,"","","",,,,,,,,"",,,,,,,
"","",,"","","","","","","",,"","","","","","","",,"","","","","","","",,"","","","","","","",,"","","","","","","",,"","","","","","","",,"","","","","","","",,"","","","","",845078,1,"2024-10-01_17h18.45.455","experiment","2023.2.3","Win32",71.42857143,"612569afac9baa5313aa08a7","66fbf9d935dbf9e9cfd29582","66fc20c8c0f88e30e1da8b2e","",,,"",,,"",,,"",,,"",,,"",,,"",,,,,"",,,"",,,,"",,,"","","",,,"","",,1,,,,"","","",,,,,,,4,,"",,,"",,,"s",0.8153,,"space",0.4108,,4,"orange_gnome",4,6,"dark_forest","red_basket","brown_gnome",4,6,"bright_forest","yellow_basket",6,0,0,1,"orange_gnome","dark_forest","red_basket",3264,0,-1,22,3,179,3,1,"",,,"",,,"",,,"",,,"",,,"",,,,,,,"",,,"","",,,,,,,,"",,,,,,,"",,,"","","",,,,,,,,"",,,,,,,
"","",,"","","","","","","",,"","","","","","","",,"","","","","","","",,"","","","","","","",,"","","","","","","",,"","","","","","","",,"","","","","","","",,"","","","","",845078,1,"2024-10-01_17h18.45.455","experiment","2023.2.3","Win32",71.42857143,"612569afac9baa5313aa08a7","66fbf9d935dbf9e9cfd29582","66fc20c8c0f88e30e1da8b2e","",,,"",,,"",,,"",,,"",,,"",,,"",,,,,"",,,"",,,,"",,,"","","",,,"","",,1,,,,"","","",,,,,,,2,,"",,,"",,,"k",0.8871,,"space",0.4144,,2,"yellow_gnome",2,6,"bright_forest","yellow_basket","red_gnome",2,5,"dark_forest","red_basket",5,0,0,1,"red_gnome","dark_forest","red_basket",3269,2,3,22,4,180,1,1,"",,,"",,,"",,,"",,,"",,,"",,,,,,,"",,,"","",,,,,,,,"",,,,,,,"",,,"","","",,,,,,,,"",,,,,,,
"","",,"","","","","","","",,"","","","","","","",,"","","","","","","",,"","","","","","","",,"","","","","","","",,"","","","","","","",,"","","","","","","",,"","","","","",845078,1,"2024-10-01_17h18.45.455","experiment","2023.2.3","Win32",71.42857143,"612569afac9baa5313aa08a7","66fbf9d935dbf9e9cfd29582","66fc20c8c0f88e30e1da8b2e","",,,"",,,"",,,"",,,"",,,"",,,"",,,,,"",,,"",,,,"",,,"","","",,,"","",,1,,,,"","","",,,,,,,2,,"",,,"",,,"k",0.9403,,"space",0.2146,,2,"yellow_gnome",2,8,"bright_forest","yellow_basket","red_gnome",2,8,"dark_forest","red_basket",8,0,0,1,"red_gnome","dark_forest","red_basket",3277,1,3,22,5,181,1,1,"",,,"",,,"",,,"",,,"",,,"",,,,,,,"",,,"","",,,,,,,,"",,,,,,,"",,,"","","",,,,,,,,"",,,,,,,
"","",,"","","","","","","",,"","","","","","","",,"","","","","","","",,"","","","","","","",,"","","","","","","",,"","","","","","","",,"","","","","","","",,"","","","","",845078,1,"2024-10-01_17h18.45.455","experiment","2023.2.3","Win32",71.42857143,"612569afac9baa5313aa08a7","66fbf9d935dbf9e9cfd29582","66fc20c8c0f88e30e1da8b2e","",,,"",,,"",,,"",,,"",,,"",,,"",,,,,"",,,"",,,,"",,,"","","",,,"","",,1,,,,"","","",,,,,,,3,,"",,,"",,,"k",0.8332,,"space",0.3762,,3,"blue_gnome",3,9,"bright_forest","yellow_basket","purple_gnome",3,7,"dark_forest","red_basket",7,0,0,1,"purple_gnome","dark_forest","red_basket",3284,1,0,22,6,182,2,1,"",,,"",,,"",,,"",,,"",,,"",,,,,,,"",,,"","",,,,,,,,"",,,,,,,"",,,"","","",,,,,,,,"",,,,,,,
"","",,"","","","","","","",,"","","","","","","",,"","","","","","","",,"","","","","","","",,"","","","","","","",,"","","","","","","",,"","","","","","","",,"","","","","",845078,1,"2024-10-01_17h18.45.455","experiment","2023.2.3","Win32",71.42857143,"612569afac9baa5313aa08a7","66fbf9d935dbf9e9cfd29582","66fc20c8c0f88e30e1da8b2e","",,,"",,,"",,,"",,,"",,,"",,,"",,,,,"",,,"",,,,"",,,"","","",,,"","",,5,,,,"","","",,,,,,,2,,"",,,"",,,"s",1.0059,,"space",0.5753,,2,"red_gnome",2,7,"dark_forest","red_basket","yellow_gnome",2,8,"bright_forest","yellow_basket",35,0,0,1,"red_gnome","dark_forest","red_basket",3319,2,4,22,7,183,5,1,"",,,"",,,"",,,"",,,"",,,"",,,,,,,"",,,"","",,,,,,,,"",,,,,,,"",,,"","","",,,,,,,,"",,,,,,,
"","",,"","","","","","","",,"","","","","","","",,"","","","","","","",,"","","","","","","",,"","","","","","","",,"","","","","","","",,"","","","","","","",,"","","","","",845078,1,"2024-10-01_17h18.45.455","experiment","2023.2.3","Win32",71.42857143,"612569afac9baa5313aa08a7","66fbf9d935dbf9e9cfd29582","66fc20c8c0f88e30e1da8b2e","",,,"",,,"",,,"",,,"",,,"",,,"",,,,,"",,,"",,,,"",,,"","","",,,"","",,1,,,,"","","",,,,,,,1,,"",,,"",,,"s",0.8623,,"space",0.507,,1,"green_gnome",1,7,"dark_forest","red_basket","pink_gnome",1,8,"bright_forest","yellow_basket",7,0,0,1,"green_gnome","dark_forest","red_basket",3326,0,1,23,0,184,0,1,"",,,"",,,"",,,"",,,"",,,"",,,,,,,"",,,"","",,,,,,,,"",,,,,,,"",,,"","","",,,,,,,,"",,,,,,,
"","",,"","","","","","","",,"","","","","","","",,"","","","","","","",,"","","","","","","",,"","","","","","","",,"","","","","","","",,"","","","","","","",,"","","","","",845078,1,"2024-10-01_17h18.45.455","experiment","2023.2.3","Win32",71.42857143,"612569afac9baa5313aa08a7","66fbf9d935dbf9e9cfd29582","66fc20c8c0f88e30e1da8b2e","",,,"",,,"",,,"",,,"",,,"",,,"",,,,,"",,,"",,,,"",,,"","","",,,"","",,5,,,,"","","",,,,,,,2,,"",,,"",,,"s",0.8353,,"space",0.3128,,2,"red_gnome",2,8,"dark_forest","red_basket","yellow_gnome",2,8,"bright_forest","yellow_basket",40,0,0,1,"red_gnome","dark_forest","red_basket",3366,0,1,23,1,185,5,1,"",,,"",,,"",,,"",,,"",,,"",,,,,,,"",,,"","",,,,,,,,"",,,,,,,"",,,"","","",,,,,,,,"",,,,,,,
"","",,"","","","","","","",,"","","","","","","",,"","","","","","","",,"","","","","","","",,"","","","","","","",,"","","","","","","",,"","","","","","","",,"","","","","",845078,1,"2024-10-01_17h18.45.455","experiment","2023.2.3","Win32",71.42857143,"612569afac9baa5313aa08a7","66fbf9d935dbf9e9cfd29582","66fc20c8c0f88e30e1da8b2e","",,,"",,,"",,,"",,,"",,,"",,,"",,,,,"",,,"",,,,"",,,"","","",,,"","",,1,,,,"","","",,,,,,,4,,"",,,"",,,"s",0.7582,,"space",0.466,,4,"orange_gnome",4,9,"dark_forest","red_basket","brown_gnome",4,8,"bright_forest","yellow_basket",9,0,0,1,"orange_gnome","dark_forest","red_basket",3375,-1,-2,23,2,186,3,1,"",,,"",,,"",,,"",,,"",,,"",,,,,,,"",,,"","",,,,,,,,"",,,,,,,"",,,"","","",,,,,,,,"",,,,,,,
"","",,"","","","","","","",,"","","","","","","",,"","","","","","","",,"","","","","","","",,"","","","","","","",,"","","","","","","",,"","","","","","","",,"","","","","",845078,1,"2024-10-01_17h18.45.455","experiment","2023.2.3","Win32",71.42857143,"612569afac9baa5313aa08a7","66fbf9d935dbf9e9cfd29582","66fc20c8c0f88e30e1da8b2e","",,,"",,,"",,,"",,,"",,,"",,,"",,,,,"",,,"",,,,"",,,"","","",,,"","",,5,,,,"","","",,,,,,,4,,"",,,"",,,"s",0.6637,,"space",0.3657,,4,"orange_gnome",4,7,"dark_forest","red_basket","brown_gnome",4,7,"bright_forest","yellow_basket",35,0,0,1,"orange_gnome","dark_forest","red_basket",3410,-2,-1,23,3,187,7,1,"",,,"",,,"",,,"",,,"",,,"",,,,,,,"",,,"","",,,,,,,,"",,,,,,,"",,,"","","",,,,,,,,"",,,,,,,
"","",,"","","","","","","",,"","","","","","","",,"","","","","","","",,"","","","","","","",,"","","","","","","",,"","","","","","","",,"","","","","","","",,"","","","","",845078,1,"2024-10-01_17h18.45.455","experiment","2023.2.3","Win32",71.42857143,"612569afac9baa5313aa08a7","66fbf9d935dbf9e9cfd29582","66fc20c8c0f88e30e1da8b2e","",,,"",,,"",,,"",,,"",,,"",,,"",,,,,"",,,"",,,,"",,,"","","",,,"","",,5,,,,"","","",,,,,,,2,,"",,,"",,,"s",0.8947,,"space",0.4685,,2,"yellow_gnome",2,5,"bright_forest","yellow_basket","red_gnome",2,6,"dark_forest","red_basket",25,0,0,1,"yellow_gnome","bright_forest","yellow_basket",3435,0,-1,23,4,188,5,1,"",,,"",,,"",,,"",,,"",,,"",,,,,,,"",,,"","",,,,,,,,"",,,,,,,"",,,"","","",,,,,,,,"",,,,,,,
"","",,"","","","","","","",,"","","","","","","",,"","","","","","","",,"","","","","","","",,"","","","","","","",,"","","","","","","",,"","","","","","","",,"","","","","",845078,1,"2024-10-01_17h18.45.455","experiment","2023.2.3","Win32",71.42857143,"612569afac9baa5313aa08a7","66fbf9d935dbf9e9cfd29582","66fc20c8c0f88e30e1da8b2e","",,,"",,,"",,,"",,,"",,,"",,,"",,,,,"",,,"",,,,"",,,"","","",,,"","",,1,,,,"","","",,,,,,,2,,"",,,"",,,"s",1.0255,,"space",0.4219,,2,"red_gnome",2,5,"dark_forest","red_basket","yellow_gnome",2,5,"bright_forest","yellow_basket",5,0,0,1,"red_gnome","dark_forest","red_basket",3440,1,-1,23,5,189,1,1,"",,,"",,,"",,,"",,,"",,,"",,,,,,,"",,,"","",,,,,,,,"",,,,,,,"",,,"","","",,,,,,,,"",,,,,,,
"","",,"","","","","","","",,"","","","","","","",,"","","","","","","",,"","","","","","","",,"","","","","","","",,"","","","","","","",,"","","","","","","",,"","","","","",845078,1,"2024-10-01_17h18.45.455","experiment","2023.2.3","Win32",71.42857143,"612569afac9baa5313aa08a7","66fbf9d935dbf9e9cfd29582","66fc20c8c0f88e30e1da8b2e","",,,"",,,"",,,"",,,"",,,"",,,"",,,,,"",,,"",,,,"",,,"","","",,,"","",,5,,,,"","","",,,,,,,4,,"",,,"",,,"k",0.7874,,"space",0.1798,,4,"orange_gnome",4,4,"dark_forest","red_basket","brown_gnome",4,6,"bright_forest","yellow_basket",30,0,0,1,"brown_gnome","bright_forest","yellow_basket",3470,1,-2,23,6,190,7,1,"",,,"",,,"",,,"",,,"",,,"",,,,,,,"",,,"","",,,,,,,,"",,,,,,,"",,,"","","",,,,,,,,"",,,,,,,
"","",,"","","","","","","",,"","","","","","","",,"","","","","","","",,"","","","","","","",,"","","","","","","",,"","","","","","","",,"","","","","","","",,"","","","","",845078,1,"2024-10-01_17h18.45.455","experiment","2023.2.3","Win32",71.42857143,"612569afac9baa5313aa08a7","66fbf9d935dbf9e9cfd29582","66fc20c8c0f88e30e1da8b2e","",,,"",,,"",,,"",,,"",,,"",,,"",,,,,"",,,"",,,,"",,,"","","",,,"","",,1,,,,"","","",,,,,,,3,,"",,,"",,,"k",0.9557,,"space",0.4362,,3,"purple_gnome",3,2,"dark_forest","red_basket","blue_gnome",3,7,"bright_forest","yellow_basket",7,0,0,1,"blue_gnome","bright_forest","yellow_basket",3477,3,2,23,7,191,2,1,"space",75.6221,,"",,,"",,,"",,,"",,,"",,,,,,,"",,,"","",,,,,,,,"",,,,,,,"",,,"","","",,,,,,,,"",,,,,,,
"","",,"","","","","","","",,"","","","","","","",,"","","","","","","",,"","","","","","","",,"","","","","","","",,"","","","","","","",,"","","","","","","",,"","","","","",845078,1,"2024-10-01_17h18.45.455","experiment","2023.2.3","Win32",71.42857143,"612569afac9baa5313aa08a7","66fbf9d935dbf9e9cfd29582","66fc20c8c0f88e30e1da8b2e","",,,"",,,"",,,"",,,"",,,"",,,"",,,,,"",,,"",,,,"",,,"","","",,,"","",,5,,,,"","","",,,,,,,4,,"",,,"",,,"s",0.8519,,"space",0.4286,,4,"brown_gnome",4,8,"bright_forest","yellow_basket","orange_gnome",4,4,"dark_forest","red_basket",40,0,0,1,"brown_gnome","bright_forest","yellow_basket",3517,1,0,24,0,192,7,1,"",,,"",,,"",,,"",,,"",,,"",,,,,,,"",,,"","",,,,,,,,"",,,,,,,"",,,"","","",,,,,,,,"",,,,,,,
"","",,"","","","","","","",,"","","","","","","",,"","","","","","","",,"","","","","","","",,"","","","","","","",,"","","","","","","",,"","","","","","","",,"","","","","",845078,1,"2024-10-01_17h18.45.455","experiment","2023.2.3","Win32",71.42857143,"612569afac9baa5313aa08a7","66fbf9d935dbf9e9cfd29582","66fc20c8c0f88e30e1da8b2e","",,,"",,,"",,,"",,,"",,,"",,,"",,,,,"",,,"",,,,"",,,"","","",,,"","",,1,,,,"","","",,,,,,,3,,"",,,"",,,"k",0.7066,,"space",0.4235,,3,"purple_gnome",3,4,"dark_forest","red_basket","blue_gnome",3,9,"bright_forest","yellow_basket",9,0,0,1,"blue_gnome","bright_forest","yellow_basket",3526,0,0,24,1,193,2,1,"",,,"",,,"",,,"",,,"",,,"",,,,,,,"",,,"","",,,,,,,,"",,,,,,,"",,,"","","",,,,,,,,"",,,,,,,
"","",,"","","","","","","",,"","","","","","","",,"","","","","","","",,"","","","","","","",,"","","","","","","",,"","","","","","","",,"","","","","","","",,"","","","","",845078,1,"2024-10-01_17h18.45.455","experiment","2023.2.3","Win32",71.42857143,"612569afac9baa5313aa08a7","66fbf9d935dbf9e9cfd29582","66fc20c8c0f88e30e1da8b2e","",,,"",,,"",,,"",,,"",,,"",,,"",,,,,"",,,"",,,,"",,,"","","",,,"","",,1,,,,"","","",,,,,,,3,,"",,,"",,,"k",0.6234,,"space",0.2206,,3,"purple_gnome",3,4,"dark_forest","red_basket","blue_gnome",3,9,"bright_forest","yellow_basket",9,0,0,1,"blue_gnome","bright_forest","yellow_basket",3535,-1,0,24,2,194,2,1,"",,,"",,,"",,,"",,,"",,,"",,,,,,,"",,,"","",,,,,,,,"",,,,,,,"",,,"","","",,,,,,,,"",,,,,,,
"","",,"","","","","","","",,"","","","","","","",,"","","","","","","",,"","","","","","","",,"","","","","","","",,"","","","","","","",,"","","","","","","",,"","","","","",845078,1,"2024-10-01_17h18.45.455","experiment","2023.2.3","Win32",71.42857143,"612569afac9baa5313aa08a7","66fbf9d935dbf9e9cfd29582","66fc20c8c0f88e30e1da8b2e","",,,"",,,"",,,"",,,"",,,"",,,"",,,,,"",,,"",,,,"",,,"","","",,,"","",,1,,,,"","","",,,,,,,1,,"",,,"",,,"k",0.7638,,"space",1.412,,1,"green_gnome",1,4,"dark_forest","red_basket","pink_gnome",1,8,"bright_forest","yellow_basket",8,0,0,1,"pink_gnome","bright_forest","yellow_basket",3543,-1,-2,24,3,195,0,1,"",,,"",,,"",,,"",,,"",,,"",,,,,,,"",,,"","",,,,,,,,"",,,,,,,"",,,"","","",,,,,,,,"",,,,,,,
"","",,"","","","","","","",,"","","","","","","",,"","","","","","","",,"","","","","","","",,"","","","","","","",,"","","","","","","",,"","","","","","","",,"","","","","",845078,1,"2024-10-01_17h18.45.455","experiment","2023.2.3","Win32",71.42857143,"612569afac9baa5313aa08a7","66fbf9d935dbf9e9cfd29582","66fc20c8c0f88e30e1da8b2e","",,,"",,,"",,,"",,,"",,,"",,,"",,,,,"",,,"",,,,"",,,"","","",,,"","",,5,,,,"","","",,,,,,,4,,"",,,"",,,"s",0.7483,,"space",0.6821,,4,"brown_gnome",4,7,"bright_forest","yellow_basket","orange_gnome",4,2,"dark_forest","red_basket",35,0,0,1,"brown_gnome","bright_forest","yellow_basket",3578,1,-2,24,4,196,7,1,"",,,"",,,"",,,"",,,"",,,"",,,,,,,"",,,"","",,,,,,,,"",,,,,,,"",,,"","","",,,,,,,,"",,,,,,,
"","",,"","","","","","","",,"","","","","","","",,"","","","","","","",,"","","","","","","",,"","","","","","","",,"","","","","","","",,"","","","","","","",,"","","","","",845078,1,"2024-10-01_17h18.45.455","experiment","2023.2.3","Win32",71.42857143,"612569afac9baa5313aa08a7","66fbf9d935dbf9e9cfd29582","66fc20c8c0f88e30e1da8b2e","",,,"",,,"",,,"",,,"",,,"",,,"",,,,,"",,,"",,,,"",,,"","","",,,"","",,5,,,,"","","",,,,,,,4,,"",,,"",,,"s",0.7246,,"space",0.7753,,4,"brown_gnome",4,8,"bright_forest","yellow_basket","orange_gnome",4,0,"dark_forest","red_basket",40,0,0,1,"brown_gnome","bright_forest","yellow_basket",3618,0,-1,24,5,197,7,1,"",,,"",,,"",,,"",,,"",,,"",,,,,,,"",,,"","",,,,,,,,"",,,,,,,"",,,"","","",,,,,,,,"",,,,,,,
"","",,"","","","","","","",,"","","","","","","",,"","","","","","","",,"","","","","","","",,"","","","","","","",,"","","","","","","",,"","","","","","","",,"","","","","",845078,1,"2024-10-01_17h18.45.455","experiment","2023.2.3","Win32",71.42857143,"612569afac9baa5313aa08a7","66fbf9d935dbf9e9cfd29582","66fc20c8c0f88e30e1da8b2e","",,,"",,,"",,,"",,,"",,,"",,,"",,,,,"",,,"",,,,"",,,"","","",,,"","",,1,,,,"","","",,,,,,,4,,"",,,"",,,"k",0.5683,,"space",0.4225,,4,"orange_gnome",4,1,"dark_forest","red_basket","brown_gnome",4,8,"bright_forest","yellow_basket",8,0,0,1,"brown_gnome","bright_forest","yellow_basket",3626,-1,0,24,6,198,3,1,"",,,"",,,"",,,"",,,"",,,"",,,,,,,"",,,"","",,,,,,,,"",,,,,,,"",,,"","","",,,,,,,,"",,,,,,,
"","",,"","","","","","","",,"","","","","","","",,"","","","","","","",,"","","","","","","",,"","","","","","","",,"","","","","","","",,"","","","","","","",,"","","","","",845078,1,"2024-10-01_17h18.45.455","experiment","2023.2.3","Win32",71.42857143,"612569afac9baa5313aa08a7","66fbf9d935dbf9e9cfd29582","66fc20c8c0f88e30e1da8b2e","",,,"",,,"",,,"",,,"",,,"",,,"",,,,,"",,,"",,,,"",,,"","","",,,"","",,5,,,,"","","",,,,,,,1,,"",,,"",,,"k",0.5345,,"space",0.2173,,1,"green_gnome",1,1,"dark_forest","red_basket","pink_gnome",1,7,"bright_forest","yellow_basket",35,0,0,1,"pink_gnome","bright_forest","yellow_basket",3661,-5,-2,24,7,199,4,1,"",,,"",,,"",,,"",,,"",,,"",,,,,,,"",,,"","",,,,,,,,"",,,,,,,"",,,"","","",,,,,,,,"",,,,,,,
"","",,"","","","","","","",,"","","","","","","",,"","","","","","","",,"","","","","","","",,"","","","","","","",,"","","","","","","",,"","","","","","","",,"","","","","",845078,1,"2024-10-01_17h18.45.455","experiment","2023.2.3","Win32",71.42857143,"612569afac9baa5313aa08a7","66fbf9d935dbf9e9cfd29582","66fc20c8c0f88e30e1da8b2e","",,,"",,,"",,,"",,,"",,,"",,,"",,,,,"",,,"",,,,"",,,"","","",,,"","",,5,,,,"","","",,,,,,,1,,"",,,"",,,"k",0.5768,,"space",0.4611,,1,"green_gnome",1,1,"dark_forest","red_basket","pink_gnome",1,2,"bright_forest","yellow_basket",10,0,0,1,"pink_gnome","bright_forest","yellow_basket",3671,-1,1,25,0,200,4,1,"",,,"",,,"",,,"",,,"",,,"",,,,,,,"",,,"","",,,,,,,,"",,,,,,,"",,,"","","",,,,,,,,"",,,,,,,
"","",,"","","","","","","",,"","","","","","","",,"","","","","","","",,"","","","","","","",,"","","","","","","",,"","","","","","","",,"","","","","","","",,"","","","","",845078,1,"2024-10-01_17h18.45.455","experiment","2023.2.3","Win32",71.42857143,"612569afac9baa5313aa08a7","66fbf9d935dbf9e9cfd29582","66fc20c8c0f88e30e1da8b2e","",,,"",,,"",,,"",,,"",,,"",,,"",,,,,"",,,"",,,,"",,,"","","",,,"","",,5,,,,"","","",,,,,,,3,,"",,,"",,,"k",1.1643,,"space",0.4289,,3,"blue_gnome",3,1,"bright_forest","yellow_basket","purple_gnome",3,2,"dark_forest","red_basket",10,0,0,1,"purple_gnome","dark_forest","red_basket",3681,0,1,25,1,201,6,1,"",,,"",,,"",,,"",,,"",,,"",,,,,,,"",,,"","",,,,,,,,"",,,,,,,"",,,"","","",,,,,,,,"",,,,,,,
"","",,"","","","","","","",,"","","","","","","",,"","","","","","","",,"","","","","","","",,"","","","","","","",,"","","","","","","",,"","","","","","","",,"","","","","",845078,1,"2024-10-01_17h18.45.455","experiment","2023.2.3","Win32",71.42857143,"612569afac9baa5313aa08a7","66fbf9d935dbf9e9cfd29582","66fc20c8c0f88e30e1da8b2e","",,,"",,,"",,,"",,,"",,,"",,,"",,,,,"",,,"",,,,"",,,"","","",,,"","",,1,,,,"","","",,,,,,,1,,"",,,"",,,"k",1.1955,,"space",0.2169,,1,"pink_gnome",1,1,"bright_forest","yellow_basket","green_gnome",1,3,"dark_forest","red_basket",3,0,0,1,"green_gnome","dark_forest","red_basket",3684,-1,-2,25,2,202,0,1,"",,,"",,,"",,,"",,,"",,,"",,,,,,,"",,,"","",,,,,,,,"",,,,,,,"",,,"","","",,,,,,,,"",,,,,,,
"","",,"","","","","","","",,"","","","","","","",,"","","","","","","",,"","","","","","","",,"","","","","","","",,"","","","","","","",,"","","","","","","",,"","","","","",845078,1,"2024-10-01_17h18.45.455","experiment","2023.2.3","Win32",71.42857143,"612569afac9baa5313aa08a7","66fbf9d935dbf9e9cfd29582","66fc20c8c0f88e30e1da8b2e","",,,"",,,"",,,"",,,"",,,"",,,"",,,,,"",,,"",,,,"",,,"","","",,,"","",,5,,,,"","","",,,,,,,4,,"",,,"",,,"s",0.7472,,"space",0.4457,,4,"brown_gnome",4,0,"bright_forest","yellow_basket","orange_gnome",4,1,"dark_forest","red_basket",0,0,0,1,"brown_gnome","bright_forest","yellow_basket",3684,1,-1,25,3,203,7,1,"",,,"",,,"",,,"",,,"",,,"",,,,,,,"",,,"","",,,,,,,,"",,,,,,,"",,,"","","",,,,,,,,"",,,,,,,
"","",,"","","","","","","",,"","","","","","","",,"","","","","","","",,"","","","","","","",,"","","","","","","",,"","","","","","","",,"","","","","","","",,"","","","","",845078,1,"2024-10-01_17h18.45.455","experiment","2023.2.3","Win32",71.42857143,"612569afac9baa5313aa08a7","66fbf9d935dbf9e9cfd29582","66fc20c8c0f88e30e1da8b2e","",,,"",,,"",,,"",,,"",,,"",,,"",,,,,"",,,"",,,,"",,,"","","",,,"","",,1,,,,"","","",,,,,,,3,,"",,,"",,,"s",0.6841,,"space",0.1706,,3,"purple_gnome",3,0,"dark_forest","red_basket","blue_gnome",3,1,"bright_forest","yellow_basket",0,0,0,1,"purple_gnome","dark_forest","red_basket",3684,2,2,25,4,204,2,1,"",,,"",,,"",,,"",,,"",,,"",,,,,,,"",,,"","",,,,,,,,"",,,,,,,"",,,"","","",,,,,,,,"",,,,,,,
"","",,"","","","","","","",,"","","","","","","",,"","","","","","","",,"","","","","","","",,"","","","","","","",,"","","","","","","",,"","","","","","","",,"","","","","",845078,1,"2024-10-01_17h18.45.455","experiment","2023.2.3","Win32",71.42857143,"612569afac9baa5313aa08a7","66fbf9d935dbf9e9cfd29582","66fc20c8c0f88e30e1da8b2e","",,,"",,,"",,,"",,,"",,,"",,,"",,,,,"",,,"",,,,"",,,"","","",,,"","",,5,,,,"","","",,,,,,,3,,"",,,"",,,"k",0.7379,,"space",0.0838,,3,"blue_gnome",3,3,"bright_forest","yellow_basket","purple_gnome",3,2,"dark_forest","red_basket",10,0,0,1,"purple_gnome","dark_forest","red_basket",3694,2,-1,25,5,205,6,1,"",,,"",,,"",,,"",,,"",,,"",,,,,,,"",,,"","",,,,,,,,"",,,,,,,"",,,"","","",,,,,,,,"",,,,,,,
"","",,"","","","","","","",,"","","","","","","",,"","","","","","","",,"","","","","","","",,"","","","","","","",,"","","","","","","",,"","","","","","","",,"","","","","",845078,1,"2024-10-01_17h18.45.455","experiment","2023.2.3","Win32",71.42857143,"612569afac9baa5313aa08a7","66fbf9d935dbf9e9cfd29582","66fc20c8c0f88e30e1da8b2e","",,,"",,,"",,,"",,,"",,,"",,,"",,,,,"",,,"",,,,"",,,"","","",,,"","",,5,,,,"","","",,,,,,,2,,"",,,"",,,"k",0.9759,,"space",0.2165,,2,"yellow_gnome",2,5,"bright_forest","yellow_basket","red_gnome",2,1,"dark_forest","red_basket",5,0,0,1,"red_gnome","dark_forest","red_basket",3699,1,0,25,6,206,5,1,"",,,"",,,"",,,"",,,"",,,"",,,,,,,"",,,"","",,,,,,,,"",,,,,,,"",,,"","","",,,,,,,,"",,,,,,,
"","",,"","","","","","","",,"","","","","","","",,"","","","","","","",,"","","","","","","",,"","","","","","","",,"","","","","","","",,"","","","","","","",,"","","","","",845078,1,"2024-10-01_17h18.45.455","experiment","2023.2.3","Win32",71.42857143,"612569afac9baa5313aa08a7","66fbf9d935dbf9e9cfd29582","66fc20c8c0f88e30e1da8b2e","",,,"",,,"",,,"",,,"",,,"",,,"",,,,,"",,,"",,,,"",,,"","","",,,"","",,5,,,,"","","",,,,,,,4,,"",,,"",,,"s",0.7805,,"space",0.3627,,4,"brown_gnome",4,6,"bright_forest","yellow_basket","orange_gnome",4,1,"dark_forest","red_basket",30,0,0,1,"brown_gnome","bright_forest","yellow_basket",3729,2,-2,25,7,207,7,1,"",,,"",,,"",,,"",,,"",,,"",,,,,,,"",,,"","",,,,,,,,"",,,,,,,"",,,"","","",,,,,,,,"",,,,,,,
"","",,"","","","","","","",,"","","","","","","",,"","","","","","","",,"","","","","","","",,"","","","","","","",,"","","","","","","",,"","","","","","","",,"","","","","",845078,1,"2024-10-01_17h18.45.455","experiment","2023.2.3","Win32",71.42857143,"612569afac9baa5313aa08a7","66fbf9d935dbf9e9cfd29582","66fc20c8c0f88e30e1da8b2e","",,,"",,,"",,,"",,,"",,,"",,,"",,,,,"",,,"",,,,"",,,"","","",,,"","",,5,,,,"","","",,,,,,,2,,"",,,"",,,"s",0.7526,,"space",0.1798,,2,"yellow_gnome",2,8,"bright_forest","yellow_basket","red_gnome",2,1,"dark_forest","red_basket",40,0,0,1,"yellow_gnome","bright_forest","yellow_basket",3769,1,0,26,0,208,5,1,"",,,"",,,"",,,"",,,"",,,"",,,,,,,"",,,"","",,,,,,,,"",,,,,,,"",,,"","","",,,,,,,,"",,,,,,,
"","",,"","","","","","","",,"","","","","","","",,"","","","","","","",,"","","","","","","",,"","","","","","","",,"","","","","","","",,"","","","","","","",,"","","","","",845078,1,"2024-10-01_17h18.45.455","experiment","2023.2.3","Win32",71.42857143,"612569afac9baa5313aa08a7","66fbf9d935dbf9e9cfd29582","66fc20c8c0f88e30e1da8b2e","",,,"",,,"",,,"",,,"",,,"",,,"",,,,,"",,,"",,,,"",,,"","","",,,"","",,1,,,,"","","",,,,,,,3,,"",,,"",,,"k",0.7892,,"space",0.613,,3,"purple_gnome",3,1,"dark_forest","red_basket","blue_gnome",3,9,"bright_forest","yellow_basket",9,0,0,1,"blue_gnome","bright_forest","yellow_basket",3778,0,2,26,1,209,2,1,"",,,"",,,"",,,"",,,"",,,"",,,,,,,"",,,"","",,,,,,,,"",,,,,,,"",,,"","","",,,,,,,,"",,,,,,,
"","",,"","","","","","","",,"","","","","","","",,"","","","","","","",,"","","","","","","",,"","","","","","","",,"","","","","","","",,"","","","","","","",,"","","","","",845078,1,"2024-10-01_17h18.45.455","experiment","2023.2.3","Win32",71.42857143,"612569afac9baa5313aa08a7","66fbf9d935dbf9e9cfd29582","66fc20c8c0f88e30e1da8b2e","",,,"",,,"",,,"",,,"",,,"",,,"",,,,,"",,,"",,,,"",,,"","","",,,"","",,1,,,,"","","",,,,,,,3,,"",,,"",,,"s",0.7773,,"space",0.5296,,3,"blue_gnome",3,9,"bright_forest","yellow_basket","purple_gnome",3,3,"dark_forest","red_basket",9,0,0,1,"blue_gnome","bright_forest","yellow_basket",3787,1,-2,26,2,210,2,1,"",,,"",,,"",,,"",,,"",,,"",,,,,,,"",,,"","",,,,,,,,"",,,,,,,"",,,"","","",,,,,,,,"",,,,,,,
"","",,"","","","","","","",,"","","","","","","",,"","","","","","","",,"","","","","","","",,"","","","","","","",,"","","","","","","",,"","","","","","","",,"","","","","",845078,1,"2024-10-01_17h18.45.455","experiment","2023.2.3","Win32",71.42857143,"612569afac9baa5313aa08a7","66fbf9d935dbf9e9cfd29582","66fc20c8c0f88e30e1da8b2e","",,,"",,,"",,,"",,,"",,,"",,,"",,,,,"",,,"",,,,"",,,"","","",,,"","",,1,,,,"","","",,,,,,,4,,"",,,"",,,"k",0.6814,,"space",0.2799,,4,"orange_gnome",4,1,"dark_forest","red_basket","brown_gnome",4,8,"bright_forest","yellow_basket",8,0,0,1,"brown_gnome","bright_forest","yellow_basket",3795,1,-1,26,3,211,3,1,"",,,"",,,"",,,"",,,"",,,"",,,,,,,"",,,"","",,,,,,,,"",,,,,,,"",,,"","","",,,,,,,,"",,,,,,,
"","",,"","","","","","","",,"","","","","","","",,"","","","","","","",,"","","","","","","",,"","","","","","","",,"","","","","","","",,"","","","","","","",,"","","","","",845078,1,"2024-10-01_17h18.45.455","experiment","2023.2.3","Win32",71.42857143,"612569afac9baa5313aa08a7","66fbf9d935dbf9e9cfd29582","66fc20c8c0f88e30e1da8b2e","",,,"",,,"",,,"",,,"",,,"",,,"",,,,,"",,,"",,,,"",,,"","","",,,"","",,1,,,,"","","",,,,,,,1,,"",,,"",,,"k",0.7818,,"space",0.5165,,1,"green_gnome",1,0,"dark_forest","red_basket","pink_gnome",1,9,"bright_forest","yellow_basket",9,0,0,1,"pink_gnome","bright_forest","yellow_basket",3804,-1,1,26,4,212,0,1,"",,,"",,,"",,,"",,,"",,,"",,,,,,,"",,,"","",,,,,,,,"",,,,,,,"",,,"","","",,,,,,,,"",,,,,,,
"","",,"","","","","","","",,"","","","","","","",,"","","","","","","",,"","","","","","","",,"","","","","","","",,"","","","","","","",,"","","","","","","",,"","","","","",845078,1,"2024-10-01_17h18.45.455","experiment","2023.2.3","Win32",71.42857143,"612569afac9baa5313aa08a7","66fbf9d935dbf9e9cfd29582","66fc20c8c0f88e30e1da8b2e","",,,"",,,"",,,"",,,"",,,"",,,"",,,,,"",,,"",,,,"",,,"","","",,,"","",,5,,,,"","","",,,,,,,3,,"",,,"",,,"k",0.6819,,"space",0.1831,,3,"purple_gnome",3,1,"dark_forest","red_basket","blue_gnome",3,8,"bright_forest","yellow_basket",40,0,0,1,"blue_gnome","bright_forest","yellow_basket",3844,0,-3,26,5,213,6,1,"",,,"",,,"",,,"",,,"",,,"",,,,,,,"",,,"","",,,,,,,,"",,,,,,,"",,,"","","",,,,,,,,"",,,,,,,
"","",,"","","","","","","",,"","","","","","","",,"","","","","","","",,"","","","","","","",,"","","","","","","",,"","","","","","","",,"","","","","","","",,"","","","","",845078,1,"2024-10-01_17h18.45.455","experiment","2023.2.3","Win32",71.42857143,"612569afac9baa5313aa08a7","66fbf9d935dbf9e9cfd29582","66fc20c8c0f88e30e1da8b2e","",,,"",,,"",,,"",,,"",,,"",,,"",,,,,"",,,"",,,,"",,,"","","",,,"","",,1,,,,"","","",,,,,,,4,,"",,,"",,,"s",0.8306,,"space",0.4389,,4,"brown_gnome",4,8,"bright_forest","yellow_basket","orange_gnome",4,2,"dark_forest","red_basket",8,0,0,1,"brown_gnome","bright_forest","yellow_basket",3852,-1,-1,26,6,214,3,1,"",,,"",,,"",,,"",,,"",,,"",,,,,,,"",,,"","",,,,,,,,"",,,,,,,"",,,"","","",,,,,,,,"",,,,,,,
"","",,"","","","","","","",,"","","","","","","",,"","","","","","","",,"","","","","","","",,"","","","","","","",,"","","","","","","",,"","","","","","","",,"","","","","",845078,1,"2024-10-01_17h18.45.455","experiment","2023.2.3","Win32",71.42857143,"612569afac9baa5313aa08a7","66fbf9d935dbf9e9cfd29582","66fc20c8c0f88e30e1da8b2e","",,,"",,,"",,,"",,,"",,,"",,,"",,,,,"",,,"",,,,"",,,"","","",,,"","",,5,,,,"","","",,,,,,,3,,"",,,"",,,"s",0.6379,,"space",0.5424,,3,"blue_gnome",3,7,"bright_forest","yellow_basket","purple_gnome",3,1,"dark_forest","red_basket",35,0,0,1,"blue_gnome","bright_forest","yellow_basket",3887,3,1,26,7,215,6,1,"",,,"",,,"",,,"",,,"",,,"",,,,,,,"",,,"","",,,,,,,,"",,,,,,,"",,,"","","",,,,,,,,"",,,,,,,
"","",,"","","","","","","",,"","","","","","","",,"","","","","","","",,"","","","","","","",,"","","","","","","",,"","","","","","","",,"","","","","","","",,"","","","","",845078,1,"2024-10-01_17h18.45.455","experiment","2023.2.3","Win32",71.42857143,"612569afac9baa5313aa08a7","66fbf9d935dbf9e9cfd29582","66fc20c8c0f88e30e1da8b2e","",,,"",,,"",,,"",,,"",,,"",,,"",,,,,"",,,"",,,,"",,,"","","",,,"","",,1,,,,"","","",,,,,,,4,,"",,,"",,,"s",0.7342,,"space",0.4021,,4,"brown_gnome",4,8,"bright_forest","yellow_basket","orange_gnome",4,2,"dark_forest","red_basket",8,0,0,1,"brown_gnome","bright_forest","yellow_basket",3895,2,1,27,0,216,3,1,"",,,"",,,"",,,"",,,"",,,"",,,,,,,"",,,"","",,,,,,,,"",,,,,,,"",,,"","","",,,,,,,,"",,,,,,,
"","",,"","","","","","","",,"","","","","","","",,"","","","","","","",,"","","","","","","",,"","","","","","","",,"","","","","","","",,"","","","","","","",,"","","","","",845078,1,"2024-10-01_17h18.45.455","experiment","2023.2.3","Win32",71.42857143,"612569afac9baa5313aa08a7","66fbf9d935dbf9e9cfd29582","66fc20c8c0f88e30e1da8b2e","",,,"",,,"",,,"",,,"",,,"",,,"",,,,,"",,,"",,,,"",,,"","","",,,"","",,5,,,,"","","",,,,,,,1,,"",,,"",,,"k",0.6781,,"space",0.7293,,1,"green_gnome",1,3,"dark_forest","red_basket","pink_gnome",1,8,"bright_forest","yellow_basket",40,0,0,1,"pink_gnome","bright_forest","yellow_basket",3935,-1,0,27,1,217,4,1,"",,,"",,,"",,,"",,,"",,,"",,,,,,,"",,,"","",,,,,,,,"",,,,,,,"",,,"","","",,,,,,,,"",,,,,,,
"","",,"","","","","","","",,"","","","","","","",,"","","","","","","",,"","","","","","","",,"","","","","","","",,"","","","","","","",,"","","","","","","",,"","","","","",845078,1,"2024-10-01_17h18.45.455","experiment","2023.2.3","Win32",71.42857143,"612569afac9baa5313aa08a7","66fbf9d935dbf9e9cfd29582","66fc20c8c0f88e30e1da8b2e","",,,"",,,"",,,"",,,"",,,"",,,"",,,,,"",,,"",,,,"",,,"","","",,,"","",,1,,,,"","","",,,,,,,4,,"",,,"",,,"s",0.6585,,"space",0.2594,,4,"brown_gnome",4,7,"bright_forest","yellow_basket","orange_gnome",4,3,"dark_forest","red_basket",7,0,0,1,"brown_gnome","bright_forest","yellow_basket",3942,2,-2,27,2,218,3,1,"",,,"",,,"",,,"",,,"",,,"",,,,,,,"",,,"","",,,,,,,,"",,,,,,,"",,,"","","",,,,,,,,"",,,,,,,
"","",,"","","","","","","",,"","","","","","","",,"","","","","","","",,"","","","","","","",,"","","","","","","",,"","","","","","","",,"","","","","","","",,"","","","","",845078,1,"2024-10-01_17h18.45.455","experiment","2023.2.3","Win32",71.42857143,"612569afac9baa5313aa08a7","66fbf9d935dbf9e9cfd29582","66fc20c8c0f88e30e1da8b2e","",,,"",,,"",,,"",,,"",,,"",,,"",,,,,"",,,"",,,,"",,,"","","",,,"","",,5,,,,"","","",,,,,,,2,,"",,,"",,,"s",1.3376,,"space",0.1757,,2,"yellow_gnome",2,9,"bright_forest","yellow_basket","red_gnome",2,1,"dark_forest","red_basket",45,0,0,1,"yellow_gnome","bright_forest","yellow_basket",3987,-2,0,27,3,219,5,1,"",,,"",,,"",,,"",,,"",,,"",,,,,,,"",,,"","",,,,,,,,"",,,,,,,"",,,"","","",,,,,,,,"",,,,,,,
"","",,"","","","","","","",,"","","","","","","",,"","","","","","","",,"","","","","","","",,"","","","","","","",,"","","","","","","",,"","","","","","","",,"","","","","",845078,1,"2024-10-01_17h18.45.455","experiment","2023.2.3","Win32",71.42857143,"612569afac9baa5313aa08a7","66fbf9d935dbf9e9cfd29582","66fc20c8c0f88e30e1da8b2e","",,,"",,,"",,,"",,,"",,,"",,,"",,,,,"",,,"",,,,"",,,"","","",,,"","",,1,,,,"","","",,,,,,,3,,"",,,"",,,"s",0.6678,,"space",0.7725,,3,"blue_gnome",3,7,"bright_forest","yellow_basket","purple_gnome",3,1,"dark_forest","red_basket",7,0,0,1,"blue_gnome","bright_forest","yellow_basket",3994,2,-2,27,4,220,2,1,"",,,"",,,"",,,"",,,"",,,"",,,,,,,"",,,"","",,,,,,,,"",,,,,,,"",,,"","","",,,,,,,,"",,,,,,,
"","",,"","","","","","","",,"","","","","","","",,"","","","","","","",,"","","","","","","",,"","","","","","","",,"","","","","","","",,"","","","","","","",,"","","","","",845078,1,"2024-10-01_17h18.45.455","experiment","2023.2.3","Win32",71.42857143,"612569afac9baa5313aa08a7","66fbf9d935dbf9e9cfd29582","66fc20c8c0f88e30e1da8b2e","",,,"",,,"",,,"",,,"",,,"",,,"",,,,,"",,,"",,,,"",,,"","","",,,"","",,1,,,,"","","",,,,,,,3,,"",,,"",,,"s",0.706,,"space",0.4713,,3,"blue_gnome",3,9,"bright_forest","yellow_basket","purple_gnome",3,1,"dark_forest","red_basket",9,0,0,1,"blue_gnome","bright_forest","yellow_basket",4003,-1,-3,27,5,221,2,1,"",,,"",,,"",,,"",,,"",,,"",,,,,,,"",,,"","",,,,,,,,"",,,,,,,"",,,"","","",,,,,,,,"",,,,,,,
"","",,"","","","","","","",,"","","","","","","",,"","","","","","","",,"","","","","","","",,"","","","","","","",,"","","","","","","",,"","","","","","","",,"","","","","",845078,1,"2024-10-01_17h18.45.455","experiment","2023.2.3","Win32",71.42857143,"612569afac9baa5313aa08a7","66fbf9d935dbf9e9cfd29582","66fc20c8c0f88e30e1da8b2e","",,,"",,,"",,,"",,,"",,,"",,,"",,,,,"",,,"",,,,"",,,"","","",,,"","",,1,,,,"","","",,,,,,,2,,"",,,"",,,"s",0.6969,,"space",0.3027,0.002,2,"yellow_gnome",2,8,"bright_forest","yellow_basket","red_gnome",2,2,"dark_forest","red_basket",8,0,0,1,"yellow_gnome","bright_forest","yellow_basket",4011,0,-1,27,6,222,1,1,"",,,"",,,"",,,"",,,"",,,"",,,,,,,"",,,"","",,,,,,,,"",,,,,,,"",,,"","","",,,,,,,,"",,,,,,,
"","",,"","","","","","","",,"","","","","","","",,"","","","","","","",,"","","","","","","",,"","","","","","","",,"","","","","","","",,"","","","","","","",,"","","","","",845078,1,"2024-10-01_17h18.45.455","experiment","2023.2.3","Win32",71.42857143,"612569afac9baa5313aa08a7","66fbf9d935dbf9e9cfd29582","66fc20c8c0f88e30e1da8b2e","",,,"",,,"",,,"",,,"",,,"",,,"",,,,,"",,,"",,,,"",,,"","","",,,"","",,5,,,,"","","",,,,,,,1,,"",,,"",,,"k",0.8825,,"space",0.9954,0.0017,1,"green_gnome",1,1,"dark_forest","red_basket","pink_gnome",1,8,"bright_forest","yellow_basket",40,0,0,1,"pink_gnome","bright_forest","yellow_basket",4051,-4,-4,27,7,223,4,1,"",,,"",,,"",,,"",,,"",,,"",,,,,,,"",,,"","",,,,,,,,"",,,,,,,"",,,"","","",,,,,,,,"",,,,,,,
"","",,"","","","","","","",,"","","","","","","",,"","","","","","","",,"","","","","","","",,"","","","","","","",,"","","","","","","",,"","","","","","","",,"","","","","",845078,1,"2024-10-01_17h18.45.455","experiment","2023.2.3","Win32",71.42857143,"612569afac9baa5313aa08a7","66fbf9d935dbf9e9cfd29582","66fc20c8c0f88e30e1da8b2e","",,,"",,,"",,,"",,,"",,,"",,,"",,,,,"",,,"",,,,"",,,"","","",,,"","",,1,,,,"","","",,,,,,,4,,"",,,"",,,"s",0.7428,,"space",0.9925,,4,"brown_gnome",4,4,"bright_forest","yellow_basket","orange_gnome",4,3,"dark_forest","red_basket",4,0,0,1,"brown_gnome","bright_forest","yellow_basket",4055,2,2,28,0,224,3,1,"",,,"",,,"",,,"",,,"",,,"",,,,,,,"",,,"","",,,,,,,,"",,,,,,,"",,,"","","",,,,,,,,"",,,,,,,
"","",,"","","","","","","",,"","","","","","","",,"","","","","","","",,"","","","","","","",,"","","","","","","",,"","","","","","","",,"","","","","","","",,"","","","","",845078,1,"2024-10-01_17h18.45.455","experiment","2023.2.3","Win32",71.42857143,"612569afac9baa5313aa08a7","66fbf9d935dbf9e9cfd29582","66fc20c8c0f88e30e1da8b2e","",,,"",,,"",,,"",,,"",,,"",,,"",,,,,"",,,"",,,,"",,,"","","",,,"","",,1,,,,"","","",,,,,,,3,,"",,,"",,,"k",0.8559,,"space",0.92,,3,"purple_gnome",3,5,"dark_forest","red_basket","blue_gnome",3,6,"bright_forest","yellow_basket",6,0,0,1,"blue_gnome","bright_forest","yellow_basket",4061,-1,0,28,1,225,2,1,"",,,"",,,"",,,"",,,"",,,"",,,,,,,"",,,"","",,,,,,,,"",,,,,,,"",,,"","","",,,,,,,,"",,,,,,,
"","",,"","","","","","","",,"","","","","","","",,"","","","","","","",,"","","","","","","",,"","","","","","","",,"","","","","","","",,"","","","","","","",,"","","","","",845078,1,"2024-10-01_17h18.45.455","experiment","2023.2.3","Win32",71.42857143,"612569afac9baa5313aa08a7","66fbf9d935dbf9e9cfd29582","66fc20c8c0f88e30e1da8b2e","",,,"",,,"",,,"",,,"",,,"",,,"",,,,,"",,,"",,,,"",,,"","","",,,"","",,5,,,,"","","",,,,,,,1,,"",,,"",,,"k",0.618,,"space",0.9075,,1,"green_gnome",1,5,"dark_forest","red_basket","pink_gnome",1,5,"bright_forest","yellow_basket",25,0,0,1,"pink_gnome","bright_forest","yellow_basket",4086,-1,4,28,2,226,4,1,"",,,"",,,"",,,"",,,"",,,"",,,,,,,"",,,"","",,,,,,,,"",,,,,,,"",,,"","","",,,,,,,,"",,,,,,,
"","",,"","","","","","","",,"","","","","","","",,"","","","","","","",,"","","","","","","",,"","","","","","","",,"","","","","","","",,"","","","","","","",,"","","","","",845078,1,"2024-10-01_17h18.45.455","experiment","2023.2.3","Win32",71.42857143,"612569afac9baa5313aa08a7","66fbf9d935dbf9e9cfd29582","66fc20c8c0f88e30e1da8b2e","",,,"",,,"",,,"",,,"",,,"",,,"",,,,,"",,,"",,,,"",,,"","","",,,"","",,1,,,,"","","",,,,,,,4,,"",,,"",,,"k",0.816,,"space",0.1984,,4,"brown_gnome",4,4,"bright_forest","yellow_basket","orange_gnome",4,9,"dark_forest","red_basket",9,0,0,1,"orange_gnome","dark_forest","red_basket",4095,2,1,28,3,227,3,1,"",,,"",,,"",,,"",,,"",,,"",,,,,,,"",,,"","",,,,,,,,"",,,,,,,"",,,"","","",,,,,,,,"",,,,,,,
"","",,"","","","","","","",,"","","","","","","",,"","","","","","","",,"","","","","","","",,"","","","","","","",,"","","","","","","",,"","","","","","","",,"","","","","",845078,1,"2024-10-01_17h18.45.455","experiment","2023.2.3","Win32",71.42857143,"612569afac9baa5313aa08a7","66fbf9d935dbf9e9cfd29582","66fc20c8c0f88e30e1da8b2e","",,,"",,,"",,,"",,,"",,,"",,,"",,,,,"",,,"",,,,"",,,"","","",,,"","",,1,,,,"","","",,,,,,,2,,"",,,"",,,"k",1.0567,,"space",0.4284,,2,"yellow_gnome",2,6,"bright_forest","yellow_basket","red_gnome",2,8,"dark_forest","red_basket",8,0,0,1,"red_gnome","dark_forest","red_basket",4103,-2,0,28,4,228,1,1,"",,,"",,,"",,,"",,,"",,,"",,,,,,,"",,,"","",,,,,,,,"",,,,,,,"",,,"","","",,,,,,,,"",,,,,,,
"","",,"","","","","","","",,"","","","","","","",,"","","","","","","",,"","","","","","","",,"","","","","","","",,"","","","","","","",,"","","","","","","",,"","","","","",845078,1,"2024-10-01_17h18.45.455","experiment","2023.2.3","Win32",71.42857143,"612569afac9baa5313aa08a7","66fbf9d935dbf9e9cfd29582","66fc20c8c0f88e30e1da8b2e","",,,"",,,"",,,"",,,"",,,"",,,"",,,,,"",,,"",,,,"",,,"","","",,,"","",,1,,,,"","","",,,,,,,1,,"",,,"",,,"s",0.8754,,"space",0.6768,,1,"green_gnome",1,8,"dark_forest","red_basket","pink_gnome",1,4,"bright_forest","yellow_basket",8,0,0,1,"green_gnome","dark_forest","red_basket",4111,2,0,28,5,229,0,1,"",,,"",,,"",,,"",,,"",,,"",,,,,,,"",,,"","",,,,,,,,"",,,,,,,"",,,"","","",,,,,,,,"",,,,,,,
"","",,"","","","","","","",,"","","","","","","",,"","","","","","","",,"","","","","","","",,"","","","","","","",,"","","","","","","",,"","","","","","","",,"","","","","",845078,1,"2024-10-01_17h18.45.455","experiment","2023.2.3","Win32",71.42857143,"612569afac9baa5313aa08a7","66fbf9d935dbf9e9cfd29582","66fc20c8c0f88e30e1da8b2e","",,,"",,,"",,,"",,,"",,,"",,,"",,,,,"",,,"",,,,"",,,"","","",,,"","",,1,,,,"","","",,,,,,,2,,"",,,"",,,"s",1.0664,,"space",0.4954,,2,"red_gnome",2,8,"dark_forest","red_basket","yellow_gnome",2,6,"bright_forest","yellow_basket",8,0,0,1,"red_gnome","dark_forest","red_basket",4119,0,-2,28,6,230,1,1,"",,,"",,,"",,,"",,,"",,,"",,,,,,,"",,,"","",,,,,,,,"",,,,,,,"",,,"","","",,,,,,,,"",,,,,,,
"","",,"","","","","","","",,"","","","","","","",,"","","","","","","",,"","","","","","","",,"","","","","","","",,"","","","","","","",,"","","","","","","",,"","","","","",845078,1,"2024-10-01_17h18.45.455","experiment","2023.2.3","Win32",71.42857143,"612569afac9baa5313aa08a7","66fbf9d935dbf9e9cfd29582","66fc20c8c0f88e30e1da8b2e","",,,"",,,"",,,"",,,"",,,"",,,"",,,,,"",,,"",,,,"",,,"","","",,,"","",,1,,,,"","","",,,,,,,1,,"",,,"",,,"s",0.7413,,"space",0.6213,,1,"green_gnome",1,6,"dark_forest","red_basket","pink_gnome",1,6,"bright_forest","yellow_basket",6,0,0,1,"green_gnome","dark_forest","red_basket",4125,3,-1,28,7,231,0,1,"",,,"",,,"",,,"",,,"",,,"",,,,,,,"",,,"","",,,,,,,,"",,,,,,,"",,,"","","",,,,,,,,"",,,,,,,
"","",,"","","","","","","",,"","","","","","","",,"","","","","","","",,"","","","","","","",,"","","","","","","",,"","","","","","","",,"","","","","","","",,"","","","","",845078,1,"2024-10-01_17h18.45.455","experiment","2023.2.3","Win32",71.42857143,"612569afac9baa5313aa08a7","66fbf9d935dbf9e9cfd29582","66fc20c8c0f88e30e1da8b2e","",,,"",,,"",,,"",,,"",,,"",,,"",,,,,"",,,"",,,,"",,,"","","",,,"","",,1,,,,"","","",,,,,,,1,,"",,,"",,,"s",1.1463,0.0018,"space",0.6448,,1,"green_gnome",1,5,"dark_forest","red_basket","pink_gnome",1,9,"bright_forest","yellow_basket",5,0,0,1,"green_gnome","dark_forest","red_basket",4130,2,1,29,0,232,0,1,"",,,"",,,"",,,"",,,"",,,"",,,,,,,"",,,"","",,,,,,,,"",,,,,,,"",,,"","","",,,,,,,,"",,,,,,,
"","",,"","","","","","","",,"","","","","","","",,"","","","","","","",,"","","","","","","",,"","","","","","","",,"","","","","","","",,"","","","","","","",,"","","","","",845078,1,"2024-10-01_17h18.45.455","experiment","2023.2.3","Win32",71.42857143,"612569afac9baa5313aa08a7","66fbf9d935dbf9e9cfd29582","66fc20c8c0f88e30e1da8b2e","",,,"",,,"",,,"",,,"",,,"",,,"",,,,,"",,,"",,,,"",,,"","","",,,"","",,5,,,,"","","",,,,,,,1,,"",,,"",,,"s",0.9726,,"space",0.3888,,1,"pink_gnome",1,7,"bright_forest","yellow_basket","green_gnome",1,6,"dark_forest","red_basket",35,0,0,1,"pink_gnome","bright_forest","yellow_basket",4165,2,-2,29,1,233,4,1,"",,,"",,,"",,,"",,,"",,,"",,,,,,,"",,,"","",,,,,,,,"",,,,,,,"",,,"","","",,,,,,,,"",,,,,,,
"","",,"","","","","","","",,"","","","","","","",,"","","","","","","",,"","","","","","","",,"","","","","","","",,"","","","","","","",,"","","","","","","",,"","","","","",845078,1,"2024-10-01_17h18.45.455","experiment","2023.2.3","Win32",71.42857143,"612569afac9baa5313aa08a7","66fbf9d935dbf9e9cfd29582","66fc20c8c0f88e30e1da8b2e","",,,"",,,"",,,"",,,"",,,"",,,"",,,,,"",,,"",,,,"",,,"","","",,,"","",,5,,,,"","","",,,,,,,2,,"",,,"",,,"s",1.2742,,"space",0.24,,2,"yellow_gnome",2,9,"bright_forest","yellow_basket","red_gnome",2,4,"dark_forest","red_basket",45,0,0,1,"yellow_gnome","bright_forest","yellow_basket",4210,-2,3,29,2,234,5,1,"",,,"",,,"",,,"",,,"",,,"",,,,,,,"",,,"","",,,,,,,,"",,,,,,,"",,,"","","",,,,,,,,"",,,,,,,
"","",,"","","","","","","",,"","","","","","","",,"","","","","","","",,"","","","","","","",,"","","","","","","",,"","","","","","","",,"","","","","","","",,"","","","","",845078,1,"2024-10-01_17h18.45.455","experiment","2023.2.3","Win32",71.42857143,"612569afac9baa5313aa08a7","66fbf9d935dbf9e9cfd29582","66fc20c8c0f88e30e1da8b2e","",,,"",,,"",,,"",,,"",,,"",,,"",,,,,"",,,"",,,,"",,,"","","",,,"","",,5,,,,"","","",,,,,,,3,,"",,,"",,,"s",1.296,,"space",0.8752,,3,"blue_gnome",3,7,"bright_forest","yellow_basket","purple_gnome",3,7,"dark_forest","red_basket",35,0,0,1,"blue_gnome","bright_forest","yellow_basket",4245,-4,-1,29,3,235,6,1,"",,,"",,,"",,,"",,,"",,,"",,,,,,,"",,,"","",,,,,,,,"",,,,,,,"",,,"","","",,,,,,,,"",,,,,,,
"","",,"","","","","","","",,"","","","","","","",,"","","","","","","",,"","","","","","","",,"","","","","","","",,"","","","","","","",,"","","","","","","",,"","","","","",845078,1,"2024-10-01_17h18.45.455","experiment","2023.2.3","Win32",71.42857143,"612569afac9baa5313aa08a7","66fbf9d935dbf9e9cfd29582","66fc20c8c0f88e30e1da8b2e","",,,"",,,"",,,"",,,"",,,"",,,"",,,,,"",,,"",,,,"",,,"","","",,,"","",,5,,,,"","","",,,,,,,1,,"",,,"",,,"s",0.8373,,"space",0.6459,,1,"pink_gnome",1,3,"bright_forest","yellow_basket","green_gnome",1,6,"dark_forest","red_basket",15,0,0,1,"pink_gnome","bright_forest","yellow_basket",4260,1,-2,29,4,236,4,1,"",,,"",,,"",,,"",,,"",,,"",,,,,,,"",,,"","",,,,,,,,"",,,,,,,"",,,"","","",,,,,,,,"",,,,,,,
"","",,"","","","","","","",,"","","","","","","",,"","","","","","","",,"","","","","","","",,"","","","","","","",,"","","","","","","",,"","","","","","","",,"","","","","",845078,1,"2024-10-01_17h18.45.455","experiment","2023.2.3","Win32",71.42857143,"612569afac9baa5313aa08a7","66fbf9d935dbf9e9cfd29582","66fc20c8c0f88e30e1da8b2e","",,,"",,,"",,,"",,,"",,,"",,,"",,,,,"",,,"",,,,"",,,"","","",,,"","",,1,,,,"","","",,,,,,,1,,"",,,"",,,"k",1.1441,,"space",0.4061,,1,"pink_gnome",1,4,"bright_forest","yellow_basket","green_gnome",1,4,"dark_forest","red_basket",4,0,0,1,"green_gnome","dark_forest","red_basket",4264,1,-2,29,5,237,0,1,"",,,"",,,"",,,"",,,"",,,"",,,,,,,"",,,"","",,,,,,,,"",,,,,,,"",,,"","","",,,,,,,,"",,,,,,,
"","",,"","","","","","","",,"","","","","","","",,"","","","","","","",,"","","","","","","",,"","","","","","","",,"","","","","","","",,"","","","","","","",,"","","","","",845078,1,"2024-10-01_17h18.45.455","experiment","2023.2.3","Win32",71.42857143,"612569afac9baa5313aa08a7","66fbf9d935dbf9e9cfd29582","66fc20c8c0f88e30e1da8b2e","",,,"",,,"",,,"",,,"",,,"",,,"",,,,,"",,,"",,,,"",,,"","","",,,"","",,1,,,,"","","",,,,,,,1,,"",,,"",,,"s",0.9658,,"space",0.4637,,1,"green_gnome",1,2,"dark_forest","red_basket","pink_gnome",1,5,"bright_forest","yellow_basket",2,0,0,1,"green_gnome","dark_forest","red_basket",4266,2,0,29,6,238,0,1,"",,,"",,,"",,,"",,,"",,,"",,,,,,,"",,,"","",,,,,,,,"",,,,,,,"",,,"","","",,,,,,,,"",,,,,,,
"","",,"","","","","","","",,"","","","","","","",,"","","","","","","",,"","","","","","","",,"","","","","","","",,"","","","","","","",,"","","","","","","",,"","","","","",845078,1,"2024-10-01_17h18.45.455","experiment","2023.2.3","Win32",71.42857143,"612569afac9baa5313aa08a7","66fbf9d935dbf9e9cfd29582","66fc20c8c0f88e30e1da8b2e","",,,"",,,"",,,"",,,"",,,"",,,"",,,,,"",,,"",,,,"",,,"","","",,,"","",,5,,,,"","","",,,,,,,2,,"",,,"",,,"s",0.9352,,"space",0.2805,,2,"yellow_gnome",2,7,"bright_forest","yellow_basket","red_gnome",2,2,"dark_forest","red_basket",35,0,0,1,"yellow_gnome","bright_forest","yellow_basket",4301,0,1,29,7,239,5,1,"",,,"",,,"",,,"",,,"",,,"",,,,,,,"",,,"","",,,,,,,,"",,,,,,,"",,,"","","",,,,,,,,"",,,,,,,
"","",,"","","","","","","",,"","","","","","","",,"","","","","","","",,"","","","","","","",,"","","","","","","",,"","","","","","","",,"","","","","","","",,"","","","","",845078,1,"2024-10-01_17h18.45.455","experiment","2023.2.3","Win32",71.42857143,"612569afac9baa5313aa08a7","66fbf9d935dbf9e9cfd29582","66fc20c8c0f88e30e1da8b2e","",,,"",,,"",,,"",,,"",,,"",,,"",,,,,"",,,"",,,,"",,,"","","",,,"","",,5,,,,"","","",,,,,,,1,,"",,,"",,,"s",0.7621,,"space",0.5828,,1,"pink_gnome",1,7,"bright_forest","yellow_basket","green_gnome",1,3,"dark_forest","red_basket",35,0,0,1,"pink_gnome","bright_forest","yellow_basket",4336,0,1,30,0,240,4,1,"",,,"",,,"",,,"",,,"",,,"",,,,,,,"",,,"","",,,,,,,,"",,,,,,,"",,,"","","",,,,,,,,"",,,,,,,
"","",,"","","","","","","",,"","","","","","","",,"","","","","","","",,"","","","","","","",,"","","","","","","",,"","","","","","","",,"","","","","","","",,"","","","","",845078,1,"2024-10-01_17h18.45.455","experiment","2023.2.3","Win32",71.42857143,"612569afac9baa5313aa08a7","66fbf9d935dbf9e9cfd29582","66fc20c8c0f88e30e1da8b2e","",,,"",,,"",,,"",,,"",,,"",,,"",,,,,"",,,"",,,,"",,,"","","",,,"","",,1,,,,"","","",,,,,,,1,,"",,,"",,,"s",0.7546,,"space",0.8065,,1,"pink_gnome",1,7,"bright_forest","yellow_basket","green_gnome",1,4,"dark_forest","red_basket",7,0,0,1,"pink_gnome","bright_forest","yellow_basket",4343,2,2,30,1,241,0,1,"",,,"",,,"",,,"",,,"",,,"",,,,,,,"",,,"","",,,,,,,,"",,,,,,,"",,,"","","",,,,,,,,"",,,,,,,
"","",,"","","","","","","",,"","","","","","","",,"","","","","","","",,"","","","","","","",,"","","","","","","",,"","","","","","","",,"","","","","","","",,"","","","","",845078,1,"2024-10-01_17h18.45.455","experiment","2023.2.3","Win32",71.42857143,"612569afac9baa5313aa08a7","66fbf9d935dbf9e9cfd29582","66fc20c8c0f88e30e1da8b2e","",,,"",,,"",,,"",,,"",,,"",,,"",,,,,"",,,"",,,,"",,,"","","",,,"","",,1,,,,"","","",,,,,,,4,,"",,,"",,,"k",0.7852,,"space",0.9299,,4,"orange_gnome",4,6,"dark_forest","red_basket","brown_gnome",4,9,"bright_forest","yellow_basket",9,0,0,1,"brown_gnome","bright_forest","yellow_basket",4352,0,-1,30,2,242,3,1,"",,,"",,,"",,,"",,,"",,,"",,,,,,,"",,,"","",,,,,,,,"",,,,,,,"",,,"","","",,,,,,,,"",,,,,,,
"","",,"","","","","","","",,"","","","","","","",,"","","","","","","",,"","","","","","","",,"","","","","","","",,"","","","","","","",,"","","","","","","",,"","","","","",845078,1,"2024-10-01_17h18.45.455","experiment","2023.2.3","Win32",71.42857143,"612569afac9baa5313aa08a7","66fbf9d935dbf9e9cfd29582","66fc20c8c0f88e30e1da8b2e","",,,"",,,"",,,"",,,"",,,"",,,"",,,,,"",,,"",,,,"",,,"","","",,,"","",,5,,,,"","","",,,,,,,1,,"",,,"",,,"k",0.7339,,"space",0.327,,1,"green_gnome",1,5,"dark_forest","red_basket","pink_gnome",1,9,"bright_forest","yellow_basket",45,0,0,1,"pink_gnome","bright_forest","yellow_basket",4397,4,-3,30,3,243,4,1,"",,,"",,,"",,,"",,,"",,,"",,,,,,,"",,,"","",,,,,,,,"",,,,,,,"",,,"","","",,,,,,,,"",,,,,,,
"","",,"","","","","","","",,"","","","","","","",,"","","","","","","",,"","","","","","","",,"","","","","","","",,"","","","","","","",,"","","","","","","",,"","","","","",845078,1,"2024-10-01_17h18.45.455","experiment","2023.2.3","Win32",71.42857143,"612569afac9baa5313aa08a7","66fbf9d935dbf9e9cfd29582","66fc20c8c0f88e30e1da8b2e","",,,"",,,"",,,"",,,"",,,"",,,"",,,,,"",,,"",,,,"",,,"","","",,,"","",,5,,,,"","","",,,,,,,2,,"",,,"",,,"s",1.1136,,"space",0.6638,,2,"yellow_gnome",2,5,"bright_forest","yellow_basket","red_gnome",2,2,"dark_forest","red_basket",25,0,0,1,"yellow_gnome","bright_forest","yellow_basket",4422,0,-1,30,4,244,5,1,"",,,"",,,"",,,"",,,"",,,"",,,,,,,"",,,"","",,,,,,,,"",,,,,,,"",,,"","","",,,,,,,,"",,,,,,,
"","",,"","","","","","","",,"","","","","","","",,"","","","","","","",,"","","","","","","",,"","","","","","","",,"","","","","","","",,"","","","","","","",,"","","","","",845078,1,"2024-10-01_17h18.45.455","experiment","2023.2.3","Win32",71.42857143,"612569afac9baa5313aa08a7","66fbf9d935dbf9e9cfd29582","66fc20c8c0f88e30e1da8b2e","",,,"",,,"",,,"",,,"",,,"",,,"",,,,,"",,,"",,,,"",,,"","","",,,"","",,1,,,,"","","",,,,,,,3,,"",,,"",,,"s",1.1877,,"space",0.7374,,3,"purple_gnome",3,1,"dark_forest","red_basket","blue_gnome",3,5,"bright_forest","yellow_basket",1,0,0,1,"purple_gnome","dark_forest","red_basket",4423,1,-1,30,5,245,2,1,"",,,"",,,"",,,"",,,"",,,"",,,,,,,"",,,"","",,,,,,,,"",,,,,,,"",,,"","","",,,,,,,,"",,,,,,,
"","",,"","","","","","","",,"","","","","","","",,"","","","","","","",,"","","","","","","",,"","","","","","","",,"","","","","","","",,"","","","","","","",,"","","","","",845078,1,"2024-10-01_17h18.45.455","experiment","2023.2.3","Win32",71.42857143,"612569afac9baa5313aa08a7","66fbf9d935dbf9e9cfd29582","66fc20c8c0f88e30e1da8b2e","",,,"",,,"",,,"",,,"",,,"",,,"",,,,,"",,,"",,,,"",,,"","","",,,"","",,1,,,,"","","",,,,,,,4,,"",,,"",,,"s",0.8935,,"space",0.6152,,4,"brown_gnome",4,6,"bright_forest","yellow_basket","orange_gnome",4,0,"dark_forest","red_basket",6,0,0,1,"brown_gnome","bright_forest","yellow_basket",4429,1,-3,30,6,246,3,1,"",,,"",,,"",,,"",,,"",,,"",,,,,,,"",,,"","",,,,,,,,"",,,,,,,"",,,"","","",,,,,,,,"",,,,,,,
"","",,"","","","","","","",,"","","","","","","",,"","","","","","","",,"","","","","","","",,"","","","","","","",,"","","","","","","",,"","","","","","","",,"","","","","",845078,1,"2024-10-01_17h18.45.455","experiment","2023.2.3","Win32",71.42857143,"612569afac9baa5313aa08a7","66fbf9d935dbf9e9cfd29582","66fc20c8c0f88e30e1da8b2e","",,,"",,,"",,,"",,,"",,,"",,,"",,,,,"",,,"",,,,"",,,"","","",,,"","",,5,,,,"","","",,,,,,,2,,"",,,"",,,"s",1.0001,,"space",0.8443,,2,"yellow_gnome",2,7,"bright_forest","yellow_basket","red_gnome",2,3,"dark_forest","red_basket",35,0,0,1,"yellow_gnome","bright_forest","yellow_basket",4464,2,2,30,7,247,5,1,"",,,"",,,"",,,"",,,"",,,"",,,,,,,"",,,"","",,,,,,,,"",,,,,,,"",,,"","","",,,,,,,,"",,,,,,,
"","",,"","","","","","","",,"","","","","","","",,"","","","","","","",,"","","","","","","",,"","","","","","","",,"","","","","","","",,"","","","","","","",,"","","","","",845078,1,"2024-10-01_17h18.45.455","experiment","2023.2.3","Win32",71.42857143,"612569afac9baa5313aa08a7","66fbf9d935dbf9e9cfd29582","66fc20c8c0f88e30e1da8b2e","",,,"",,,"",,,"",,,"",,,"",,,"",,,,,"",,,"",,,,"",,,"","","",,,"","",,5,,,,"","","",,,,,,,1,,"",,,"",,,"s",0.8173,,"space",0.3973,,1,"pink_gnome",1,9,"bright_forest","yellow_basket","green_gnome",1,5,"dark_forest","red_basket",45,0,0,1,"pink_gnome","bright_forest","yellow_basket",4509,0,-4,31,0,248,4,1,"",,,"",,,"",,,"",,,"",,,"",,,,,,,"",,,"","",,,,,,,,"",,,,,,,"",,,"","","",,,,,,,,"",,,,,,,
"","",,"","","","","","","",,"","","","","","","",,"","","","","","","",,"","","","","","","",,"","","","","","","",,"","","","","","","",,"","","","","","","",,"","","","","",845078,1,"2024-10-01_17h18.45.455","experiment","2023.2.3","Win32",71.42857143,"612569afac9baa5313aa08a7","66fbf9d935dbf9e9cfd29582","66fc20c8c0f88e30e1da8b2e","",,,"",,,"",,,"",,,"",,,"",,,"",,,,,"",,,"",,,,"",,,"","","",,,"","",,1,,,,"","","",,,,,,,2,,"",,,"",,,"s",1.0074,,"space",1.0832,,2,"yellow_gnome",2,9,"bright_forest","yellow_basket","red_gnome",2,1,"dark_forest","red_basket",9,0,0,1,"yellow_gnome","bright_forest","yellow_basket",4518,1,2,31,1,249,1,1,"",,,"",,,"",,,"",,,"",,,"",,,,,,,"",,,"","",,,,,,,,"",,,,,,,"",,,"","","",,,,,,,,"",,,,,,,
"","",,"","","","","","","",,"","","","","","","",,"","","","","","","",,"","","","","","","",,"","","","","","","",,"","","","","","","",,"","","","","","","",,"","","","","",845078,1,"2024-10-01_17h18.45.455","experiment","2023.2.3","Win32",71.42857143,"612569afac9baa5313aa08a7","66fbf9d935dbf9e9cfd29582","66fc20c8c0f88e30e1da8b2e","",,,"",,,"",,,"",,,"",,,"",,,"",,,,,"",,,"",,,,"",,,"","","",,,"","",,1,,,,"","","",,,,,,,4,,"",,,"",,,"k",1.2183,0.0025,"space",0.5834,,4,"orange_gnome",4,3,"dark_forest","red_basket","brown_gnome",4,8,"bright_forest","yellow_basket",8,0,0,1,"brown_gnome","bright_forest","yellow_basket",4526,-1,-1,31,2,250,3,1,"",,,"",,,"",,,"",,,"",,,"",,,,,,,"",,,"","",,,,,,,,"",,,,,,,"",,,"","","",,,,,,,,"",,,,,,,
"","",,"","","","","","","",,"","","","","","","",,"","","","","","","",,"","","","","","","",,"","","","","","","",,"","","","","","","",,"","","","","","","",,"","","","","",845078,1,"2024-10-01_17h18.45.455","experiment","2023.2.3","Win32",71.42857143,"612569afac9baa5313aa08a7","66fbf9d935dbf9e9cfd29582","66fc20c8c0f88e30e1da8b2e","",,,"",,,"",,,"",,,"",,,"",,,"",,,,,"",,,"",,,,"",,,"","","",,,"","",,1,,,,"","","",,,,,,,3,,"",,,"",,,"k",0.8522,,"space",0.5709,,3,"purple_gnome",3,2,"dark_forest","red_basket","blue_gnome",3,7,"bright_forest","yellow_basket",7,0,0,1,"blue_gnome","bright_forest","yellow_basket",4533,0,-1,31,3,251,2,1,"",,,"",,,"",,,"",,,"",,,"",,,,,,,"",,,"","",,,,,,,,"",,,,,,,"",,,"","","",,,,,,,,"",,,,,,,
"","",,"","","","","","","",,"","","","","","","",,"","","","","","","",,"","","","","","","",,"","","","","","","",,"","","","","","","",,"","","","","","","",,"","","","","",845078,1,"2024-10-01_17h18.45.455","experiment","2023.2.3","Win32",71.42857143,"612569afac9baa5313aa08a7","66fbf9d935dbf9e9cfd29582","66fc20c8c0f88e30e1da8b2e","",,,"",,,"",,,"",,,"",,,"",,,"",,,,,"",,,"",,,,"",,,"","","",,,"","",,1,,,,"","","",,,,,,,4,,"",,,"",,,"k",0.7698,,"space",0.4044,,4,"orange_gnome",4,1,"dark_forest","red_basket","brown_gnome",4,7,"bright_forest","yellow_basket",7,0,0,1,"brown_gnome","bright_forest","yellow_basket",4540,-2,-3,31,4,252,3,1,"",,,"",,,"",,,"",,,"",,,"",,,,,,,"",,,"","",,,,,,,,"",,,,,,,"",,,"","","",,,,,,,,"",,,,,,,
"","",,"","","","","","","",,"","","","","","","",,"","","","","","","",,"","","","","","","",,"","","","","","","",,"","","","","","","",,"","","","","","","",,"","","","","",845078,1,"2024-10-01_17h18.45.455","experiment","2023.2.3","Win32",71.42857143,"612569afac9baa5313aa08a7","66fbf9d935dbf9e9cfd29582","66fc20c8c0f88e30e1da8b2e","",,,"",,,"",,,"",,,"",,,"",,,"",,,,,"",,,"",,,,"",,,"","","",,,"","",,5,,,,"","","",,,,,,,3,,"",,,"",,,"s",0.7858,,"space",0.5066,,3,"blue_gnome",3,5,"bright_forest","yellow_basket","purple_gnome",3,2,"dark_forest","red_basket",25,0,0,1,"blue_gnome","bright_forest","yellow_basket",4565,-2,-1,31,5,253,6,1,"",,,"",,,"",,,"",,,"",,,"",,,,,,,"",,,"","",,,,,,,,"",,,,,,,"",,,"","","",,,,,,,,"",,,,,,,
"","",,"","","","","","","",,"","","","","","","",,"","","","","","","",,"","","","","","","",,"","","","","","","",,"","","","","","","",,"","","","","","","",,"","","","","",845078,1,"2024-10-01_17h18.45.455","experiment","2023.2.3","Win32",71.42857143,"612569afac9baa5313aa08a7","66fbf9d935dbf9e9cfd29582","66fc20c8c0f88e30e1da8b2e","",,,"",,,"",,,"",,,"",,,"",,,"",,,,,"",,,"",,,,"",,,"","","",,,"","",,1,,,,"","","",,,,,,,3,,"",,,"",,,"k",0.7072,,"space",0.0815,,3,"blue_gnome",3,3,"bright_forest","yellow_basket","purple_gnome",3,1,"dark_forest","red_basket",1,0,0,1,"purple_gnome","dark_forest","red_basket",4566,-1,-2,31,6,254,2,1,"",,,"",,,"",,,"",,,"",,,"",,,,,,,"",,,"","",,,,,,,,"",,,,,,,"",,,"","","",,,,,,,,"",,,,,,,
"","",,"","","","","","","",,"","","","","","","",,"","","","","","","",,"","","","","","","",,"","","","","","","",,"","","","","","","",,"","","","","","","",,"","","","","",845078,1,"2024-10-01_17h18.45.455","experiment","2023.2.3","Win32",71.42857143,"612569afac9baa5313aa08a7","66fbf9d935dbf9e9cfd29582","66fc20c8c0f88e30e1da8b2e","",,,"",,,"",,,"",,,"",,,"",,,"",,,,,"",,,"",,,,"",,,"","","",,,"","",,5,,,,"","","",,,,,,,2,,"",,,"",,,"s",0.9487,,"space",0.6799,,2,"yellow_gnome",2,2,"bright_forest","yellow_basket","red_gnome",2,1,"dark_forest","red_basket",10,0,0,1,"yellow_gnome","bright_forest","yellow_basket",4576,0,-1,31,7,255,5,1,"",,,"",,,"",,,"",,,"",,,"",,,,,,,"",,,"","",,,,,,,,"",,,,,,,"",,,"","","",,,,,,,,"",,,,,,,
"","",,"","","","","","","",,"","","","","","","",,"","","","","","","",,"","","","","","","",,"","","","","","","",,"","","","","","","",,"","","","","","","",,"","","","","",845078,1,"2024-10-01_17h18.45.455","experiment","2023.2.3","Win32",71.42857143,"612569afac9baa5313aa08a7","66fbf9d935dbf9e9cfd29582","66fc20c8c0f88e30e1da8b2e","",,,"",,,"",,,"",,,"",,,"",,,"",,,,,"",,,"",,,,"",,,"","","",,,"","",,,,,,"","","",,,,,,,,,"",,,"",,,"",,,"",,,,"",,,"","","",,,"","",,,,,"","","",,,,,,,,,"",,,"space",3.8959,,"space",6.8824,,"space",11.8596,0.0018,"space",7.9166,,"space",3.4268,,1.296297709,6.7759,100,11.7585,"space",11.8634,,"green_gnome","yellow_gnome",0,0,0,7,1,1,2,"",,,,,,,"",,,"","","",,,,,,,,"",,,,,,,
"","",,"","","","","","","",,"","","","","","","",,"","","","","","","",,"","","","","","","",,"","","","","","","",,"","","","","","","",,"","","","","","","",,"","","","","",845078,1,"2024-10-01_17h18.45.455","experiment","2023.2.3","Win32",71.42857143,"612569afac9baa5313aa08a7","66fbf9d935dbf9e9cfd29582","66fc20c8c0f88e30e1da8b2e","",,,"",,,"",,,"",,,"",,,"",,,"",,,,,"",,,"",,,,"",,,"","","",,,"","",,,,,,"","","",,,,,,,,,"",,,"",,,"",,,"",,,,"",,,"","","",,,"","",,,,,"","","",,,,,,,,,"",,,"",,,"",,,"",,,"",,,"",,,0,4.6871,85.74074639,7.5509,"space",7.6276,,"purple_gnome","yellow_gnome",0,1,1,15,1,2,5,"",,,,,,,"",,,"","","",,,,,,,,"",,,,,,,
"","",,"","","","","","","",,"","","","","","","",,"","","","","","","",,"","","","","","","",,"","","","","","","",,"","","","","","","",,"","","","","","","",,"","","","","",845078,1,"2024-10-01_17h18.45.455","experiment","2023.2.3","Win32",71.42857143,"612569afac9baa5313aa08a7","66fbf9d935dbf9e9cfd29582","66fc20c8c0f88e30e1da8b2e","",,,"",,,"",,,"",,,"",,,"",,,"",,,,,"",,,"",,,,"",,,"","","",,,"","",,,,,,"","","",,,,,,,,,"",,,"",,,"",,,"",,,,"",,,"","","",,,"","",,,,,"","","",,,,,,,,,"",,,"",,,"",,,"",,,"",,,"",,,0,3.8891,97.12963811,8.299,"space",8.6186,,"blue_gnome","brown_gnome",0,2,2,23,1,4,6,"",,,,,,,"",,,"","","",,,,,,,,"",,,,,,,
"","",,"","","","","","","",,"","","","","","","",,"","","","","","","",,"","","","","","","",,"","","","","","","",,"","","","","","","",,"","","","","","","",,"","","","","",845078,1,"2024-10-01_17h18.45.455","experiment","2023.2.3","Win32",71.42857143,"612569afac9baa5313aa08a7","66fbf9d935dbf9e9cfd29582","66fc20c8c0f88e30e1da8b2e","",,,"",,,"",,,"",,,"",,,"",,,"",,,,,"",,,"",,,,"",,,"","","",,,"","",,,,,,"","","",,,,,,,,,"",,,"",,,"",,,"",,,,"",,,"","","",,,"","",,,,,"","","",,,,,,,,,"",,,"",,,"",,,"",,,"",,,"",,,0.833334746,4.3214,96.01851569,7.9174,"space",7.5929,,"orange_gnome","red_gnome",0,3,3,21,1,3,7,"",,,,,,,"",,,"","","",,,,,,,,"",,,,,,,
"","",,"","","","","","","",,"","","","","","","",,"","","","","","","",,"","","","","","","",,"","","","","","","",,"","","","","","","",,"","","","","","","",,"","","","","",845078,1,"2024-10-01_17h18.45.455","experiment","2023.2.3","Win32",71.42857143,"612569afac9baa5313aa08a7","66fbf9d935dbf9e9cfd29582","66fc20c8c0f88e30e1da8b2e","",,,"",,,"",,,"",,,"",,,"",,,"",,,,,"",,,"",,,,"",,,"","","",,,"","",,,,,,"","","",,,,,,,,,"",,,"",,,"",,,"",,,,"",,,"","","",,,"","",,,,,"","","",,,,,,,,,"",,,"",,,"",,,"",,,"",,,"",,,2.407409527,7.7451,55.18518377,9.3303,"space",9.0127,,"purple_gnome","orange_gnome",0,4,4,26,1,5,7,"",,,,,,,"",,,"","","",,,,,,,,"",,,,,,,
"","",,"","","","","","","",,"","","","","","","",,"","","","","","","",,"","","","","","","",,"","","","","","","",,"","","","","","","",,"","","","","","","",,"","","","","",845078,1,"2024-10-01_17h18.45.455","experiment","2023.2.3","Win32",71.42857143,"612569afac9baa5313aa08a7","66fbf9d935dbf9e9cfd29582","66fc20c8c0f88e30e1da8b2e","",,,"",,,"",,,"",,,"",,,"",,,"",,,,,"",,,"",,,,"",,,"","","",,,"","",,,,,,"","","",,,,,,,,,"",,,"",,,"",,,"",,,,"",,,"","","",,,"","",,,,,"","","",,,,,,,,,"",,,"",,,"",,,"",,,"",,,"",,,0,4.1193,98.05556403,6.942,"space",6.7089,,"blue_gnome","pink_gnome",0,5,5,3,1,0,4,"",,,,,,,"",,,"","","",,,,,,,,"",,,,,,,
"","",,"","","","","","","",,"","","","","","","",,"","","","","","","",,"","","","","","","",,"","","","","","","",,"","","","","","","",,"","","","","","","",,"","","","","",845078,1,"2024-10-01_17h18.45.455","experiment","2023.2.3","Win32",71.42857143,"612569afac9baa5313aa08a7","66fbf9d935dbf9e9cfd29582","66fc20c8c0f88e30e1da8b2e","",,,"",,,"",,,"",,,"",,,"",,,"",,,,,"",,,"",,,,"",,,"","","",,,"","",,,,,,"","","",,,,,,,,,"",,,"",,,"",,,"",,,,"",,,"","","",,,"","",,,,,"","","",,,,,,,,,"",,,"",,,"",,,"",,,"",,,"",,,0,5.7742,56.94444444,8.251,"space",8.5608,,"pink_gnome","brown_gnome",0,6,6,5,1,0,6,"",,,,,,,"",,,"","","",,,,,,,,"",,,,,,,
"","",,"","","","","","","",,"","","","","","","",,"","","","","","","",,"","","","","","","",,"","","","","","","",,"","","","","","","",,"","","","","","","",,"","","","","",845078,1,"2024-10-01_17h18.45.455","experiment","2023.2.3","Win32",71.42857143,"612569afac9baa5313aa08a7","66fbf9d935dbf9e9cfd29582","66fc20c8c0f88e30e1da8b2e","",,,"",,,"",,,"",,,"",,,"",,,"",,,,,"",,,"",,,,"",,,"","","",,,"","",,,,,,"","","",,,,,,,,,"",,,"",,,"",,,"",,,,"",,,"","","",,,"","",,,,,"","","",,,,,,,,,"",,,"",,,"",,,"",,,"",,,"",,,0.925925926,5.299,41.2037037,6.8918,"space",6.6678,,"orange_gnome","blue_gnome",0,7,7,24,1,4,7,"",,,,,,,"",,,"","","",,,,,,,,"",,,,,,,
"","",,"","","","","","","",,"","","","","","","",,"","","","","","","",,"","","","","","","",,"","","","","","","",,"","","","","","","",,"","","","","","","",,"","","","","",845078,1,"2024-10-01_17h18.45.455","experiment","2023.2.3","Win32",71.42857143,"612569afac9baa5313aa08a7","66fbf9d935dbf9e9cfd29582","66fc20c8c0f88e30e1da8b2e","",,,"",,,"",,,"",,,"",,,"",,,"",,,,,"",,,"",,,,"",,,"","","",,,"","",,,,,,"","","",,,,,,,,,"",,,"",,,"",,,"",,,,"",,,"","","",,,"","",,,,,"","","",,,,,,,,,"",,,"",,,"",,,"",,,"",,,"",,,0,4.6177,43.79629912,6.8476,"space",6.6514,,"brown_gnome","purple_gnome",0,8,8,25,1,5,6,"",,,,,,,"",,,"","","",,,,,,,,"",,,,,,,
"","",,"","","","","","","",,"","","","","","","",,"","","","","","","",,"","","","","","","",,"","","","","","","",,"","","","","","","",,"","","","","","","",,"","","","","",845078,1,"2024-10-01_17h18.45.455","experiment","2023.2.3","Win32",71.42857143,"612569afac9baa5313aa08a7","66fbf9d935dbf9e9cfd29582","66fc20c8c0f88e30e1da8b2e","",,,"",,,"",,,"",,,"",,,"",,,"",,,,,"",,,"",,,,"",,,"","","",,,"","",,,,,,"","","",,,,,,,,,"",,,"",,,"",,,"",,,,"",,,"","","",,,"","",,,,,"","","",,,,,,,,,"",,,"",,,"",,,"",,,"",,,"",,,0.462962963,6.8997,,,"space",6.8608,,"blue_gnome","green_gnome",0,9,9,9,1,1,4,"",,,,,,,"",,,"","","",,,,,,,,"",,,,,,,
"","",,"","","","","","","",,"","","","","","","",,"","","","","","","",,"","","","","","","",,"","","","","","","",,"","","","","","","",,"","","","","","","",,"","","","","",845078,1,"2024-10-01_17h18.45.455","experiment","2023.2.3","Win32",71.42857143,"612569afac9baa5313aa08a7","66fbf9d935dbf9e9cfd29582","66fc20c8c0f88e30e1da8b2e","",,,"",,,"",,,"",,,"",,,"",,,"",,,,,"",,,"",,,,"",,,"","","",,,"","",,,,,,"","","",,,,,,,,,"",,,"",,,"",,,"",,,,"",,,"","","",,,"","",,,,,"","","",,,,,,,,,"",,,"",,,"",,,"",,,"",,,"",,,0,2.5208,100,4.6191,"space",4.1726,,"yellow_gnome","blue_gnome",0,10,10,14,1,2,4,"",,,,,,,"",,,"","","",,,,,,,,"",,,,,,,
"","",,"","","","","","","",,"","","","","","","",,"","","","","","","",,"","","","","","","",,"","","","","","","",,"","","","","","","",,"","","","","","","",,"","","","","",845078,1,"2024-10-01_17h18.45.455","experiment","2023.2.3","Win32",71.42857143,"612569afac9baa5313aa08a7","66fbf9d935dbf9e9cfd29582","66fc20c8c0f88e30e1da8b2e","",,,"",,,"",,,"",,,"",,,"",,,"",,,,,"",,,"",,,,"",,,"","","",,,"","",,,,,,"","","",,,,,,,,,"",,,"",,,"",,,"",,,,"",,,"","","",,,"","",,,,,"","","",,,,,,,,,"",,,"",,,"",,,"",,,"",,,"",,,100,2.7195,100,4.4238,"space",4.3324,0.0026,"blue_gnome","purple_gnome",0,11,11,22,1,4,5,"",,,,,,,"",,,"","","",,,,,,,,"",,,,,,,
"","",,"","","","","","","",,"","","","","","","",,"","","","","","","",,"","","","","","","",,"","","","","","","",,"","","","","","","",,"","","","","","","",,"","","","","",845078,1,"2024-10-01_17h18.45.455","experiment","2023.2.3","Win32",71.42857143,"612569afac9baa5313aa08a7","66fbf9d935dbf9e9cfd29582","66fc20c8c0f88e30e1da8b2e","",,,"",,,"",,,"",,,"",,,"",,,"",,,,,"",,,"",,,,"",,,"","","",,,"","",,,,,,"","","",,,,,,,,,"",,,"",,,"",,,"",,,,"",,,"","","",,,"","",,,,,"","","",,,,,,,,,"",,,"",,,"",,,"",,,"",,,"",,,100,6.3214,30.83333616,5.0979,"space",6.227,,"brown_gnome","orange_gnome",0,12,12,27,1,6,7,"",,,,,,,"",,,"","","",,,,,,,,"",,,,,,,
"","",,"","","","","","","",,"","","","","","","",,"","","","","","","",,"","","","","","","",,"","","","","","","",,"","","","","","","",,"","","","","","","",,"","","","","",845078,1,"2024-10-01_17h18.45.455","experiment","2023.2.3","Win32",71.42857143,"612569afac9baa5313aa08a7","66fbf9d935dbf9e9cfd29582","66fc20c8c0f88e30e1da8b2e","",,,"",,,"",,,"",,,"",,,"",,,"",,,,,"",,,"",,,,"",,,"","","",,,"","",,,,,,"","","",,,,,,,,,"",,,"",,,"",,,"",,,,"",,,"","","",,,"","",,,,,"","","",,,,,,,,,"",,,"",,,"",,,"",,,"",,,"",,,0,4.6862,100,5.9875,"space",5.8961,0.002,"brown_gnome","red_gnome",0,13,13,20,1,3,6,"",,,,,,,"",,,"","","",,,,,,,,"",,,,,,,
"","",,"","","","","","","",,"","","","","","","",,"","","","","","","",,"","","","","","","",,"","","","","","","",,"","","","","","","",,"","","","","","","",,"","","","","",845078,1,"2024-10-01_17h18.45.455","experiment","2023.2.3","Win32",71.42857143,"612569afac9baa5313aa08a7","66fbf9d935dbf9e9cfd29582","66fc20c8c0f88e30e1da8b2e","",,,"",,,"",,,"",,,"",,,"",,,"",,,,,"",,,"",,,,"",,,"","","",,,"","",,,,,,"","","",,,,,,,,,"",,,"",,,"",,,"",,,,"",,,"","","",,,"","",,,,,"","","",,,,,,,,,"",,,"",,,"",,,"",,,"",,,"",,,0,2.4311,100,3.5771,"space",3.3962,,"brown_gnome","yellow_gnome",0,14,14,16,1,2,6,"",,,,,,,"",,,"","","",,,,,,,,"",,,,,,,
"","",,"","","","","","","",,"","","","","","","",,"","","","","","","",,"","","","","","","",,"","","","","","","",,"","","","","","","",,"","","","","","","",,"","","","","",845078,1,"2024-10-01_17h18.45.455","experiment","2023.2.3","Win32",71.42857143,"612569afac9baa5313aa08a7","66fbf9d935dbf9e9cfd29582","66fc20c8c0f88e30e1da8b2e","",,,"",,,"",,,"",,,"",,,"",,,"",,,,,"",,,"",,,,"",,,"","","",,,"","",,,,,,"","","",,,,,,,,,"",,,"",,,"",,,"",,,,"",,,"","","",,,"","",,,,,"","","",,,,,,,,,"",,,"",,,"",,,"",,,"",,,"",,,0,2.4666,100,4.0543,"space",3.914,,"pink_gnome","yellow_gnome",0,15,15,1,1,0,2,"",,,,,,,"",,,"","","",,,,,,,,"",,,,,,,
"","",,"","","","","","","",,"","","","","","","",,"","","","","","","",,"","","","","","","",,"","","","","","","",,"","","","","","","",,"","","","","","","",,"","","","","",845078,1,"2024-10-01_17h18.45.455","experiment","2023.2.3","Win32",71.42857143,"612569afac9baa5313aa08a7","66fbf9d935dbf9e9cfd29582","66fc20c8c0f88e30e1da8b2e","",,,"",,,"",,,"",,,"",,,"",,,"",,,,,"",,,"",,,,"",,,"","","",,,"","",,,,,,"","","",,,,,,,,,"",,,"",,,"",,,"",,,,"",,,"","","",,,"","",,,,,"","","",,,,,,,,,"",,,"",,,"",,,"",,,"",,,"",,,100,4.315,,,"space",4.6844,,"green_gnome","pink_gnome",0,16,16,0,1,0,1,"",,,,,,,"",,,"","","",,,,,,,,"",,,,,,,
"","",,"","","","","","","",,"","","","","","","",,"","","","","","","",,"","","","","","","",,"","","","","","","",,"","","","","","","",,"","","","","","","",,"","","","","",845078,1,"2024-10-01_17h18.45.455","experiment","2023.2.3","Win32",71.42857143,"612569afac9baa5313aa08a7","66fbf9d935dbf9e9cfd29582","66fc20c8c0f88e30e1da8b2e","",,,"",,,"",,,"",,,"",,,"",,,"",,,,,"",,,"",,,,"",,,"","","",,,"","",,,,,,"","","",,,,,,,,,"",,,"",,,"",,,"",,,,"",,,"","","",,,"","",,,,,"","","",,,,,,,,,"",,,"",,,"",,,"",,,"",,,"",,,0,2.9037,73.98148289,4.2651,"space",3.9295,,"pink_gnome","purple_gnome",0,17,17,4,1,0,5,"",,,,,,,"",,,"","","",,,,,,,,"",,,,,,,
"","",,"","","","","","","",,"","","","","","","",,"","","","","","","",,"","","","","","","",,"","","","","","","",,"","","","","","","",,"","","","","","","",,"","","","","",845078,1,"2024-10-01_17h18.45.455","experiment","2023.2.3","Win32",71.42857143,"612569afac9baa5313aa08a7","66fbf9d935dbf9e9cfd29582","66fc20c8c0f88e30e1da8b2e","",,,"",,,"",,,"",,,"",,,"",,,"",,,,,"",,,"",,,,"",,,"","","",,,"","",,,,,,"","","",,,,,,,,,"",,,"",,,"",,,"",,,,"",,,"","","",,,"","",,,,,"","","",,,,,,,,,"",,,"",,,"",,,"",,,"",,,"",,,0,2.5542,100,4.0081,"space",3.7228,,"yellow_gnome","orange_gnome",0,18,18,17,1,2,7,"",,,,,,,"",,,"","","",,,,,,,,"",,,,,,,
"","",,"","","","","","","",,"","","","","","","",,"","","","","","","",,"","","","","","","",,"","","","","","","",,"","","","","","","",,"","","","","","","",,"","","","","",845078,1,"2024-10-01_17h18.45.455","experiment","2023.2.3","Win32",71.42857143,"612569afac9baa5313aa08a7","66fbf9d935dbf9e9cfd29582","66fc20c8c0f88e30e1da8b2e","",,,"",,,"",,,"",,,"",,,"",,,"",,,,,"",,,"",,,,"",,,"","","",,,"","",,,,,,"","","",,,,,,,,,"",,,"",,,"",,,"",,,,"",,,"","","",,,"","",,,,,"","","",,,,,,,,,"",,,"",,,"",,,"",,,"",,,"",,,0,2.6851,100,3.9669,"space",3.7972,,"red_gnome","green_gnome",0,19,19,8,1,1,3,"",,,,,,,"",,,"","","",,,,,,,,"",,,,,,,
"","",,"","","","","","","",,"","","","","","","",,"","","","","","","",,"","","","","","","",,"","","","","","","",,"","","","","","","",,"","","","","","","",,"","","","","",845078,1,"2024-10-01_17h18.45.455","experiment","2023.2.3","Win32",71.42857143,"612569afac9baa5313aa08a7","66fbf9d935dbf9e9cfd29582","66fc20c8c0f88e30e1da8b2e","",,,"",,,"",,,"",,,"",,,"",,,"",,,,,"",,,"",,,,"",,,"","","",,,"","",,,,,,"","","",,,,,,,,,"",,,"",,,"",,,"",,,,"",,,"","","",,,"","",,,,,"","","",,,,,,,,,"",,,"",,,"",,,"",,,"",,,"",,,100,2.2964,100,4.314,"space",4.0841,,"yellow_gnome","red_gnome",0,20,20,13,1,2,3,"",,,,,,,"",,,"","","",,,,,,,,"",,,,,,,
"","",,"","","","","","","",,"","","","","","","",,"","","","","","","",,"","","","","","","",,"","","","","","","",,"","","","","","","",,"","","","","","","",,"","","","","",845078,1,"2024-10-01_17h18.45.455","experiment","2023.2.3","Win32",71.42857143,"612569afac9baa5313aa08a7","66fbf9d935dbf9e9cfd29582","66fc20c8c0f88e30e1da8b2e","",,,"",,,"",,,"",,,"",,,"",,,"",,,,,"",,,"",,,,"",,,"","","",,,"","",,,,,,"","","",,,,,,,,,"",,,"",,,"",,,"",,,,"",,,"","","",,,"","",,,,,"","","",,,,,,,,,"",,,"",,,"",,,"",,,"",,,"",,,0,2.3549,100,3.6345,"space",3.4797,,"red_gnome","purple_gnome",0,21,21,19,1,3,5,"",,,,,,,"",,,"","","",,,,,,,,"",,,,,,,
"","",,"","","","","","","",,"","","","","","","",,"","","","","","","",,"","","","","","","",,"","","","","","","",,"","","","","","","",,"","","","","","","",,"","","","","",845078,1,"2024-10-01_17h18.45.455","experiment","2023.2.3","Win32",71.42857143,"612569afac9baa5313aa08a7","66fbf9d935dbf9e9cfd29582","66fc20c8c0f88e30e1da8b2e","",,,"",,,"",,,"",,,"",,,"",,,"",,,,,"",,,"",,,,"",,,"","","",,,"","",,,,,,"","","",,,,,,,,,"",,,"",,,"",,,"",,,,"",,,"","","",,,"","",,,,,"","","",,,,,,,,,"",,,"",,,"",,,"",,,"",,,"",,,0,2.4233,100,3.5269,"space",3.3832,,"red_gnome","pink_gnome",0,22,22,2,1,0,3,"",,,,,,,"",,,"","","",,,,,,,,"",,,,,,,
"","",,"","","","","","","",,"","","","","","","",,"","","","","","","",,"","","","","","","",,"","","","","","","",,"","","","","","","",,"","","","","","","",,"","","","","",845078,1,"2024-10-01_17h18.45.455","experiment","2023.2.3","Win32",71.42857143,"612569afac9baa5313aa08a7","66fbf9d935dbf9e9cfd29582","66fc20c8c0f88e30e1da8b2e","",,,"",,,"",,,"",,,"",,,"",,,"",,,,,"",,,"",,,,"",,,"","","",,,"","",,,,,,"","","",,,,,,,,,"",,,"",,,"",,,"",,,,"",,,"","","",,,"","",,,,,"","","",,,,,,,,,"",,,"",,,"",,,"",,,"",,,"",,,1.111111818,7.3516,29.35185609,9.302,"space",9.0392,,"green_gnome","orange_gnome",0,23,23,12,1,1,7,"",,,,,,,"",,,"","","",,,,,,,,"",,,,,,,
"","",,"","","","","","","",,"","","","","","","",,"","","","","","","",,"","","","","","","",,"","","","","","","",,"","","","","","","",,"","","","","","","",,"","","","","",845078,1,"2024-10-01_17h18.45.455","experiment","2023.2.3","Win32",71.42857143,"612569afac9baa5313aa08a7","66fbf9d935dbf9e9cfd29582","66fc20c8c0f88e30e1da8b2e","",,,"",,,"",,,"",,,"",,,"",,,"",,,,,"",,,"",,,,"",,,"","","",,,"","",,,,,,"","","",,,,,,,,,"",,,"",,,"",,,"",,,,"",,,"","","",,,"","",,,,,"","","",,,,,,,,,"",,,"",,,"",,,"",,,"",,,"",,,100,2.8163,38.70370653,4.7663,"space",4.2267,0.0026,"brown_gnome","green_gnome",0,24,24,11,1,1,6,"",,,,,,,"",,,"","","",,,,,,,,"",,,,,,,
"","",,"","","","","","","",,"","","","","","","",,"","","","","","","",,"","","","","","","",,"","","","","","","",,"","","","","","","",,"","","","","","","",,"","","","","",845078,1,"2024-10-01_17h18.45.455","experiment","2023.2.3","Win32",71.42857143,"612569afac9baa5313aa08a7","66fbf9d935dbf9e9cfd29582","66fc20c8c0f88e30e1da8b2e","",,,"",,,"",,,"",,,"",,,"",,,"",,,,,"",,,"",,,,"",,,"","","",,,"","",,,,,,"","","",,,,,,,,,"",,,"",,,"",,,"",,,,"",,,"","","",,,"","",,,,,"","","",,,,,,,,,"",,,"",,,"",,,"",,,"",,,"",,,100,5.2272,45.55555979,6.2683,"space",5.9905,,"pink_gnome","orange_gnome",0,25,25,6,1,0,7,"",,,,,,,"",,,"","","",,,,,,,,"",,,,,,,
"","",,"","","","","","","",,"","","","","","","",,"","","","","","","",,"","","","","","","",,"","","","","","","",,"","","","","","","",,"","","","","","","",,"","","","","",845078,1,"2024-10-01_17h18.45.455","experiment","2023.2.3","Win32",71.42857143,"612569afac9baa5313aa08a7","66fbf9d935dbf9e9cfd29582","66fc20c8c0f88e30e1da8b2e","",,,"",,,"",,,"",,,"",,,"",,,"",,,,,"",,,"",,,,"",,,"","","",,,"","",,,,,,"","","",,,,,,,,,"",,,"",,,"",,,"",,,,"",,,"","","",,,"","",,,,,"","","",,,,,,,,,"",,,"",,,"",,,"",,,"",,,"",,,0,2.1169,100,3.3811,"space",3.3332,0.0018,"blue_gnome","red_gnome",0,26,26,18,1,3,4,"",,,,,,,"",,,"","","",,,,,,,,"",,,,,,,
"","",,"","","","","","","",,"","","","","","","",,"","","","","","","",,"","","","","","","",,"","","","","","","",,"","","","","","","",,"","","","","","","",,"","","","","",845078,1,"2024-10-01_17h18.45.455","experiment","2023.2.3","Win32",71.42857143,"612569afac9baa5313aa08a7","66fbf9d935dbf9e9cfd29582","66fc20c8c0f88e30e1da8b2e","",,,"",,,"",,,"",,,"",,,"",,,"",,,,,"",,,"",,,,"",,,"","","",,,"","",,,,,,"","","",,,,,,,,,"",,,"",,,"",,,"",,,,"",,,"","","",,,"","",,,,,"","","",,,,,,,,,"",,,"",,,"",,,"",,,"",,,"",,,0,3.0473,100,4.6761,"space",4.2686,,"purple_gnome","green_gnome",0,27,27,10,1,1,5,"",,,,,,,"",,,"","","",,,,,,,,"",,,,,,,
"","",,"","","","","","","",,"","","","","","","",,"","","","","","","",,"","","","","","","",,"","","","","","","",,"","","","","","","",,"","","","","","","",,"","","","","",845078,1,"2024-10-01_17h18.45.455","experiment","2023.2.3","Win32",71.42857143,"612569afac9baa5313aa08a7","66fbf9d935dbf9e9cfd29582","66fc20c8c0f88e30e1da8b2e","",,,"",,,"",,,"",,,"",,,"",,,"",,,,,"",,,"",,,,"",,,"","","",,,"","",,,,,,"","","",,,,,,,,,"",,,"",,,"",,,"",,,,"",,,"","","",,,"","",,,,,"","","",,,,,,,,,"",,,"",,,"",,,"",,,"",,,"",,,,,,,"",,,"","",,,,,,,,"space",6.0952,,1.481483601,6.0119,24.81481764,8.1257,"space",7.9307,,"orange_gnome","dark_forest","red_basket",0,0,0,15,1,7,1,"",,,,,,,
"","",,"","","","","","","",,"","","","","","","",,"","","","","","","",,"","","","","","","",,"","","","","","","",,"","","","","","","",,"","","","","","","",,"","","","","",845078,1,"2024-10-01_17h18.45.455","experiment","2023.2.3","Win32",71.42857143,"612569afac9baa5313aa08a7","66fbf9d935dbf9e9cfd29582","66fc20c8c0f88e30e1da8b2e","",,,"",,,"",,,"",,,"",,,"",,,"",,,,,"",,,"",,,,"",,,"","","",,,"","",,,,,,"","","",,,,,,,,,"",,,"",,,"",,,"",,,,"",,,"","","",,,"","",,,,,"","","",,,,,,,,,"",,,"",,,"",,,"",,,"",,,"",,,,,,,"",,,"","",,,,,,,,"",,,100,4.9131,100,6.5105,"space",6.3925,,"yellow_gnome","bright_forest","yellow_basket",0,1,1,4,1,2,0,"",,,,,,,
"","",,"","","","","","","",,"","","","","","","",,"","","","","","","",,"","","","","","","",,"","","","","","","",,"","","","","","","",,"","","","","","","",,"","","","","",845078,1,"2024-10-01_17h18.45.455","experiment","2023.2.3","Win32",71.42857143,"612569afac9baa5313aa08a7","66fbf9d935dbf9e9cfd29582","66fc20c8c0f88e30e1da8b2e","",,,"",,,"",,,"",,,"",,,"",,,"",,,,,"",,,"",,,,"",,,"","","",,,"","",,,,,,"","","",,,,,,,,,"",,,"",,,"",,,"",,,,"",,,"","","",,,"","",,,,,"","","",,,,,,,,,"",,,"",,,"",,,"",,,"",,,"",,,,,,,"",,,"","",,,,,,,,"",,,0,2.2076,100,3.5494,"space",3.3721,,"yellow_gnome","dark_forest","red_basket",0,2,2,5,1,2,1,"",,,,,,,
"","",,"","","","","","","",,"","","","","","","",,"","","","","","","",,"","","","","","","",,"","","","","","","",,"","","","","","","",,"","","","","","","",,"","","","","",845078,1,"2024-10-01_17h18.45.455","experiment","2023.2.3","Win32",71.42857143,"612569afac9baa5313aa08a7","66fbf9d935dbf9e9cfd29582","66fc20c8c0f88e30e1da8b2e","",,,"",,,"",,,"",,,"",,,"",,,"",,,,,"",,,"",,,,"",,,"","","",,,"","",,,,,,"","","",,,,,,,,,"",,,"",,,"",,,"",,,,"",,,"","","",,,"","",,,,,"","","",,,,,,,,,"",,,"",,,"",,,"",,,"",,,"",,,,,,,"",,,"","",,,,,,,,"",,,0,4.4043,22.50000283,5.7721,"space",5.3031,,"green_gnome","bright_forest","yellow_basket",0,3,3,2,1,1,0,"",,,,,,,
"","",,"","","","","","","",,"","","","","","","",,"","","","","","","",,"","","","","","","",,"","","","","","","",,"","","","","","","",,"","","","","","","",,"","","","","",845078,1,"2024-10-01_17h18.45.455","experiment","2023.2.3","Win32",71.42857143,"612569afac9baa5313aa08a7","66fbf9d935dbf9e9cfd29582","66fc20c8c0f88e30e1da8b2e","",,,"",,,"",,,"",,,"",,,"",,,"",,,,,"",,,"",,,,"",,,"","","",,,"","",,,,,,"","","",,,,,,,,,"",,,"",,,"",,,"",,,,"",,,"","","",,,"","",,,,,"","","",,,,,,,,,"",,,"",,,"",,,"",,,"",,,"",,,,,,,"",,,"","",,,,,,,,"",,,100,6.6029,100,7.9859,"space",7.6108,,"purple_gnome","dark_forest","red_basket",0,4,4,11,1,5,1,"",,,,,,,
"","",,"","","","","","","",,"","","","","","","",,"","","","","","","",,"","","","","","","",,"","","","","","","",,"","","","","","","",,"","","","","","","",,"","","","","",845078,1,"2024-10-01_17h18.45.455","experiment","2023.2.3","Win32",71.42857143,"612569afac9baa5313aa08a7","66fbf9d935dbf9e9cfd29582","66fc20c8c0f88e30e1da8b2e","",,,"",,,"",,,"",,,"",,,"",,,"",,,,,"",,,"",,,,"",,,"","","",,,"","",,,,,,"","","",,,,,,,,,"",,,"",,,"",,,"",,,,"",,,"","","",,,"","",,,,,"","","",,,,,,,,,"",,,"",,,"",,,"",,,"",,,"",,,,,,,"",,,"","",,,,,,,,"",,,0,3.3113,55.74074498,5.1865,"space",4.7485,,"pink_gnome","bright_forest","yellow_basket",0,5,5,0,1,0,0,"",,,,,,,
"","",,"","","","","","","",,"","","","","","","",,"","","","","","","",,"","","","","","","",,"","","","","","","",,"","","","","","","",,"","","","","","","",,"","","","","",845078,1,"2024-10-01_17h18.45.455","experiment","2023.2.3","Win32",71.42857143,"612569afac9baa5313aa08a7","66fbf9d935dbf9e9cfd29582","66fc20c8c0f88e30e1da8b2e","",,,"",,,"",,,"",,,"",,,"",,,"",,,,,"",,,"",,,,"",,,"","","",,,"","",,,,,,"","","",,,,,,,,,"",,,"",,,"",,,"",,,,"",,,"","","",,,"","",,,,,"","","",,,,,,,,,"",,,"",,,"",,,"",,,"",,,"",,,,,,,"",,,"","",,,,,,,,"",,,0,3.9038,28.05555838,5.3028,"space",4.9181,,"orange_gnome","bright_forest","yellow_basket",0,6,6,14,1,7,0,"",,,,,,,
"","",,"","","","","","","",,"","","","","","","",,"","","","","","","",,"","","","","","","",,"","","","","","","",,"","","","","","","",,"","","","","","","",,"","","","","",845078,1,"2024-10-01_17h18.45.455","experiment","2023.2.3","Win32",71.42857143,"612569afac9baa5313aa08a7","66fbf9d935dbf9e9cfd29582","66fc20c8c0f88e30e1da8b2e","",,,"",,,"",,,"",,,"",,,"",,,"",,,,,"",,,"",,,,"",,,"","","",,,"","",,,,,,"","","",,,,,,,,,"",,,"",,,"",,,"",,,,"",,,"","","",,,"","",,,,,"","","",,,,,,,,,"",,,"",,,"",,,"",,,"",,,"",,,,,,,"",,,"","",,,,,,,,"",,,0,2.9322,42.03703845,4.9726,"space",4.4517,,"brown_gnome","bright_forest","yellow_basket",0,7,7,12,1,6,0,"",,,,,,,
"","",,"","","","","","","",,"","","","","","","",,"","","","","","","",,"","","","","","","",,"","","","","","","",,"","","","","","","",,"","","","","","","",,"","","","","",845078,1,"2024-10-01_17h18.45.455","experiment","2023.2.3","Win32",71.42857143,"612569afac9baa5313aa08a7","66fbf9d935dbf9e9cfd29582","66fc20c8c0f88e30e1da8b2e","",,,"",,,"",,,"",,,"",,,"",,,"",,,,,"",,,"",,,,"",,,"","","",,,"","",,,,,,"","","",,,,,,,,,"",,,"",,,"",,,"",,,,"",,,"","","",,,"","",,,,,"","","",,,,,,,,,"",,,"",,,"",,,"",,,"",,,"",,,,,,,"",,,"","",,,,,,,,"",,,100,3.1762,36.48148289,4.5847,"space",4.164,0.0021,"brown_gnome","dark_forest","red_basket",0,8,8,13,1,6,1,"",,,,,,,
"","",,"","","","","","","",,"","","","","","","",,"","","","","","","",,"","","","","","","",,"","","","","","","",,"","","","","","","",,"","","","","","","",,"","","","","",845078,1,"2024-10-01_17h18.45.455","experiment","2023.2.3","Win32",71.42857143,"612569afac9baa5313aa08a7","66fbf9d935dbf9e9cfd29582","66fc20c8c0f88e30e1da8b2e","",,,"",,,"",,,"",,,"",,,"",,,"",,,,,"",,,"",,,,"",,,"","","",,,"","",,,,,,"","","",,,,,,,,,"",,,"",,,"",,,"",,,,"",,,"","","",,,"","",,,,,"","","",,,,,,,,,"",,,"",,,"",,,"",,,"",,,"",,,,,,,"",,,"","",,,,,,,,"",,,0,3.1927,100,9.1892,"space",8.9593,0.0019,"red_gnome","bright_forest","yellow_basket",0,9,9,6,1,3,0,"",,,,,,,
"","",,"","","","","","","",,"","","","","","","",,"","","","","","","",,"","","","","","","",,"","","","","","","",,"","","","","","","",,"","","","","","","",,"","","","","",845078,1,"2024-10-01_17h18.45.455","experiment","2023.2.3","Win32",71.42857143,"612569afac9baa5313aa08a7","66fbf9d935dbf9e9cfd29582","66fc20c8c0f88e30e1da8b2e","",,,"",,,"",,,"",,,"",,,"",,,"",,,,,"",,,"",,,,"",,,"","","",,,"","",,,,,,"","","",,,,,,,,,"",,,"",,,"",,,"",,,,"",,,"","","",,,"","",,,,,"","","",,,,,,,,,"",,,"",,,"",,,"",,,"",,,"",,,,,,,"",,,"","",,,,,,,,"",,,100,3.7243,34.44444868,4.8852,"space",4.499,,"pink_gnome","dark_forest","red_basket",0,10,10,1,1,0,1,"",,,,,,,
"","",,"","","","","","","",,"","","","","","","",,"","","","","","","",,"","","","","","","",,"","","","","","","",,"","","","","","","",,"","","","","","","",,"","","","","",845078,1,"2024-10-01_17h18.45.455","experiment","2023.2.3","Win32",71.42857143,"612569afac9baa5313aa08a7","66fbf9d935dbf9e9cfd29582","66fc20c8c0f88e30e1da8b2e","",,,"",,,"",,,"",,,"",,,"",,,"",,,,,"",,,"",,,,"",,,"","","",,,"","",,,,,,"","","",,,,,,,,,"",,,"",,,"",,,"",,,,"",,,"","","",,,"","",,,,,"","","",,,,,,,,,"",,,"",,,"",,,"",,,"",,,"",,,,,,,"",,,"","",,,,,,,,"",,,100,2.5542,100,3.6059,"space",3.6299,0.0029,"blue_gnome","bright_forest","yellow_basket",0,11,11,8,1,4,0,"",,,,,,,
"","",,"","","","","","","",,"","","","","","","",,"","","","","","","",,"","","","","","","",,"","","","","","","",,"","","","","","","",,"","","","","","","",,"","","","","",845078,1,"2024-10-01_17h18.45.455","experiment","2023.2.3","Win32",71.42857143,"612569afac9baa5313aa08a7","66fbf9d935dbf9e9cfd29582","66fc20c8c0f88e30e1da8b2e","",,,"",,,"",,,"",,,"",,,"",,,"",,,,,"",,,"",,,,"",,,"","","",,,"","",,,,,,"","","",,,,,,,,,"",,,"",,,"",,,"",,,,"",,,"","","",,,"","",,,,,"","","",,,,,,,,,"",,,"",,,"",,,"",,,"",,,"",,,,,,,"",,,"","",,,,,,,,"",,,100,2.5969,100,3.8251,"space",3.5081,,"red_gnome","dark_forest","red_basket",0,12,12,7,1,3,1,"",,,,,,,
"","",,"","","","","","","",,"","","","","","","",,"","","","","","","",,"","","","","","","",,"","","","","","","",,"","","","","","","",,"","","","","","","",,"","","","","",845078,1,"2024-10-01_17h18.45.455","experiment","2023.2.3","Win32",71.42857143,"612569afac9baa5313aa08a7","66fbf9d935dbf9e9cfd29582","66fc20c8c0f88e30e1da8b2e","",,,"",,,"",,,"",,,"",,,"",,,"",,,,,"",,,"",,,,"",,,"","","",,,"","",,,,,,"","","",,,,,,,,,"",,,"",,,"",,,"",,,,"",,,"","","",,,"","",,,,,"","","",,,,,,,,,"",,,"",,,"",,,"",,,"",,,"",,,,,,,"",,,"","",,,,,,,,"",,,0,2.1749,100,6.0844,"space",5.7635,,"blue_gnome","dark_forest","red_basket",0,13,13,9,1,4,1,"",,,,,,,
"","",,"","","","","","","",,"","","","","","","",,"","","","","","","",,"","","","","","","",,"","","","","","","",,"","","","","","","",,"","","","","","","",,"","","","","",845078,1,"2024-10-01_17h18.45.455","experiment","2023.2.3","Win32",71.42857143,"612569afac9baa5313aa08a7","66fbf9d935dbf9e9cfd29582","66fc20c8c0f88e30e1da8b2e","",,,"",,,"",,,"",,,"",,,"",,,"",,,,,"",,,"",,,,"",,,"","","",,,"","",,,,,,"","","",,,,,,,,,"",,,"",,,"",,,"",,,,"",,,"","","",,,"","",,,,,"","","",,,,,,,,,"",,,"",,,"",,,"",,,"",,,"",,,,,,,"",,,"","",,,,,,,,"",,,0,3.4315,85.55556403,5.6191,"space",5.2522,,"purple_gnome","bright_forest","yellow_basket",0,14,14,10,1,5,0,"",,,,,,,
"","",,"","","","","","","",,"","","","","","","",,"","","","","","","",,"","","","","","","",,"","","","","","","",,"","","","","","","",,"","","","","","","",,"","","","","",845078,1,"2024-10-01_17h18.45.455","experiment","2023.2.3","Win32",71.42857143,"612569afac9baa5313aa08a7","66fbf9d935dbf9e9cfd29582","66fc20c8c0f88e30e1da8b2e","",,,"",,,"",,,"",,,"",,,"",,,"",,,,,"",,,"",,,,"",,,"","","",,,"","",,,,,,"","","",,,,,,,,,"",,,"",,,"",,,"",,,,"",,,"","","",,,"","",,,,,"","","",,,,,,,,,"",,,"",,,"",,,"",,,"",,,"",,,,,,,"",,,"","",,,,,,,,"",,,100,3.6322,32.12963387,4.9776,"space",4.7224,0.0024,"green_gnome","dark_forest","red_basket",0,15,15,3,1,1,1,"",,,,,,,
"","",,"","","","","","","",,"","","","","","","",,"","","","","","","",,"","","","","","","",,"","","","","","","",,"","","","","","","",,"","","","","","","",,"","","","","",845078,1,"2024-10-01_17h18.45.455","experiment","2023.2.3","Win32",71.42857143,"612569afac9baa5313aa08a7","66fbf9d935dbf9e9cfd29582","66fc20c8c0f88e30e1da8b2e","",,,"",,,"",,,"",,,"",,,"",,,"",,,,,"",,,"",,,,"",,,"","","",,,"","",,,,,,"","","",,,,,,,,,"",,,"",,,"",,,"",,,,"",,,"","","",,,"","",,,,,"","","",,,,,,,,,"",,,"",,,"",,,"",,,"",,,"",,,,,,,"",,,"","",,,,,,,,"",,,,,,,"",,,"","","",,,,,,,,"space",13.3763,,0,0,0,0,1
