parent_PID,stim1_name,stim1_file,stim1_pair,stim1_deact_file,stim1_step2_name,stim1_step2_file,stim1_step2_basket_name,stim1_step2_basket_file,stim2_name,stim2_file,stim2_pair,stim2_deact_file,stim2_step2_name,stim2_step2_file,stim2_step2_basket_name,stim2_step2_basket_file,stim3_name,stim3_file,stim3_pair,stim3_deact_file,stim3_step2_name,stim3_step2_file,stim3_step2_basket_name,stim3_step2_basket_file,stim4_name,stim4_file,stim4_pair,stim4_deact_file,stim4_step2_name,stim4_step2_file,stim4_step2_basket_name,stim4_step2_basket_file,stim5_name,stim5_file,stim5_pair,stim5_deact_file,stim5_step2_name,stim5_step2_file,stim5_step2_basket_name,stim5_step2_basket_file,stim6_name,stim6_file,stim6_pair,stim6_deact_file,stim6_step2_name,stim6_step2_file,stim6_step2_basket_name,stim6_step2_basket_file,stim7_name,stim7_file,stim7_pair,stim7_deact_file,stim7_step2_name,stim7_step2_file,stim7_step2_basket_name,stim7_step2_basket_file,stim8_name,stim8_file,stim8_pair,stim8_deact_file,stim8_step2_name,stim8_step2_file,stim8_step2_basket_name,stim8_step2_basket_file,participant,session,date,expName,psychopyVersion,OS,frameRate,PROLIFIC_PID,STUDY_ID,SESSION_ID,consent_keyresp.keys,consent_keyresp.rt,consent_keyresp.duration,global_instructions1_key.keys,global_instructions1_key.rt,global_instructions1_key.duration,global_instructions2_key.keys,global_instructions2_key.rt,global_instructions2_key.duration,global_instructions3_key.keys,global_instructions3_key.rt,global_instructions3_key.duration,global_instructions4_key.keys,global_instructions4_key.rt,global_instructions4_key.duration,stake_instructions_key.keys,stake_instructions_key.rt,stake_instructions_key.duration,global_instructions5_key.keys,global_instructions5_key.rt,global_instructions5_key.duration,p_fixation_2.started,p_fixation_2.stopped,p_step1_keyresp.keys,p_step1_keyresp.rt,p_step1_keyresp.duration,p_step2_keyresp.keys,p_step2_keyresp.rt,p_step2_keyresp.duration,p_step1_pair_index,p_step1_stimLeft_name,p_step1_stimLeft_pair,p_step1_stimLeft_reward,p_step1_stimLeft_step2Stim,p_step1_stimLeft_step2Basket,p_step1_stimRight_name,p_step1_stimRight_pair,p_step1_stimRight_reward,p_step1_stimRight_step2Stim,p_step1_stimRight_step2Basket,p_points,t_mult,p_fail_step1,p_fail_step2,p_reward_flag,p_step1_choice,p_step2_stim,p_step2_basket,p_score,practice.thisRepN,practice.thisTrialN,practice.thisN,practice.thisIndex,practice.ran,pair_index,p_mult,t_instructions_keyresp.keys,t_instructions_keyresp.rt,t_instructions_keyresp.duration,t_advice_reading.started,t_advice_reading.stopped,t_advice_mouse.x,t_advice_mouse.y,t_advice_mouse.leftButton,t_advice_mouse.midButton,t_advice_mouse.rightButton,t_advice_mouse.time,t_advice_mouse.clicked_name,t_advice_summary_textbox.text,t_advice_summary_mouse.x,t_advice_summary_mouse.y,t_advice_summary_mouse.leftButton,t_advice_summary_mouse.midButton,t_advice_summary_mouse.rightButton,t_advice_summary_mouse.time,t_advice_summary_mouse.clicked_name,t_instructions_2_keyresp.keys,t_instructions_2_keyresp.rt,t_instructions_2_keyresp.duration,t_step1_keyresp.keys,t_step1_pair_index,t_step1_stimLeft_name,t_step1_stimLeft_pair,t_step1_stimLeft_reward,t_step1_stimLeft_step2Stim,t_step1_stimLeft_step2Basket,t_step1_stimRight_name,t_step1_stimRight_pair,t_step1_stimRight_reward,t_step1_stimRight_step2Stim,t_step1_stimRight_step2Basket,t_points,t_fail_step1,t_fail_step2,t_reward_flag,t_step1_choice,t_step2_stim,t_step2_basket,globa_score,t_data_stimWalk0,t_data_stimWalk1,trials.thisRepN,trials.thisTrialN,trials.thisN,trials.thisIndex,trials.ran,t_step1_keyresp.rt,t_step1_keyresp.duration,t_step2_keyresp.keys,t_step2_keyresp.rt,t_step2_keyresp.duration,break_key_resp.keys,break_key_resp.rt,break_key_resp.duration,pl_global_instructions_keyresp.keys,pl_global_instructions_keyresp.rt,pl_global_instructions_keyresp.duration,vb_instructions_keyresp.keys,vb_instructions_keyresp.rt,vb_instructions_keyresp.duration,vb_instructions_2_keyresp.keys,vb_instructions_2_keyresp.rt,vb_instructions_2_keyresp.duration,vb_textbox.text,vb_mouse.x,vb_mouse.y,vb_mouse.leftButton,vb_mouse.midButton,vb_mouse.rightButton,vb_mouse.time,vb_mouse.clicked_name,pl1_instructions1_keyresp.keys,pl1_instructions1_keyresp.rt,pl1_instructions1_keyresp.duration,pl1_instructions2_keyresp.keys,pl1_instructions2_keyresp.rt,pl1_instructions2_keyresp.duration,pl1_instructions3_keyresp.keys,pl1_instructions3_keyresp.rt,pl1_instructions3_keyresp.duration,pl1_instructions4_keyresp.keys,pl1_instructions4_keyresp.rt,pl1_instructions4_keyresp.duration,pl1_task_lickert.response,pl1_task_lickert.rt,pl1_task_confidence_lickert.response,pl1_task_confidence_lickert.rt,pl1_task_keyresp.keys,pl1_task_keyresp.rt,pl1_task_keyresp.duration,pl1_task_stimLeft,pl1_task_stimRight,pl1_loop.thisRepN,pl1_loop.thisTrialN,pl1_loop.thisN,pl1_loop.thisIndex,pl1_loop.ran,stimLeft_index,stimRight_index,pl2_instructions_keyresp.keys,pl2_instructions_keyresp.rt,pl2_instructions_keyresp.duration,pl2_task_lickert.response,pl2_task_lickert.rt,pl2_task_confidence_lickert.response,pl2_task_confidence_lickert.rt,pl2_task_keyresp.keys,pl2_task_keyresp.rt,pl2_task_keyresp.duration,pl2_task_gnome,pl2_task_forest,pl2_task_basket,pl2_loop.thisRepN,pl2_loop.thisTrialN,pl2_loop.thisN,pl2_loop.thisIndex,pl2_loop.ran,gnome_id,forest_id,end_keyresp.keys,end_keyresp.rt,end_keyresp.duration,show_trials.thisRepN,show_trials.thisTrialN,show_trials.thisN,show_trials.thisIndex,show_trials.ran
37EXP37,orange_gnome,ressources/step1_stim8.png,1,ressources/step1_smallGnome_deact.png,bright_forest,ressources/step2_background1.png,red_basket,ressources/step2_stim2.png,brown_gnome,ressources/step1_stim1.png,1,ressources/step1_tallGnome_deact.png,dark_forest,ressources/step2_background2.png,yellow_basket,ressources/step2_stim1.png,green_gnome,ressources/step1_stim5.png,2,ressources/step1_smallGnome_deact.png,bright_forest,ressources/step2_background1.png,red_basket,ressources/step2_stim2.png,pink_gnome,ressources/step1_stim3.png,2,ressources/step1_tallGnome_deact.png,dark_forest,ressources/step2_background2.png,yellow_basket,ressources/step2_stim1.png,red_gnome,ressources/step1_stim6.png,3,ressources/step1_smallGnome_deact.png,bright_forest,ressources/step2_background1.png,red_basket,ressources/step2_stim2.png,yellow_gnome,ressources/step1_stim7.png,3,ressources/step1_smallGnome_deact.png,dark_forest,ressources/step2_background2.png,yellow_basket,ressources/step2_stim1.png,blue_gnome,ressources/step1_stim4.png,4,ressources/step1_tallGnome_deact.png,bright_forest,ressources/step2_background1.png,red_basket,ressources/step2_stim2.png,purple_gnome,ressources/step1_stim2.png,4,ressources/step1_tallGnome_deact.png,dark_forest,ressources/step2_background2.png,yellow_basket,ressources/step2_stim1.png,016778,001,2024-05-16_18h54.20.045,experiment,2023.2.3,Win32,60.24096386,66415fdcc304dc7b28317cab,6644f019e4b599e96769a32b,664647c9d56b9a0c822fcd07,,,,,,,,,,,,,,,,,,,,,,,,,,,,,,,,,,,,,,,,,,,,,,,,,,,,,,,,,,,,,,,,,,,,,,,,,,,,,,,,,,,,,,,,,,,,,,,,,,,,,,,,,,,,,,,,,,,,,,,,,,,,,,,,,,,,,,,,,,,,,,,,,,,,,,,,,,,,,,,,,,,,,,,,,,,,,,,,,,,,,,,,,,,
,,,,,,,,,,,,,,,,,,,,,,,,,,,,,,,,,,,,,,,,,,,,,,,,,,,,,,,,,,,,,,,,,016778,001,2024-05-16_18h54.20.045,experiment,2023.2.3,Win32,60.24096386,66415fdcc304dc7b28317cab,6644f019e4b599e96769a32b,664647c9d56b9a0c822fcd07,y,29.144,,,,,,,,,,,,,,,,,,,,,,,,,,,,,,,,,,,,,,,,,,,,,,,,,,,,,,,,,,,,,,,,,,,,,,,,,,,,,,,,,,,,,,,,,,,,,,,,,,,,,,,,,,,,,,,,,,,,,,,,,,,,,,,,,,,,,,,,,,,,,,,,,,,,,,,,,,,,,,,,,,,,,,,,,,,,,,,,,,,,,,,,,
,,,,,,,,,,,,,,,,,,,,,,,,,,,,,,,,,,,,,,,,,,,,,,,,,,,,,,,,,,,,,,,,,016778,001,2024-05-16_18h54.20.045,experiment,2023.2.3,Win32,60.24096386,66415fdcc304dc7b28317cab,6644f019e4b599e96769a32b,664647c9d56b9a0c822fcd07,,,,space,13.8817,,space,35.4258,,space,60.314,,space,21.0915,,space,36.048,,space,45.2445,,242.7768,243.2933,s,0.8806,,space,0.6535,,1,p_blue_gnome,1,5,p_green_forest,p_blue_basket,p_pink_gnome,1,0,p_yellow_forest,p_green_basket,5,1,0,0,1,p_blue_gnome,p_green_forest,p_blue_basket,5,0,0,0,0,1,1,1,,,,,,,,,,,,,,,,,,,,,,,,,,,,,,,,,,,,,,,,,,,,,,,,,,,,,,,,,,,,,,,,,,,,,,,,,,,,,,,,,,,,,,,,,,,,,,,,,,,,,,,,,,,,,,,,,,,,,,,,,,,,,,,,,,,
,,,,,,,,,,,,,,,,,,,,,,,,,,,,,,,,,,,,,,,,,,,,,,,,,,,,,,,,,,,,,,,,,016778,001,2024-05-16_18h54.20.045,experiment,2023.2.3,Win32,60.24096386,66415fdcc304dc7b28317cab,6644f019e4b599e96769a32b,664647c9d56b9a0c822fcd07,,,,,,,,,,,,,,,,,,,,,,249.8927,250.4082,k,0.5264,,space,0.4281,,1,p_pink_gnome,1,0,p_yellow_forest,p_green_basket,p_blue_gnome,1,5,p_green_forest,p_blue_basket,5,1,0,0,1,p_blue_gnome,p_green_forest,p_blue_basket,10,0,1,1,0,1,1,1,,,,,,,,,,,,,,,,,,,,,,,,,,,,,,,,,,,,,,,,,,,,,,,,,,,,,,,,,,,,,,,,,,,,,,,,,,,,,,,,,,,,,,,,,,,,,,,,,,,,,,,,,,,,,,,,,,,,,,,,,,,,,,,,,,,
,,,,,,,,,,,,,,,,,,,,,,,,,,,,,,,,,,,,,,,,,,,,,,,,,,,,,,,,,,,,,,,,,016778,001,2024-05-16_18h54.20.045,experiment,2023.2.3,Win32,60.24096386,66415fdcc304dc7b28317cab,6644f019e4b599e96769a32b,664647c9d56b9a0c822fcd07,,,,,,,,,,,,,,,,,,,,,,257.0611,257.574,s,0.8209,,space,0.6551,,2,p_orange_gnome,2,0,p_yellow_forest,p_green_basket,p_green_gnome,2,5,p_green_forest,p_blue_basket,0,1,0,0,1,p_orange_gnome,p_yellow_forest,p_green_basket,10,0,2,2,1,1,2,1,,,,,,,,,,,,,,,,,,,,,,,,,,,,,,,,,,,,,,,,,,,,,,,,,,,,,,,,,,,,,,,,,,,,,,,,,,,,,,,,,,,,,,,,,,,,,,,,,,,,,,,,,,,,,,,,,,,,,,,,,,,,,,,,,,,
,,,,,,,,,,,,,,,,,,,,,,,,,,,,,,,,,,,,,,,,,,,,,,,,,,,,,,,,,,,,,,,,,016778,001,2024-05-16_18h54.20.045,experiment,2023.2.3,Win32,60.24096386,66415fdcc304dc7b28317cab,6644f019e4b599e96769a32b,664647c9d56b9a0c822fcd07,,,,,,,,,,,,,,,,,,,,,,264.1538,264.6567,k,0.4378,,space,0.9161,,2,p_orange_gnome,2,0,p_yellow_forest,p_green_basket,p_green_gnome,2,5,p_green_forest,p_blue_basket,25,5,0,0,1,p_green_gnome,p_green_forest,p_blue_basket,35,0,3,3,3,1,2,5,,,,,,,,,,,,,,,,,,,,,,,,,,,,,,,,,,,,,,,,,,,,,,,,,,,,,,,,,,,,,,,,,,,,,,,,,,,,,,,,,,,,,,,,,,,,,,,,,,,,,,,,,,,,,,,,,,,,,,,,,,,,,,,,,,,
,,,,,,,,,,,,,,,,,,,,,,,,,,,,,,,,,,,,,,,,,,,,,,,,,,,,,,,,,,,,,,,,,016778,001,2024-05-16_18h54.20.045,experiment,2023.2.3,Win32,60.24096386,66415fdcc304dc7b28317cab,6644f019e4b599e96769a32b,664647c9d56b9a0c822fcd07,,,,,,,,,,,,,,,,,,,,,,271.2532,271.7565,k,0.497,,space,0.9703,,2,p_green_gnome,2,6,p_green_forest,p_blue_basket,p_orange_gnome,2,1,p_yellow_forest,p_green_basket,5,5,0,0,1,p_orange_gnome,p_yellow_forest,p_green_basket,40,1,0,4,3,1,2,5,,,,,,,,,,,,,,,,,,,,,,,,,,,,,,,,,,,,,,,,,,,,,,,,,,,,,,,,,,,,,,,,,,,,,,,,,,,,,,,,,,,,,,,,,,,,,,,,,,,,,,,,,,,,,,,,,,,,,,,,,,,,,,,,,,,
,,,,,,,,,,,,,,,,,,,,,,,,,,,,,,,,,,,,,,,,,,,,,,,,,,,,,,,,,,,,,,,,,016778,001,2024-05-16_18h54.20.045,experiment,2023.2.3,Win32,60.24096386,66415fdcc304dc7b28317cab,6644f019e4b599e96769a32b,664647c9d56b9a0c822fcd07,,,,,,,,,,,,,,,,,,,,,,278.3527,278.8555,k,0.4282,,space,0.546,,1,p_pink_gnome,1,1,p_yellow_forest,p_green_basket,p_blue_gnome,1,6,p_green_forest,p_blue_basket,6,1,0,0,1,p_blue_gnome,p_green_forest,p_blue_basket,46,1,1,5,0,1,1,1,,,,,,,,,,,,,,,,,,,,,,,,,,,,,,,,,,,,,,,,,,,,,,,,,,,,,,,,,,,,,,,,,,,,,,,,,,,,,,,,,,,,,,,,,,,,,,,,,,,,,,,,,,,,,,,,,,,,,,,,,,,,,,,,,,,
,,,,,,,,,,,,,,,,,,,,,,,,,,,,,,,,,,,,,,,,,,,,,,,,,,,,,,,,,,,,,,,,,016778,001,2024-05-16_18h54.20.045,experiment,2023.2.3,Win32,60.24096386,66415fdcc304dc7b28317cab,6644f019e4b599e96769a32b,664647c9d56b9a0c822fcd07,,,,,,,,,,,,,,,,,,,,,,285.4457,285.9558,s,0.5202,,space,0.5171,,2,p_orange_gnome,2,1,p_yellow_forest,p_green_basket,p_green_gnome,2,6,p_green_forest,p_blue_basket,5,5,0,0,1,p_orange_gnome,p_yellow_forest,p_green_basket,51,1,2,6,3,1,2,5,,,,,,,,,,,,,,,,,,,,,,,,,,,,,,,,,,,,,,,,,,,,,,,,,,,,,,,,,,,,,,,,,,,,,,,,,,,,,,,,,,,,,,,,,,,,,,,,,,,,,,,,,,,,,,,,,,,,,,,,,,,,,,,,,,,
,,,,,,,,,,,,,,,,,,,,,,,,,,,,,,,,,,,,,,,,,,,,,,,,,,,,,,,,,,,,,,,,,016778,001,2024-05-16_18h54.20.045,experiment,2023.2.3,Win32,60.24096386,66415fdcc304dc7b28317cab,6644f019e4b599e96769a32b,664647c9d56b9a0c822fcd07,,,,,,,,,,,,,,,,,,,,,,292.5556,293.0711,s,0.3983,,space,1.1556,,1,p_pink_gnome,1,1,p_yellow_forest,p_green_basket,p_blue_gnome,1,6,p_green_forest,p_blue_basket,5,5,0,0,1,p_pink_gnome,p_yellow_forest,p_green_basket,56,1,3,7,2,1,1,5,,,,,,,,,,,,,,,,,,,,,,,,,,,,,,,,,,,,,,,,,,,,,,,,,,,,,,,,,,,,,,,,,,,,,,,,,,,,,,,,,,,,,,,,,,,,,,,,,,,,,,,,,,,,,,,,,,,,,,,,,,,,,,,,,,,
,,,,,,,,,,,,,,,,,,,,,,,,,,,,,,,,,,,,,,,,,,,,,,,,,,,,,,,,,,,,,,,,,016778,001,2024-05-16_18h54.20.045,experiment,2023.2.3,Win32,60.24096386,66415fdcc304dc7b28317cab,6644f019e4b599e96769a32b,664647c9d56b9a0c822fcd07,,,,,,,,,,,,,,,,,,,,,,299.6502,300.1538,k,0.5384,,space,1.246,,1,p_blue_gnome,1,7,p_green_forest,p_blue_basket,p_pink_gnome,1,2,p_yellow_forest,p_green_basket,10,5,0,0,1,p_pink_gnome,p_yellow_forest,p_green_basket,66,2,0,8,2,1,1,5,,,,,,,,,,,,,,,,,,,,,,,,,,,,,,,,,,,,,,,,,,,,,,,,,,,,,,,,,,,,,,,,,,,,,,,,,,,,,,,,,,,,,,,,,,,,,,,,,,,,,,,,,,,,,,,,,,,,,,,,,,,,,,,,,,,
,,,,,,,,,,,,,,,,,,,,,,,,,,,,,,,,,,,,,,,,,,,,,,,,,,,,,,,,,,,,,,,,,016778,001,2024-05-16_18h54.20.045,experiment,2023.2.3,Win32,60.24096386,66415fdcc304dc7b28317cab,6644f019e4b599e96769a32b,664647c9d56b9a0c822fcd07,,,,,,,,,,,,,,,,,,,,,,306.7349,307.2365,k,1.055,,space,1.3137,,1,p_blue_gnome,1,7,p_green_forest,p_blue_basket,p_pink_gnome,1,2,p_yellow_forest,p_green_basket,10,5,0,0,1,p_pink_gnome,p_yellow_forest,p_green_basket,76,2,1,9,2,1,1,5,,,,,,,,,,,,,,,,,,,,,,,,,,,,,,,,,,,,,,,,,,,,,,,,,,,,,,,,,,,,,,,,,,,,,,,,,,,,,,,,,,,,,,,,,,,,,,,,,,,,,,,,,,,,,,,,,,,,,,,,,,,,,,,,,,,
,,,,,,,,,,,,,,,,,,,,,,,,,,,,,,,,,,,,,,,,,,,,,,,,,,,,,,,,,,,,,,,,,016778,001,2024-05-16_18h54.20.045,experiment,2023.2.3,Win32,60.24096386,66415fdcc304dc7b28317cab,6644f019e4b599e96769a32b,664647c9d56b9a0c822fcd07,,,,,,,,,,,,,,,,,,,,,,313.8015,314.3028,s,0.6233,,space,0.6586,,1,p_pink_gnome,1,2,p_yellow_forest,p_green_basket,p_blue_gnome,1,7,p_green_forest,p_blue_basket,2,1,0,0,1,p_pink_gnome,p_yellow_forest,p_green_basket,78,2,2,10,0,1,1,1,,,,,,,,,,,,,,,,,,,,,,,,,,,,,,,,,,,,,,,,,,,,,,,,,,,,,,,,,,,,,,,,,,,,,,,,,,,,,,,,,,,,,,,,,,,,,,,,,,,,,,,,,,,,,,,,,,,,,,,,,,,,,,,,,,,
,,,,,,,,,,,,,,,,,,,,,,,,,,,,,,,,,,,,,,,,,,,,,,,,,,,,,,,,,,,,,,,,,016778,001,2024-05-16_18h54.20.045,experiment,2023.2.3,Win32,60.24096386,66415fdcc304dc7b28317cab,6644f019e4b599e96769a32b,664647c9d56b9a0c822fcd07,,,,,,,,,,,,,,,,,,,,,,320.8676,321.3688,s,0.5933,,space,0.8219,,1,p_pink_gnome,1,2,p_yellow_forest,p_green_basket,p_blue_gnome,1,7,p_green_forest,p_blue_basket,10,5,0,0,1,p_pink_gnome,p_yellow_forest,p_green_basket,88,2,3,11,2,1,1,5,,,,,,,,,,,,,,,,,,,,,,,,,,,,,,,,,,,,,,,,,,,,,,,,,,,,,,,,,,,,,,,,,,,,,,,,,,,,,,,,,,,,,,,,,,,,,,,,,,,,,,,,,,,,,,,,,,,,,,,,,,,,,,,,,,,
,,,,,,,,,,,,,,,,,,,,,,,,,,,,,,,,,,,,,,,,,,,,,,,,,,,,,,,,,,,,,,,,,016778,001,2024-05-16_18h54.20.045,experiment,2023.2.3,Win32,60.24096386,66415fdcc304dc7b28317cab,6644f019e4b599e96769a32b,664647c9d56b9a0c822fcd07,,,,,,,,,,,,,,,,,,,,,,327.9323,328.4349,k,0.527,,space,0.8053,,1,p_blue_gnome,1,8,p_green_forest,p_blue_basket,p_pink_gnome,1,3,p_yellow_forest,p_green_basket,3,1,0,0,1,p_pink_gnome,p_yellow_forest,p_green_basket,91,3,0,12,0,1,1,1,,,,,,,,,,,,,,,,,,,,,,,,,,,,,,,,,,,,,,,,,,,,,,,,,,,,,,,,,,,,,,,,,,,,,,,,,,,,,,,,,,,,,,,,,,,,,,,,,,,,,,,,,,,,,,,,,,,,,,,,,,,,,,,,,,,
,,,,,,,,,,,,,,,,,,,,,,,,,,,,,,,,,,,,,,,,,,,,,,,,,,,,,,,,,,,,,,,,,016778,001,2024-05-16_18h54.20.045,experiment,2023.2.3,Win32,60.24096386,66415fdcc304dc7b28317cab,6644f019e4b599e96769a32b,664647c9d56b9a0c822fcd07,,,,,,,,,,,,,,,,,,,,,,335.0201,335.5345,s,0.8384,,space,0.6764,,2,p_green_gnome,2,8,p_green_forest,p_blue_basket,p_orange_gnome,2,3,p_yellow_forest,p_green_basket,8,1,0,0,1,p_green_gnome,p_green_forest,p_blue_basket,99,3,1,13,1,1,2,1,,,,,,,,,,,,,,,,,,,,,,,,,,,,,,,,,,,,,,,,,,,,,,,,,,,,,,,,,,,,,,,,,,,,,,,,,,,,,,,,,,,,,,,,,,,,,,,,,,,,,,,,,,,,,,,,,,,,,,,,,,,,,,,,,,,
,,,,,,,,,,,,,,,,,,,,,,,,,,,,,,,,,,,,,,,,,,,,,,,,,,,,,,,,,,,,,,,,,016778,001,2024-05-16_18h54.20.045,experiment,2023.2.3,Win32,60.24096386,66415fdcc304dc7b28317cab,6644f019e4b599e96769a32b,664647c9d56b9a0c822fcd07,,,,,,,,,,,,,,,,,,,,,,342.1318,342.6344,s,0.8737,,space,0.8522,,2,p_green_gnome,2,8,p_green_forest,p_blue_basket,p_orange_gnome,2,3,p_yellow_forest,p_green_basket,40,5,0,0,1,p_green_gnome,p_green_forest,p_blue_basket,139,3,2,14,3,1,2,5,,,,,,,,,,,,,,,,,,,,,,,,,,,,,,,,,,,,,,,,,,,,,,,,,,,,,,,,,,,,,,,,,,,,,,,,,,,,,,,,,,,,,,,,,,,,,,,,,,,,,,,,,,,,,,,,,,,,,,,,,,,,,,,,,,,
,,,,,,,,,,,,,,,,,,,,,,,,,,,,,,,,,,,,,,,,,,,,,,,,,,,,,,,,,,,,,,,,,016778,001,2024-05-16_18h54.20.045,experiment,2023.2.3,Win32,60.24096386,66415fdcc304dc7b28317cab,6644f019e4b599e96769a32b,664647c9d56b9a0c822fcd07,,,,,,,,,,,,,,,,,,,,,,349.2197,349.7335,k,1.2285,,space,0.6603,,2,p_orange_gnome,2,3,p_yellow_forest,p_green_basket,p_green_gnome,2,8,p_green_forest,p_blue_basket,8,1,0,0,1,p_green_gnome,p_green_forest,p_blue_basket,147,3,3,15,1,1,2,1,,,,,,,,,,,,,,,,,,,,,,,,,,,,,,,,,,,,,,,,,,,,,,,,,,,,,,,,,,,,,,,,,,,,,,,,,,,,,,,,,,,,,,,,,,,,,,,,,,,,,,,,,,,,,,,,,,,,,,,,,,,,,,,,,,,
,,,,,,,,,,,,,,,,,,,,,,,,,,,,,,,,,,,,,,,,,,,,,,,,,,,,,,,,,,,,,,,,,016778,001,2024-05-16_18h54.20.045,experiment,2023.2.3,Win32,60.24096386,66415fdcc304dc7b28317cab,6644f019e4b599e96769a32b,664647c9d56b9a0c822fcd07,,,,,,,,,,,,,,,,,,,,,,356.2978,356.7995,s,0.7465,,space,0.521,,2,p_green_gnome,2,9,p_green_forest,p_blue_basket,p_orange_gnome,2,4,p_yellow_forest,p_green_basket,45,5,0,0,1,p_green_gnome,p_green_forest,p_blue_basket,192,4,0,16,3,1,2,5,,,,,,,,,,,,,,,,,,,,,,,,,,,,,,,,,,,,,,,,,,,,,,,,,,,,,,,,,,,,,,,,,,,,,,,,,,,,,,,,,,,,,,,,,,,,,,,,,,,,,,,,,,,,,,,,,,,,,,,,,,,,,,,,,,,
,,,,,,,,,,,,,,,,,,,,,,,,,,,,,,,,,,,,,,,,,,,,,,,,,,,,,,,,,,,,,,,,,016778,001,2024-05-16_18h54.20.045,experiment,2023.2.3,Win32,60.24096386,66415fdcc304dc7b28317cab,6644f019e4b599e96769a32b,664647c9d56b9a0c822fcd07,,,,,,,,,,,,,,,,,,,,,,363.372,363.8828,s,0.7233,,space,0.7524,,2,p_green_gnome,2,9,p_green_forest,p_blue_basket,p_orange_gnome,2,4,p_yellow_forest,p_green_basket,9,1,0,0,1,p_green_gnome,p_green_forest,p_blue_basket,201,4,1,17,1,1,2,1,,,,,,,,,,,,,,,,,,,,,,,,,,,,,,,,,,,,,,,,,,,,,,,,,,,,,,,,,,,,,,,,,,,,,,,,,,,,,,,,,,,,,,,,,,,,,,,,,,,,,,,,,,,,,,,,,,,,,,,,,,,,,,,,,,,
,,,,,,,,,,,,,,,,,,,,,,,,,,,,,,,,,,,,,,,,,,,,,,,,,,,,,,,,,,,,,,,,,016778,001,2024-05-16_18h54.20.045,experiment,2023.2.3,Win32,60.24096386,66415fdcc304dc7b28317cab,6644f019e4b599e96769a32b,664647c9d56b9a0c822fcd07,,,,,,,,,,,,,,,,,,,,,,370.4651,370.9819,s,0.7727,,space,0.6398,,1,p_blue_gnome,1,9,p_green_forest,p_blue_basket,p_pink_gnome,1,4,p_yellow_forest,p_green_basket,45,5,0,0,1,p_blue_gnome,p_green_forest,p_blue_basket,246,4,2,18,2,1,1,5,,,,,,,,,,,,,,,,,,,,,,,,,,,,,,,,,,,,,,,,,,,,,,,,,,,,,,,,,,,,,,,,,,,,,,,,,,,,,,,,,,,,,,,,,,,,,,,,,,,,,,,,,,,,,,,,,,,,,,,,,,,,,,,,,,,
,,,,,,,,,,,,,,,,,,,,,,,,,,,,,,,,,,,,,,,,,,,,,,,,,,,,,,,,,,,,,,,,,016778,001,2024-05-16_18h54.20.045,experiment,2023.2.3,Win32,60.24096386,66415fdcc304dc7b28317cab,6644f019e4b599e96769a32b,664647c9d56b9a0c822fcd07,,,,,,,,,,,,,,,,,,,,,,377.5707,378.0821,k,1.1576,,space,0.6804,,2,p_orange_gnome,2,4,p_yellow_forest,p_green_basket,p_green_gnome,2,9,p_green_forest,p_blue_basket,9,1,0,0,1,p_green_gnome,p_green_forest,p_blue_basket,255,4,3,19,1,1,2,1,,,,,,,,,,,,,,,,,,,,,,,,,,,,,,,,,,,,,,,,,,,,,,,,,,,,,,,,,,,,,,,,,,,,,,,,,,,,,,,,,,,,,,,,,,,,,,,,,,,,,,,,,,,,,,,,,,,,,,,,,,,,,,,,,,,
,,,,,,,,,,,,,,,,,,,,,,,,,,,,,,,,,,,,,,,,,,,,,,,,,,,,,,,,,,,,,,,,,016778,001,2024-05-16_18h54.20.045,experiment,2023.2.3,Win32,60.24096386,66415fdcc304dc7b28317cab,6644f019e4b599e96769a32b,664647c9d56b9a0c822fcd07,,,,,,,,,,,,,,,,,,,,,,,,,,,,,,,,,,,,,,,,,,5,,,,,,,,,,,,,1,,space,51.2237,,435.8851,611.4156,0.598958333,-0.315104167,1,0,0,175.4892,t_advice_finished_typing_rect,"The gnome appears in pairs of colours, each colour leads to the bright and dark forest, recognizing which colour leads to what forest is important to the success of the game regardless of the size or position of the gnome, it is imperative to focus on taking note of the colours.",0.361979167,0.302083333,1,0,0,88.5959,vb_finished_typing_rect,space,8.729,,,1,brown_gnome,1,9,dark_forest,yellow_basket,orange_gnome,1,4,bright_forest,red_basket,0,1,0,0,,,,0,1,-4,0,0,0,4,1,,,,,,,,,,,,,,,,,,,,,,,,,,,,,,,,,,,,,,,,,,,,,,,,,,,,,,,,,,,,,,,,,,,,,,,,,,,,,,,,,
,,,,,,,,,,,,,,,,,,,,,,,,,,,,,,,,,,,,,,,,,,,,,,,,,,,,,,,,,,,,,,,,,016778,001,2024-05-16_18h54.20.045,experiment,2023.2.3,Win32,60.24096386,66415fdcc304dc7b28317cab,6644f019e4b599e96769a32b,664647c9d56b9a0c822fcd07,,,,,,,,,,,,,,,,,,,,,,,,,,,,,,,,,,,,,,,,,,5,,,,,,,,,,,,,1,,,,,,,,,,,,,,,,,,,,,,,,,k,1,brown_gnome,1,5,dark_forest,yellow_basket,orange_gnome,1,5,bright_forest,red_basket,25,0,0,1,orange_gnome,bright_forest,red_basket,25,2,2,0,1,1,4,1,0.8216,,space,0.6186,,,,,,,,,,,,,,,,,,,,,,,,,,,,,,,,,,,,,,,,,,,,,,,,,,,,,,,,,,,,,,,,,,,,,,,,,,,,,
,,,,,,,,,,,,,,,,,,,,,,,,,,,,,,,,,,,,,,,,,,,,,,,,,,,,,,,,,,,,,,,,,016778,001,2024-05-16_18h54.20.045,experiment,2023.2.3,Win32,60.24096386,66415fdcc304dc7b28317cab,6644f019e4b599e96769a32b,664647c9d56b9a0c822fcd07,,,,,,,,,,,,,,,,,,,,,,,,,,,,,,,,,,,,,,,,,,1,,,,,,,,,,,,,3,,,,,,,,,,,,,,,,,,,,,,,,,k,3,yellow_gnome,3,7,dark_forest,yellow_basket,red_gnome,3,7,bright_forest,red_basket,7,0,0,1,red_gnome,bright_forest,red_basket,32,1,0,0,2,2,2,1,1.1391,,space,0.6141,,,,,,,,,,,,,,,,,,,,,,,,,,,,,,,,,,,,,,,,,,,,,,,,,,,,,,,,,,,,,,,,,,,,,,,,,,,,,
,,,,,,,,,,,,,,,,,,,,,,,,,,,,,,,,,,,,,,,,,,,,,,,,,,,,,,,,,,,,,,,,,016778,001,2024-05-16_18h54.20.045,experiment,2023.2.3,Win32,60.24096386,66415fdcc304dc7b28317cab,6644f019e4b599e96769a32b,664647c9d56b9a0c822fcd07,,,,,,,,,,,,,,,,,,,,,,,,,,,,,,,,,,,,,,,,,,1,,,,,,,,,,,,,3,,,,,,,,,,,,,,,,,,,,,,,,,k,3,yellow_gnome,3,7,dark_forest,yellow_basket,red_gnome,3,8,bright_forest,red_basket,8,0,0,1,red_gnome,bright_forest,red_basket,40,0,0,0,3,3,2,1,0.914,,space,0.7204,,,,,,,,,,,,,,,,,,,,,,,,,,,,,,,,,,,,,,,,,,,,,,,,,,,,,,,,,,,,,,,,,,,,,,,,,,,,,
,,,,,,,,,,,,,,,,,,,,,,,,,,,,,,,,,,,,,,,,,,,,,,,,,,,,,,,,,,,,,,,,,016778,001,2024-05-16_18h54.20.045,experiment,2023.2.3,Win32,60.24096386,66415fdcc304dc7b28317cab,6644f019e4b599e96769a32b,664647c9d56b9a0c822fcd07,,,,,,,,,,,,,,,,,,,,,,,,,,,,,,,,,,,,,,,,,,1,,,,,,,,,,,,,3,,,,,,,,,,,,,,,,,,,,,,,,,,3,yellow_gnome,3,7,dark_forest,yellow_basket,red_gnome,3,8,bright_forest,red_basket,0,1,0,0,,bright_forest,red_basket,40,0,-5,0,4,4,2,1,,,,,,,,,,,,,,,,,,,,,,,,,,,,,,,,,,,,,,,,,,,,,,,,,,,,,,,,,,,,,,,,,,,,,,,,,,,,,,,,,
,,,,,,,,,,,,,,,,,,,,,,,,,,,,,,,,,,,,,,,,,,,,,,,,,,,,,,,,,,,,,,,,,016778,001,2024-05-16_18h54.20.045,experiment,2023.2.3,Win32,60.24096386,66415fdcc304dc7b28317cab,6644f019e4b599e96769a32b,664647c9d56b9a0c822fcd07,,,,,,,,,,,,,,,,,,,,,,,,,,,,,,,,,,,,,,,,,,5,,,,,,,,,,,,,4,,,,,,,,,,,,,,,,,,,,,,,,,s,4,blue_gnome,4,8,bright_forest,red_basket,purple_gnome,4,2,dark_forest,yellow_basket,40,0,0,1,blue_gnome,bright_forest,red_basket,80,3,-2,0,5,5,7,1,1.337,,space,1.1567,,,,,,,,,,,,,,,,,,,,,,,,,,,,,,,,,,,,,,,,,,,,,,,,,,,,,,,,,,,,,,,,,,,,,,,,,,,,,
,,,,,,,,,,,,,,,,,,,,,,,,,,,,,,,,,,,,,,,,,,,,,,,,,,,,,,,,,,,,,,,,,016778,001,2024-05-16_18h54.20.045,experiment,2023.2.3,Win32,60.24096386,66415fdcc304dc7b28317cab,6644f019e4b599e96769a32b,664647c9d56b9a0c822fcd07,,,,,,,,,,,,,,,,,,,,,,,,,,,,,,,,,,,,,,,,,,1,,,,,,,,,,,,,3,,,,,,,,,,,,,,,,,,,,,,,,,,3,yellow_gnome,3,0,dark_forest,yellow_basket,red_gnome,3,7,bright_forest,red_basket,0,1,0,0,,bright_forest,red_basket,80,-4,0,0,6,6,2,1,,,,,,,,,,,,,,,,,,,,,,,,,,,,,,,,,,,,,,,,,,,,,,,,,,,,,,,,,,,,,,,,,,,,,,,,,,,,,,,,,
,,,,,,,,,,,,,,,,,,,,,,,,,,,,,,,,,,,,,,,,,,,,,,,,,,,,,,,,,,,,,,,,,016778,001,2024-05-16_18h54.20.045,experiment,2023.2.3,Win32,60.24096386,66415fdcc304dc7b28317cab,6644f019e4b599e96769a32b,664647c9d56b9a0c822fcd07,,,,,,,,,,,,,,,,,,,,,,,,,,,,,,,,,,,,,,,,,,1,,,,,,,,,,,,,1,,,,,,,,,,,,,,,,,,,,,,,,,k,1,brown_gnome,1,0,dark_forest,yellow_basket,orange_gnome,1,3,bright_forest,red_basket,3,0,0,1,orange_gnome,bright_forest,red_basket,83,-2,-1,0,7,7,0,1,1.2234,,space,0.8567,,,,,,,,,,,,,,,,,,,,,,,,,,,,,,,,,,,,,,,,,,,,,,,,,,,,,,,,,,,,,,,,,,,,,,,,,,,,,
,,,,,,,,,,,,,,,,,,,,,,,,,,,,,,,,,,,,,,,,,,,,,,,,,,,,,,,,,,,,,,,,,016778,001,2024-05-16_18h54.20.045,experiment,2023.2.3,Win32,60.24096386,66415fdcc304dc7b28317cab,6644f019e4b599e96769a32b,664647c9d56b9a0c822fcd07,,,,,,,,,,,,,,,,,,,,,,,,,,,,,,,,,,,,,,,,,,5,,,,,,,,,,,,,1,,,,,,,,,,,,,,,,,,,,,,,,,k,1,brown_gnome,1,1,dark_forest,yellow_basket,orange_gnome,1,1,bright_forest,red_basket,5,0,0,1,orange_gnome,bright_forest,red_basket,88,-1,1,1,0,8,4,1,0.894,,space,1.2922,,,,,,,,,,,,,,,,,,,,,,,,,,,,,,,,,,,,,,,,,,,,,,,,,,,,,,,,,,,,,,,,,,,,,,,,,,,,,
,,,,,,,,,,,,,,,,,,,,,,,,,,,,,,,,,,,,,,,,,,,,,,,,,,,,,,,,,,,,,,,,,016778,001,2024-05-16_18h54.20.045,experiment,2023.2.3,Win32,60.24096386,66415fdcc304dc7b28317cab,6644f019e4b599e96769a32b,664647c9d56b9a0c822fcd07,,,,,,,,,,,,,,,,,,,,,,,,,,,,,,,,,,,,,,,,,,1,,,,,,,,,,,,,1,,,,,,,,,,,,,,,,,,,,,,,,,s,1,brown_gnome,1,2,dark_forest,yellow_basket,orange_gnome,1,0,bright_forest,red_basket,2,0,0,1,brown_gnome,dark_forest,yellow_basket,90,2,2,1,1,9,0,1,1.2924,,space,0.6378,,,,,,,,,,,,,,,,,,,,,,,,,,,,,,,,,,,,,,,,,,,,,,,,,,,,,,,,,,,,,,,,,,,,,,,,,,,,,
,,,,,,,,,,,,,,,,,,,,,,,,,,,,,,,,,,,,,,,,,,,,,,,,,,,,,,,,,,,,,,,,,016778,001,2024-05-16_18h54.20.045,experiment,2023.2.3,Win32,60.24096386,66415fdcc304dc7b28317cab,6644f019e4b599e96769a32b,664647c9d56b9a0c822fcd07,,,,,,,,,,,,,,,,,,,,,,,,,,,,,,,,,,,,,,,,,,5,,,,,,,,,,,,,2,,,,,,,,,,,,,,,,,,,,,,,,,k,2,pink_gnome,2,4,dark_forest,yellow_basket,green_gnome,2,2,bright_forest,red_basket,10,0,0,1,green_gnome,bright_forest,red_basket,100,1,1,1,2,10,5,1,1.0555,,space,0.8569,,,,,,,,,,,,,,,,,,,,,,,,,,,,,,,,,,,,,,,,,,,,,,,,,,,,,,,,,,,,,,,,,,,,,,,,,,,,,
,,,,,,,,,,,,,,,,,,,,,,,,,,,,,,,,,,,,,,,,,,,,,,,,,,,,,,,,,,,,,,,,,016778,001,2024-05-16_18h54.20.045,experiment,2023.2.3,Win32,60.24096386,66415fdcc304dc7b28317cab,6644f019e4b599e96769a32b,664647c9d56b9a0c822fcd07,,,,,,,,,,,,,,,,,,,,,,,,,,,,,,,,,,,,,,,,,,1,,,,,,,,,,,,,3,,,,,,,,,,,,,,,,,,,,,,,,,,3,red_gnome,3,3,bright_forest,red_basket,yellow_gnome,3,5,dark_forest,yellow_basket,0,1,0,0,,bright_forest,red_basket,100,-1,4,1,3,11,2,1,,,,,,,,,,,,,,,,,,,,,,,,,,,,,,,,,,,,,,,,,,,,,,,,,,,,,,,,,,,,,,,,,,,,,,,,,,,,,,,,,
,,,,,,,,,,,,,,,,,,,,,,,,,,,,,,,,,,,,,,,,,,,,,,,,,,,,,,,,,,,,,,,,,016778,001,2024-05-16_18h54.20.045,experiment,2023.2.3,Win32,60.24096386,66415fdcc304dc7b28317cab,6644f019e4b599e96769a32b,664647c9d56b9a0c822fcd07,,,,,,,,,,,,,,,,,,,,,,,,,,,,,,,,,,,,,,,,,,5,,,,,,,,,,,,,3,,,,,,,,,,,,,,,,,,,,,,,,,k,3,yellow_gnome,3,9,dark_forest,yellow_basket,red_gnome,3,2,bright_forest,red_basket,10,0,0,1,red_gnome,bright_forest,red_basket,110,1,3,1,4,12,6,1,1.4942,,space,0.8329,,,,,,,,,,,,,,,,,,,,,,,,,,,,,,,,,,,,,,,,,,,,,,,,,,,,,,,,,,,,,,,,,,,,,,,,,,,,,
,,,,,,,,,,,,,,,,,,,,,,,,,,,,,,,,,,,,,,,,,,,,,,,,,,,,,,,,,,,,,,,,,016778,001,2024-05-16_18h54.20.045,experiment,2023.2.3,Win32,60.24096386,66415fdcc304dc7b28317cab,6644f019e4b599e96769a32b,664647c9d56b9a0c822fcd07,,,,,,,,,,,,,,,,,,,,,,,,,,,,,,,,,,,,,,,,,,5,,,,,,,,,,,,,2,,,,,,,,,,,,,,,,,,,,,,,,,s,2,pink_gnome,2,6,dark_forest,yellow_basket,green_gnome,2,3,bright_forest,red_basket,30,0,0,1,pink_gnome,dark_forest,yellow_basket,140,0,1,1,5,13,5,1,1.2542,,space,0.7178,,,,,,,,,,,,,,,,,,,,,,,,,,,,,,,,,,,,,,,,,,,,,,,,,,,,,,,,,,,,,,,,,,,,,,,,,,,,,
,,,,,,,,,,,,,,,,,,,,,,,,,,,,,,,,,,,,,,,,,,,,,,,,,,,,,,,,,,,,,,,,,016778,001,2024-05-16_18h54.20.045,experiment,2023.2.3,Win32,60.24096386,66415fdcc304dc7b28317cab,6644f019e4b599e96769a32b,664647c9d56b9a0c822fcd07,,,,,,,,,,,,,,,,,,,,,,,,,,,,,,,,,,,,,,,,,,1,,,,,,,,,,,,,1,,,,,,,,,,,,,,,,,,,,,,,,,k,1,orange_gnome,1,3,bright_forest,red_basket,brown_gnome,1,7,dark_forest,yellow_basket,7,0,0,1,brown_gnome,dark_forest,yellow_basket,147,0,3,1,6,14,0,1,0.8735,,space,0.4915,,,,,,,,,,,,,,,,,,,,,,,,,,,,,,,,,,,,,,,,,,,,,,,,,,,,,,,,,,,,,,,,,,,,,,,,,,,,,
,,,,,,,,,,,,,,,,,,,,,,,,,,,,,,,,,,,,,,,,,,,,,,,,,,,,,,,,,,,,,,,,,016778,001,2024-05-16_18h54.20.045,experiment,2023.2.3,Win32,60.24096386,66415fdcc304dc7b28317cab,6644f019e4b599e96769a32b,664647c9d56b9a0c822fcd07,,,,,,,,,,,,,,,,,,,,,,,,,,,,,,,,,,,,,,,,,,1,,,,,,,,,,,,,3,,,,,,,,,,,,,,,,,,,,,,,,,s,3,red_gnome,3,3,bright_forest,red_basket,yellow_gnome,3,8,dark_forest,yellow_basket,3,0,0,1,red_gnome,bright_forest,red_basket,150,4,0,1,7,15,2,1,1.2759,,space,0.7449,,,,,,,,,,,,,,,,,,,,,,,,,,,,,,,,,,,,,,,,,,,,,,,,,,,,,,,,,,,,,,,,,,,,,,,,,,,,,
,,,,,,,,,,,,,,,,,,,,,,,,,,,,,,,,,,,,,,,,,,,,,,,,,,,,,,,,,,,,,,,,,016778,001,2024-05-16_18h54.20.045,experiment,2023.2.3,Win32,60.24096386,66415fdcc304dc7b28317cab,6644f019e4b599e96769a32b,664647c9d56b9a0c822fcd07,,,,,,,,,,,,,,,,,,,,,,,,,,,,,,,,,,,,,,,,,,1,,,,,,,,,,,,,4,,,,,,,,,,,,,,,,,,,,,,,,,k,4,purple_gnome,4,8,dark_forest,yellow_basket,blue_gnome,4,7,bright_forest,red_basket,7,0,0,1,blue_gnome,bright_forest,red_basket,157,-3,0,2,0,16,3,1,0.9982,,space,0.8387,,,,,,,,,,,,,,,,,,,,,,,,,,,,,,,,,,,,,,,,,,,,,,,,,,,,,,,,,,,,,,,,,,,,,,,,,,,,,
,,,,,,,,,,,,,,,,,,,,,,,,,,,,,,,,,,,,,,,,,,,,,,,,,,,,,,,,,,,,,,,,,016778,001,2024-05-16_18h54.20.045,experiment,2023.2.3,Win32,60.24096386,66415fdcc304dc7b28317cab,6644f019e4b599e96769a32b,664647c9d56b9a0c822fcd07,,,,,,,,,,,,,,,,,,,,,,,,,,,,,,,,,,,,,,,,,,1,,,,,,,,,,,,,2,,,,,,,,,,,,,,,,,,,,,,,,,k,2,pink_gnome,2,8,dark_forest,yellow_basket,green_gnome,2,4,bright_forest,red_basket,4,0,0,1,green_gnome,bright_forest,red_basket,161,-3,0,2,1,17,1,1,1.1214,,space,0.746,,,,,,,,,,,,,,,,,,,,,,,,,,,,,,,,,,,,,,,,,,,,,,,,,,,,,,,,,,,,,,,,,,,,,,,,,,,,,
,,,,,,,,,,,,,,,,,,,,,,,,,,,,,,,,,,,,,,,,,,,,,,,,,,,,,,,,,,,,,,,,,016778,001,2024-05-16_18h54.20.045,experiment,2023.2.3,Win32,60.24096386,66415fdcc304dc7b28317cab,6644f019e4b599e96769a32b,664647c9d56b9a0c822fcd07,,,,,,,,,,,,,,,,,,,,,,,,,,,,,,,,,,,,,,,,,,5,,,,,,,,,,,,,3,,,,,,,,,,,,,,,,,,,,,,,,,k,3,red_gnome,3,1,bright_forest,red_basket,yellow_gnome,3,8,dark_forest,yellow_basket,40,0,0,1,yellow_gnome,dark_forest,yellow_basket,201,-3,4,2,2,18,6,1,0.8747,,space,0.62,,,,,,,,,,,,,,,,,,,,,,,,,,,,,,,,,,,,,,,,,,,,,,,,,,,,,,,,,,,,,,,,,,,,,,,,,,,,,
,,,,,,,,,,,,,,,,,,,,,,,,,,,,,,,,,,,,,,,,,,,,,,,,,,,,,,,,,,,,,,,,,016778,001,2024-05-16_18h54.20.045,experiment,2023.2.3,Win32,60.24096386,66415fdcc304dc7b28317cab,6644f019e4b599e96769a32b,664647c9d56b9a0c822fcd07,,,,,,,,,,,,,,,,,,,,,,,,,,,,,,,,,,,,,,,,,,5,,,,,,,,,,,,,2,,,,,,,,,,,,,,,,,,,,,,,,,k,2,pink_gnome,2,6,dark_forest,yellow_basket,green_gnome,2,2,bright_forest,red_basket,10,0,0,1,green_gnome,bright_forest,red_basket,211,-2,-2,2,3,19,5,1,0.739,,space,0.4895,,,,,,,,,,,,,,,,,,,,,,,,,,,,,,,,,,,,,,,,,,,,,,,,,,,,,,,,,,,,,,,,,,,,,,,,,,,,,
,,,,,,,,,,,,,,,,,,,,,,,,,,,,,,,,,,,,,,,,,,,,,,,,,,,,,,,,,,,,,,,,,016778,001,2024-05-16_18h54.20.045,experiment,2023.2.3,Win32,60.24096386,66415fdcc304dc7b28317cab,6644f019e4b599e96769a32b,664647c9d56b9a0c822fcd07,,,,,,,,,,,,,,,,,,,,,,,,,,,,,,,,,,,,,,,,,,1,,,,,,,,,,,,,4,,,,,,,,,,,,,,,,,,,,,,,,,k,4,blue_gnome,4,0,bright_forest,red_basket,purple_gnome,4,4,dark_forest,yellow_basket,4,0,0,1,purple_gnome,dark_forest,yellow_basket,215,-2,-1,2,4,20,3,1,0.53,,space,0.5606,,,,,,,,,,,,,,,,,,,,,,,,,,,,,,,,,,,,,,,,,,,,,,,,,,,,,,,,,,,,,,,,,,,,,,,,,,,,,
,,,,,,,,,,,,,,,,,,,,,,,,,,,,,,,,,,,,,,,,,,,,,,,,,,,,,,,,,,,,,,,,,016778,001,2024-05-16_18h54.20.045,experiment,2023.2.3,Win32,60.24096386,66415fdcc304dc7b28317cab,6644f019e4b599e96769a32b,664647c9d56b9a0c822fcd07,,,,,,,,,,,,,,,,,,,,,,,,,,,,,,,,,,,,,,,,,,1,,,,,,,,,,,,,1,,,,,,,,,,,,,,,,,,,,,,,,,k,1,orange_gnome,1,2,bright_forest,red_basket,brown_gnome,1,3,dark_forest,yellow_basket,3,0,0,1,brown_gnome,dark_forest,yellow_basket,218,0,2,2,5,21,0,1,0.6242,,space,0.3059,,,,,,,,,,,,,,,,,,,,,,,,,,,,,,,,,,,,,,,,,,,,,,,,,,,,,,,,,,,,,,,,,,,,,,,,,,,,,
,,,,,,,,,,,,,,,,,,,,,,,,,,,,,,,,,,,,,,,,,,,,,,,,,,,,,,,,,,,,,,,,,016778,001,2024-05-16_18h54.20.045,experiment,2023.2.3,Win32,60.24096386,66415fdcc304dc7b28317cab,6644f019e4b599e96769a32b,664647c9d56b9a0c822fcd07,,,,,,,,,,,,,,,,,,,,,,,,,,,,,,,,,,,,,,,,,,5,,,,,,,,,,,,,2,,,,,,,,,,,,,,,,,,,,,,,,,k,2,green_gnome,2,2,bright_forest,red_basket,pink_gnome,2,5,dark_forest,yellow_basket,25,0,0,1,pink_gnome,dark_forest,yellow_basket,243,-2,-1,2,6,22,5,1,0.4291,,space,0.6111,,,,,,,,,,,,,,,,,,,,,,,,,,,,,,,,,,,,,,,,,,,,,,,,,,,,,,,,,,,,,,,,,,,,,,,,,,,,,
,,,,,,,,,,,,,,,,,,,,,,,,,,,,,,,,,,,,,,,,,,,,,,,,,,,,,,,,,,,,,,,,,016778,001,2024-05-16_18h54.20.045,experiment,2023.2.3,Win32,60.24096386,66415fdcc304dc7b28317cab,6644f019e4b599e96769a32b,664647c9d56b9a0c822fcd07,,,,,,,,,,,,,,,,,,,,,,,,,,,,,,,,,,,,,,,,,,5,,,,,,,,,,,,,4,,,,,,,,,,,,,,,,,,,,,,,,,k,4,blue_gnome,4,0,bright_forest,red_basket,purple_gnome,4,4,dark_forest,yellow_basket,20,0,0,1,purple_gnome,dark_forest,yellow_basket,263,2,-1,2,7,23,7,1,0.5966,,space,0.5606,,,,,,,,,,,,,,,,,,,,,,,,,,,,,,,,,,,,,,,,,,,,,,,,,,,,,,,,,,,,,,,,,,,,,,,,,,,,,
,,,,,,,,,,,,,,,,,,,,,,,,,,,,,,,,,,,,,,,,,,,,,,,,,,,,,,,,,,,,,,,,,016778,001,2024-05-16_18h54.20.045,experiment,2023.2.3,Win32,60.24096386,66415fdcc304dc7b28317cab,6644f019e4b599e96769a32b,664647c9d56b9a0c822fcd07,,,,,,,,,,,,,,,,,,,,,,,,,,,,,,,,,,,,,,,,,,5,,,,,,,,,,,,,2,,,,,,,,,,,,,,,,,,,,,,,,,k,2,green_gnome,2,2,bright_forest,red_basket,pink_gnome,2,3,dark_forest,yellow_basket,15,0,0,1,pink_gnome,dark_forest,yellow_basket,278,0,0,3,0,24,5,1,0.597,,space,0.553,,,,,,,,,,,,,,,,,,,,,,,,,,,,,,,,,,,,,,,,,,,,,,,,,,,,,,,,,,,,,,,,,,,,,,,,,,,,,
,,,,,,,,,,,,,,,,,,,,,,,,,,,,,,,,,,,,,,,,,,,,,,,,,,,,,,,,,,,,,,,,,016778,001,2024-05-16_18h54.20.045,experiment,2023.2.3,Win32,60.24096386,66415fdcc304dc7b28317cab,6644f019e4b599e96769a32b,664647c9d56b9a0c822fcd07,,,,,,,,,,,,,,,,,,,,,,,,,,,,,,,,,,,,,,,,,,5,,,,,,,,,,,,,2,,,,,,,,,,,,,,,,,,,,,,,,,k,2,pink_gnome,2,3,dark_forest,yellow_basket,green_gnome,2,2,bright_forest,red_basket,10,0,0,1,green_gnome,bright_forest,red_basket,288,0,-1,3,1,25,5,1,0.547,,space,0.5113,,,,,,,,,,,,,,,,,,,,,,,,,,,,,,,,,,,,,,,,,,,,,,,,,,,,,,,,,,,,,,,,,,,,,,,,,,,,,
,,,,,,,,,,,,,,,,,,,,,,,,,,,,,,,,,,,,,,,,,,,,,,,,,,,,,,,,,,,,,,,,,016778,001,2024-05-16_18h54.20.045,experiment,2023.2.3,Win32,60.24096386,66415fdcc304dc7b28317cab,6644f019e4b599e96769a32b,664647c9d56b9a0c822fcd07,,,,,,,,,,,,,,,,,,,,,,,,,,,,,,,,,,,,,,,,,,5,,,,,,,,,,,,,4,,,,,,,,,,,,,,,,,,,,,,,,,k,4,purple_gnome,4,2,dark_forest,yellow_basket,blue_gnome,4,2,bright_forest,red_basket,0,0,1,0,blue_gnome,bright_forest,red_basket,288,0,-3,3,2,26,7,1,0.6759,,,,,,,,,,,,,,,,,,,,,,,,,,,,,,,,,,,,,,,,,,,,,,,,,,,,,,,,,,,,,,,,,,,,,,,,,,,,,,,,
,,,,,,,,,,,,,,,,,,,,,,,,,,,,,,,,,,,,,,,,,,,,,,,,,,,,,,,,,,,,,,,,,016778,001,2024-05-16_18h54.20.045,experiment,2023.2.3,Win32,60.24096386,66415fdcc304dc7b28317cab,6644f019e4b599e96769a32b,664647c9d56b9a0c822fcd07,,,,,,,,,,,,,,,,,,,,,,,,,,,,,,,,,,,,,,,,,,5,,,,,,,,,,,,,2,,,,,,,,,,,,,,,,,,,,,,,,,s,2,green_gnome,2,2,bright_forest,red_basket,pink_gnome,2,1,dark_forest,yellow_basket,10,0,0,1,green_gnome,bright_forest,red_basket,298,0,-3,3,3,27,5,1,0.9384,,space,0.7252,,,,,,,,,,,,,,,,,,,,,,,,,,,,,,,,,,,,,,,,,,,,,,,,,,,,,,,,,,,,,,,,,,,,,,,,,,,,,
,,,,,,,,,,,,,,,,,,,,,,,,,,,,,,,,,,,,,,,,,,,,,,,,,,,,,,,,,,,,,,,,,016778,001,2024-05-16_18h54.20.045,experiment,2023.2.3,Win32,60.24096386,66415fdcc304dc7b28317cab,6644f019e4b599e96769a32b,664647c9d56b9a0c822fcd07,,,,,,,,,,,,,,,,,,,,,,,,,,,,,,,,,,,,,,,,,,1,,,,,,,,,,,,,2,,,,,,,,,,,,,,,,,,,,,,,,,s,2,green_gnome,2,2,bright_forest,red_basket,pink_gnome,2,2,dark_forest,yellow_basket,2,0,0,1,green_gnome,bright_forest,red_basket,300,1,-2,3,4,28,1,1,0.5575,,space,0.8923,,,,,,,,,,,,,,,,,,,,,,,,,,,,,,,,,,,,,,,,,,,,,,,,,,,,,,,,,,,,,,,,,,,,,,,,,,,,,
,,,,,,,,,,,,,,,,,,,,,,,,,,,,,,,,,,,,,,,,,,,,,,,,,,,,,,,,,,,,,,,,,016778,001,2024-05-16_18h54.20.045,experiment,2023.2.3,Win32,60.24096386,66415fdcc304dc7b28317cab,6644f019e4b599e96769a32b,664647c9d56b9a0c822fcd07,,,,,,,,,,,,,,,,,,,,,,,,,,,,,,,,,,,,,,,,,,5,,,,,,,,,,,,,2,,,,,,,,,,,,,,,,,,,,,,,,,s,2,pink_gnome,2,0,dark_forest,yellow_basket,green_gnome,2,3,bright_forest,red_basket,0,0,0,1,pink_gnome,dark_forest,yellow_basket,300,2,-1,3,5,29,5,1,0.5746,,space,0.9242,,,,,,,,,,,,,,,,,,,,,,,,,,,,,,,,,,,,,,,,,,,,,,,,,,,,,,,,,,,,,,,,,,,,,,,,,,,,,
,,,,,,,,,,,,,,,,,,,,,,,,,,,,,,,,,,,,,,,,,,,,,,,,,,,,,,,,,,,,,,,,,016778,001,2024-05-16_18h54.20.045,experiment,2023.2.3,Win32,60.24096386,66415fdcc304dc7b28317cab,6644f019e4b599e96769a32b,664647c9d56b9a0c822fcd07,,,,,,,,,,,,,,,,,,,,,,,,,,,,,,,,,,,,,,,,,,1,,,,,,,,,,,,,1,,,,,,,,,,,,,,,,,,,,,,,,,k,1,orange_gnome,1,5,bright_forest,red_basket,brown_gnome,1,1,dark_forest,yellow_basket,1,0,0,1,brown_gnome,dark_forest,yellow_basket,301,3,0,3,6,30,0,1,0.474,,space,0.5188,,,,,,,,,,,,,,,,,,,,,,,,,,,,,,,,,,,,,,,,,,,,,,,,,,,,,,,,,,,,,,,,,,,,,,,,,,,,,
,,,,,,,,,,,,,,,,,,,,,,,,,,,,,,,,,,,,,,,,,,,,,,,,,,,,,,,,,,,,,,,,,016778,001,2024-05-16_18h54.20.045,experiment,2023.2.3,Win32,60.24096386,66415fdcc304dc7b28317cab,6644f019e4b599e96769a32b,664647c9d56b9a0c822fcd07,,,,,,,,,,,,,,,,,,,,,,,,,,,,,,,,,,,,,,,,,,1,,,,,,,,,,,,,3,,,,,,,,,,,,,,,,,,,,,,,,,s,3,red_gnome,3,8,bright_forest,red_basket,yellow_gnome,3,1,dark_forest,yellow_basket,8,0,0,1,red_gnome,bright_forest,red_basket,309,-1,3,3,7,31,2,1,0.6279,,space,0.4056,,,,,,,,,,,,,,,,,,,,,,,,,,,,,,,,,,,,,,,,,,,,,,,,,,,,,,,,,,,,,,,,,,,,,,,,,,,,,
,,,,,,,,,,,,,,,,,,,,,,,,,,,,,,,,,,,,,,,,,,,,,,,,,,,,,,,,,,,,,,,,,016778,001,2024-05-16_18h54.20.045,experiment,2023.2.3,Win32,60.24096386,66415fdcc304dc7b28317cab,6644f019e4b599e96769a32b,664647c9d56b9a0c822fcd07,,,,,,,,,,,,,,,,,,,,,,,,,,,,,,,,,,,,,,,,,,5,,,,,,,,,,,,,4,,,,,,,,,,,,,,,,,,,,,,,,,s,4,blue_gnome,4,7,bright_forest,red_basket,purple_gnome,4,4,dark_forest,yellow_basket,35,0,0,1,blue_gnome,bright_forest,red_basket,344,1,2,4,0,32,7,1,1.2049,,space,0.8581,,,,,,,,,,,,,,,,,,,,,,,,,,,,,,,,,,,,,,,,,,,,,,,,,,,,,,,,,,,,,,,,,,,,,,,,,,,,,
,,,,,,,,,,,,,,,,,,,,,,,,,,,,,,,,,,,,,,,,,,,,,,,,,,,,,,,,,,,,,,,,,016778,001,2024-05-16_18h54.20.045,experiment,2023.2.3,Win32,60.24096386,66415fdcc304dc7b28317cab,6644f019e4b599e96769a32b,664647c9d56b9a0c822fcd07,,,,,,,,,,,,,,,,,,,,,,,,,,,,,,,,,,,,,,,,,,5,,,,,,,,,,,,,4,,,,,,,,,,,,,,,,,,,,,,,,,k,4,purple_gnome,4,6,dark_forest,yellow_basket,blue_gnome,4,8,bright_forest,red_basket,40,0,0,1,blue_gnome,bright_forest,red_basket,384,3,-1,4,1,33,7,1,0.5498,,space,0.4418,,,,,,,,,,,,,,,,,,,,,,,,,,,,,,,,,,,,,,,,,,,,,,,,,,,,,,,,,,,,,,,,,,,,,,,,,,,,,
,,,,,,,,,,,,,,,,,,,,,,,,,,,,,,,,,,,,,,,,,,,,,,,,,,,,,,,,,,,,,,,,,016778,001,2024-05-16_18h54.20.045,experiment,2023.2.3,Win32,60.24096386,66415fdcc304dc7b28317cab,6644f019e4b599e96769a32b,664647c9d56b9a0c822fcd07,,,,,,,,,,,,,,,,,,,,,,,,,,,,,,,,,,,,,,,,,,1,,,,,,,,,,,,,2,,,,,,,,,,,,,,,,,,,,,,,,,s,2,pink_gnome,2,5,dark_forest,yellow_basket,green_gnome,2,7,bright_forest,red_basket,5,0,0,1,pink_gnome,dark_forest,yellow_basket,389,-2,4,4,2,34,1,1,0.9732,,space,0.3408,,,,,,,,,,,,,,,,,,,,,,,,,,,,,,,,,,,,,,,,,,,,,,,,,,,,,,,,,,,,,,,,,,,,,,,,,,,,,
,,,,,,,,,,,,,,,,,,,,,,,,,,,,,,,,,,,,,,,,,,,,,,,,,,,,,,,,,,,,,,,,,016778,001,2024-05-16_18h54.20.045,experiment,2023.2.3,Win32,60.24096386,66415fdcc304dc7b28317cab,6644f019e4b599e96769a32b,664647c9d56b9a0c822fcd07,,,,,,,,,,,,,,,,,,,,,,,,,,,,,,,,,,,,,,,,,,1,,,,,,,,,,,,,4,,,,,,,,,,,,,,,,,,,,,,,,,k,4,purple_gnome,4,9,dark_forest,yellow_basket,blue_gnome,4,5,bright_forest,red_basket,5,0,0,1,blue_gnome,bright_forest,red_basket,394,1,-2,4,3,35,3,1,0.6956,,space,0.4368,,,,,,,,,,,,,,,,,,,,,,,,,,,,,,,,,,,,,,,,,,,,,,,,,,,,,,,,,,,,,,,,,,,,,,,,,,,,,
,,,,,,,,,,,,,,,,,,,,,,,,,,,,,,,,,,,,,,,,,,,,,,,,,,,,,,,,,,,,,,,,,016778,001,2024-05-16_18h54.20.045,experiment,2023.2.3,Win32,60.24096386,66415fdcc304dc7b28317cab,6644f019e4b599e96769a32b,664647c9d56b9a0c822fcd07,,,,,,,,,,,,,,,,,,,,,,,,,,,,,,,,,,,,,,,,,,1,,,,,,,,,,,,,3,,,,,,,,,,,,,,,,,,,,,,,,,s,3,red_gnome,3,6,bright_forest,red_basket,yellow_gnome,3,7,dark_forest,yellow_basket,6,0,0,1,red_gnome,bright_forest,red_basket,400,-1,2,4,4,36,2,1,0.9235,,space,0.6743,,,,,,,,,,,,,,,,,,,,,,,,,,,,,,,,,,,,,,,,,,,,,,,,,,,,,,,,,,,,,,,,,,,,,,,,,,,,,
,,,,,,,,,,,,,,,,,,,,,,,,,,,,,,,,,,,,,,,,,,,,,,,,,,,,,,,,,,,,,,,,,016778,001,2024-05-16_18h54.20.045,experiment,2023.2.3,Win32,60.24096386,66415fdcc304dc7b28317cab,6644f019e4b599e96769a32b,664647c9d56b9a0c822fcd07,,,,,,,,,,,,,,,,,,,,,,,,,,,,,,,,,,,,,,,,,,5,,,,,,,,,,,,,1,,,,,,,,,,,,,,,,,,,,,,,,,,1,brown_gnome,1,9,dark_forest,yellow_basket,orange_gnome,1,5,bright_forest,red_basket,0,1,0,0,,bright_forest,red_basket,400,-2,2,4,5,37,4,1,,,,,,,,,,,,,,,,,,,,,,,,,,,,,,,,,,,,,,,,,,,,,,,,,,,,,,,,,,,,,,,,,,,,,,,,,,,,,,,,,
,,,,,,,,,,,,,,,,,,,,,,,,,,,,,,,,,,,,,,,,,,,,,,,,,,,,,,,,,,,,,,,,,016778,001,2024-05-16_18h54.20.045,experiment,2023.2.3,Win32,60.24096386,66415fdcc304dc7b28317cab,6644f019e4b599e96769a32b,664647c9d56b9a0c822fcd07,,,,,,,,,,,,,,,,,,,,,,,,,,,,,,,,,,,,,,,,,,5,,,,,,,,,,,,,1,,,,,,,,,,,,,,,,,,,,,,,,,k,1,orange_gnome,1,3,bright_forest,red_basket,brown_gnome,1,7,dark_forest,yellow_basket,35,0,0,1,brown_gnome,dark_forest,yellow_basket,435,-1,-4,4,6,38,4,1,0.489,,space,0.4382,,,,,,,,,,,,,,,,,,,,,,,,,,,,,,,,,,,,,,,,,,,,,,,,,,,,,,,,,,,,,,,,,,,,,,,,,,,,,
,,,,,,,,,,,,,,,,,,,,,,,,,,,,,,,,,,,,,,,,,,,,,,,,,,,,,,,,,,,,,,,,,016778,001,2024-05-16_18h54.20.045,experiment,2023.2.3,Win32,60.24096386,66415fdcc304dc7b28317cab,6644f019e4b599e96769a32b,664647c9d56b9a0c822fcd07,,,,,,,,,,,,,,,,,,,,,,,,,,,,,,,,,,,,,,,,,,1,,,,,,,,,,,,,4,,,,,,,,,,,,,,,,,,,,,,,,,k,4,purple_gnome,4,3,dark_forest,yellow_basket,blue_gnome,4,2,bright_forest,red_basket,2,0,0,1,blue_gnome,bright_forest,red_basket,437,-4,3,4,7,39,3,1,0.578,,space,0.5705,,,,,,,,,,,,,,,,,,,,,,,,,,,,,,,,,,,,,,,,,,,,,,,,,,,,,,,,,,,,,,,,,,,,,,,,,,,,,
,,,,,,,,,,,,,,,,,,,,,,,,,,,,,,,,,,,,,,,,,,,,,,,,,,,,,,,,,,,,,,,,,016778,001,2024-05-16_18h54.20.045,experiment,2023.2.3,Win32,60.24096386,66415fdcc304dc7b28317cab,6644f019e4b599e96769a32b,664647c9d56b9a0c822fcd07,,,,,,,,,,,,,,,,,,,,,,,,,,,,,,,,,,,,,,,,,,1,,,,,,,,,,,,,2,,,,,,,,,,,,,,,,,,,,,,,,,k,2,green_gnome,2,2,bright_forest,red_basket,pink_gnome,2,6,dark_forest,yellow_basket,6,0,0,1,pink_gnome,dark_forest,yellow_basket,443,3,-3,5,0,40,1,1,0.7215,,space,0.3722,,,,,,,,,,,,,,,,,,,,,,,,,,,,,,,,,,,,,,,,,,,,,,,,,,,,,,,,,,,,,,,,,,,,,,,,,,,,,
,,,,,,,,,,,,,,,,,,,,,,,,,,,,,,,,,,,,,,,,,,,,,,,,,,,,,,,,,,,,,,,,,016778,001,2024-05-16_18h54.20.045,experiment,2023.2.3,Win32,60.24096386,66415fdcc304dc7b28317cab,6644f019e4b599e96769a32b,664647c9d56b9a0c822fcd07,,,,,,,,,,,,,,,,,,,,,,,,,,,,,,,,,,,,,,,,,,5,,,,,,,,,,,,,3,,,,,,,,,,,,,,,,,,,,,,,,,s,3,red_gnome,3,5,bright_forest,red_basket,yellow_gnome,3,3,dark_forest,yellow_basket,25,0,0,1,red_gnome,bright_forest,red_basket,468,1,1,5,1,41,6,1,0.4791,,space,0.5232,,,,,,,,,,,,,,,,,,,,,,,,,,,,,,,,,,,,,,,,,,,,,,,,,,,,,,,,,,,,,,,,,,,,,,,,,,,,,
,,,,,,,,,,,,,,,,,,,,,,,,,,,,,,,,,,,,,,,,,,,,,,,,,,,,,,,,,,,,,,,,,016778,001,2024-05-16_18h54.20.045,experiment,2023.2.3,Win32,60.24096386,66415fdcc304dc7b28317cab,6644f019e4b599e96769a32b,664647c9d56b9a0c822fcd07,,,,,,,,,,,,,,,,,,,,,,,,,,,,,,,,,,,,,,,,,,5,,,,,,,,,,,,,1,,,,,,,,,,,,,,,,,,,,,,,,,k,1,brown_gnome,1,4,dark_forest,yellow_basket,orange_gnome,1,6,bright_forest,red_basket,30,0,0,1,orange_gnome,bright_forest,red_basket,498,4,3,5,2,42,4,1,0.9254,,space,0.57,,,,,,,,,,,,,,,,,,,,,,,,,,,,,,,,,,,,,,,,,,,,,,,,,,,,,,,,,,,,,,,,,,,,,,,,,,,,,
,,,,,,,,,,,,,,,,,,,,,,,,,,,,,,,,,,,,,,,,,,,,,,,,,,,,,,,,,,,,,,,,,016778,001,2024-05-16_18h54.20.045,experiment,2023.2.3,Win32,60.24096386,66415fdcc304dc7b28317cab,6644f019e4b599e96769a32b,664647c9d56b9a0c822fcd07,,,,,,,,,,,,,,,,,,,,,,,,,,,,,,,,,,,,,,,,,,5,,,,,,,,,,,,,3,,,,,,,,,,,,,,,,,,,,,,,,,k,3,yellow_gnome,3,7,dark_forest,yellow_basket,red_gnome,3,8,bright_forest,red_basket,40,0,0,1,red_gnome,bright_forest,red_basket,538,-1,-2,5,3,43,6,1,1.0598,,space,0.9786,,,,,,,,,,,,,,,,,,,,,,,,,,,,,,,,,,,,,,,,,,,,,,,,,,,,,,,,,,,,,,,,,,,,,,,,,,,,,
,,,,,,,,,,,,,,,,,,,,,,,,,,,,,,,,,,,,,,,,,,,,,,,,,,,,,,,,,,,,,,,,,016778,001,2024-05-16_18h54.20.045,experiment,2023.2.3,Win32,60.24096386,66415fdcc304dc7b28317cab,6644f019e4b599e96769a32b,664647c9d56b9a0c822fcd07,,,,,,,,,,,,,,,,,,,,,,,,,,,,,,,,,,,,,,,,,,1,,,,,,,,,,,,,4,,,,,,,,,,,,,,,,,,,,,,,,,s,4,blue_gnome,4,7,bright_forest,red_basket,purple_gnome,4,5,dark_forest,yellow_basket,7,0,0,1,blue_gnome,bright_forest,red_basket,545,0,-2,5,4,44,3,1,0.7397,,space,0.7721,,,,,,,,,,,,,,,,,,,,,,,,,,,,,,,,,,,,,,,,,,,,,,,,,,,,,,,,,,,,,,,,,,,,,,,,,,,,,
,,,,,,,,,,,,,,,,,,,,,,,,,,,,,,,,,,,,,,,,,,,,,,,,,,,,,,,,,,,,,,,,,016778,001,2024-05-16_18h54.20.045,experiment,2023.2.3,Win32,60.24096386,66415fdcc304dc7b28317cab,6644f019e4b599e96769a32b,664647c9d56b9a0c822fcd07,,,,,,,,,,,,,,,,,,,,,,,,,,,,,,,,,,,,,,,,,,5,,,,,,,,,,,,,4,,,,,,,,,,,,,,,,,,,,,,,,,s,4,blue_gnome,4,7,bright_forest,red_basket,purple_gnome,4,3,dark_forest,yellow_basket,35,0,0,1,blue_gnome,bright_forest,red_basket,580,-1,0,5,5,45,7,1,0.821,,space,0.3992,,,,,,,,,,,,,,,,,,,,,,,,,,,,,,,,,,,,,,,,,,,,,,,,,,,,,,,,,,,,,,,,,,,,,,,,,,,,,
,,,,,,,,,,,,,,,,,,,,,,,,,,,,,,,,,,,,,,,,,,,,,,,,,,,,,,,,,,,,,,,,,016778,001,2024-05-16_18h54.20.045,experiment,2023.2.3,Win32,60.24096386,66415fdcc304dc7b28317cab,6644f019e4b599e96769a32b,664647c9d56b9a0c822fcd07,,,,,,,,,,,,,,,,,,,,,,,,,,,,,,,,,,,,,,,,,,1,,,,,,,,,,,,,2,,,,,,,,,,,,,,,,,,,,,,,,,k,2,green_gnome,2,6,bright_forest,red_basket,pink_gnome,2,3,dark_forest,yellow_basket,3,0,0,1,pink_gnome,dark_forest,yellow_basket,583,4,2,5,6,46,1,1,0.872,,space,0.5013,,,,,,,,,,,,,,,,,,,,,,,,,,,,,,,,,,,,,,,,,,,,,,,,,,,,,,,,,,,,,,,,,,,,,,,,,,,,,
,,,,,,,,,,,,,,,,,,,,,,,,,,,,,,,,,,,,,,,,,,,,,,,,,,,,,,,,,,,,,,,,,016778,001,2024-05-16_18h54.20.045,experiment,2023.2.3,Win32,60.24096386,66415fdcc304dc7b28317cab,6644f019e4b599e96769a32b,664647c9d56b9a0c822fcd07,,,,,,,,,,,,,,,,,,,,,,,,,,,,,,,,,,,,,,,,,,5,,,,,,,,,,,,,2,,,,,,,,,,,,,,,,,,,,,,,,,s,2,pink_gnome,2,5,dark_forest,yellow_basket,green_gnome,2,8,bright_forest,red_basket,25,0,0,1,pink_gnome,dark_forest,yellow_basket,608,4,3,5,7,47,5,1,0.7627,,space,0.4076,,,,,,,,,,,,,,,,,,,,,,,,,,,,,,,,,,,,,,,,,,,,,,,,,,,,,,,,,,,,,,,,,,,,,,,,,,,,,
,,,,,,,,,,,,,,,,,,,,,,,,,,,,,,,,,,,,,,,,,,,,,,,,,,,,,,,,,,,,,,,,,016778,001,2024-05-16_18h54.20.045,experiment,2023.2.3,Win32,60.24096386,66415fdcc304dc7b28317cab,6644f019e4b599e96769a32b,664647c9d56b9a0c822fcd07,,,,,,,,,,,,,,,,,,,,,,,,,,,,,,,,,,,,,,,,,,5,,,,,,,,,,,,,1,,,,,,,,,,,,,,,,,,,,,,,,,k,1,brown_gnome,1,8,dark_forest,yellow_basket,orange_gnome,1,6,bright_forest,red_basket,30,0,0,1,orange_gnome,bright_forest,red_basket,638,-4,0,6,0,48,4,1,1.0403,,space,0.5213,,,,,,,,,,,,,,,,,,,,,,,,,,,,,,,,,,,,,,,,,,,,,,,,,,,,,,,,,,,,,,,,,,,,,,,,,,,,,
,,,,,,,,,,,,,,,,,,,,,,,,,,,,,,,,,,,,,,,,,,,,,,,,,,,,,,,,,,,,,,,,,016778,001,2024-05-16_18h54.20.045,experiment,2023.2.3,Win32,60.24096386,66415fdcc304dc7b28317cab,6644f019e4b599e96769a32b,664647c9d56b9a0c822fcd07,,,,,,,,,,,,,,,,,,,,,,,,,,,,,,,,,,,,,,,,,,1,,,,,,,,,,,,,3,,,,,,,,,,,,,,,,,,,,,,,,,k,3,red_gnome,3,2,bright_forest,red_basket,yellow_gnome,3,8,dark_forest,yellow_basket,8,0,0,1,yellow_gnome,dark_forest,yellow_basket,646,-2,2,6,1,49,2,1,1.5077,,space,1.0424,,,,,,,,,,,,,,,,,,,,,,,,,,,,,,,,,,,,,,,,,,,,,,,,,,,,,,,,,,,,,,,,,,,,,,,,,,,,,
,,,,,,,,,,,,,,,,,,,,,,,,,,,,,,,,,,,,,,,,,,,,,,,,,,,,,,,,,,,,,,,,,016778,001,2024-05-16_18h54.20.045,experiment,2023.2.3,Win32,60.24096386,66415fdcc304dc7b28317cab,6644f019e4b599e96769a32b,664647c9d56b9a0c822fcd07,,,,,,,,,,,,,,,,,,,,,,,,,,,,,,,,,,,,,,,,,,5,,,,,,,,,,,,,2,,,,,,,,,,,,,,,,,,,,,,,,,k,2,green_gnome,2,0,bright_forest,red_basket,pink_gnome,2,8,dark_forest,yellow_basket,40,0,0,1,pink_gnome,dark_forest,yellow_basket,686,3,0,6,2,50,5,1,0.9387,,space,0.4661,,,,,,,,,,,,,,,,,,,,,,,,,,,,,,,,,,,,,,,,,,,,,,,,,,,,,,,,,,,,,,,,,,,,,,,,,,,,,
,,,,,,,,,,,,,,,,,,,,,,,,,,,,,,,,,,,,,,,,,,,,,,,,,,,,,,,,,,,,,,,,,016778,001,2024-05-16_18h54.20.045,experiment,2023.2.3,Win32,60.24096386,66415fdcc304dc7b28317cab,6644f019e4b599e96769a32b,664647c9d56b9a0c822fcd07,,,,,,,,,,,,,,,,,,,,,,,,,,,,,,,,,,,,,,,,,,1,,,,,,,,,,,,,2,,,,,,,,,,,,,,,,,,,,,,,,,k,2,green_gnome,2,3,bright_forest,red_basket,pink_gnome,2,8,dark_forest,yellow_basket,8,0,0,1,pink_gnome,dark_forest,yellow_basket,694,-2,-1,6,3,51,1,1,0.9259,,space,0.4634,,,,,,,,,,,,,,,,,,,,,,,,,,,,,,,,,,,,,,,,,,,,,,,,,,,,,,,,,,,,,,,,,,,,,,,,,,,,,
,,,,,,,,,,,,,,,,,,,,,,,,,,,,,,,,,,,,,,,,,,,,,,,,,,,,,,,,,,,,,,,,,016778,001,2024-05-16_18h54.20.045,experiment,2023.2.3,Win32,60.24096386,66415fdcc304dc7b28317cab,6644f019e4b599e96769a32b,664647c9d56b9a0c822fcd07,,,,,,,,,,,,,,,,,,,,,,,,,,,,,,,,,,,,,,,,,,5,,,,,,,,,,,,,1,,,,,,,,,,,,,,,,,,,,,,,,,s,1,brown_gnome,1,7,dark_forest,yellow_basket,orange_gnome,1,1,bright_forest,red_basket,35,0,0,1,brown_gnome,dark_forest,yellow_basket,729,0,1,6,4,52,4,1,0.9888,,space,0.5029,,,,,,,,,,,,,,,,,,,,,,,,,,,,,,,,,,,,,,,,,,,,,,,,,,,,,,,,,,,,,,,,,,,,,,,,,,,,,
,,,,,,,,,,,,,,,,,,,,,,,,,,,,,,,,,,,,,,,,,,,,,,,,,,,,,,,,,,,,,,,,,016778,001,2024-05-16_18h54.20.045,experiment,2023.2.3,Win32,60.24096386,66415fdcc304dc7b28317cab,6644f019e4b599e96769a32b,664647c9d56b9a0c822fcd07,,,,,,,,,,,,,,,,,,,,,,,,,,,,,,,,,,,,,,,,,,5,,,,,,,,,,,,,1,,,,,,,,,,,,,,,,,,,,,,,,,k,1,orange_gnome,1,1,bright_forest,red_basket,brown_gnome,1,8,dark_forest,yellow_basket,40,0,0,1,brown_gnome,dark_forest,yellow_basket,769,-3,-1,6,5,53,4,1,0.6573,,space,0.351,,,,,,,,,,,,,,,,,,,,,,,,,,,,,,,,,,,,,,,,,,,,,,,,,,,,,,,,,,,,,,,,,,,,,,,,,,,,,
,,,,,,,,,,,,,,,,,,,,,,,,,,,,,,,,,,,,,,,,,,,,,,,,,,,,,,,,,,,,,,,,,016778,001,2024-05-16_18h54.20.045,experiment,2023.2.3,Win32,60.24096386,66415fdcc304dc7b28317cab,6644f019e4b599e96769a32b,664647c9d56b9a0c822fcd07,,,,,,,,,,,,,,,,,,,,,,,,,,,,,,,,,,,,,,,,,,1,,,,,,,,,,,,,3,,,,,,,,,,,,,,,,,,,,,,,,,k,3,red_gnome,3,2,bright_forest,red_basket,yellow_gnome,3,7,dark_forest,yellow_basket,7,0,0,1,yellow_gnome,dark_forest,yellow_basket,776,2,-3,6,6,54,2,1,0.991,,space,0.4288,,,,,,,,,,,,,,,,,,,,,,,,,,,,,,,,,,,,,,,,,,,,,,,,,,,,,,,,,,,,,,,,,,,,,,,,,,,,,
,,,,,,,,,,,,,,,,,,,,,,,,,,,,,,,,,,,,,,,,,,,,,,,,,,,,,,,,,,,,,,,,,016778,001,2024-05-16_18h54.20.045,experiment,2023.2.3,Win32,60.24096386,66415fdcc304dc7b28317cab,6644f019e4b599e96769a32b,664647c9d56b9a0c822fcd07,,,,,,,,,,,,,,,,,,,,,,,,,,,,,,,,,,,,,,,,,,1,,,,,,,,,,,,,2,,,,,,,,,,,,,,,,,,,,,,,,,k,2,green_gnome,2,4,bright_forest,red_basket,pink_gnome,2,4,dark_forest,yellow_basket,4,0,0,1,pink_gnome,dark_forest,yellow_basket,780,-1,0,6,7,55,1,1,0.8378,,space,0.3881,,,,,,,,,,,,,,,,,,,,,,,,,,,,,,,,,,,,,,,,,,,,,,,,,,,,,,,,,,,,,,,,,,,,,,,,,,,,,
,,,,,,,,,,,,,,,,,,,,,,,,,,,,,,,,,,,,,,,,,,,,,,,,,,,,,,,,,,,,,,,,,016778,001,2024-05-16_18h54.20.045,experiment,2023.2.3,Win32,60.24096386,66415fdcc304dc7b28317cab,6644f019e4b599e96769a32b,664647c9d56b9a0c822fcd07,,,,,,,,,,,,,,,,,,,,,,,,,,,,,,,,,,,,,,,,,,5,,,,,,,,,,,,,2,,,,,,,,,,,,,,,,,,,,,,,,,s,2,green_gnome,2,3,bright_forest,red_basket,pink_gnome,2,4,dark_forest,yellow_basket,15,0,0,1,green_gnome,bright_forest,red_basket,795,5,0,7,0,56,5,1,1.1747,,space,0.4036,,,,,,,,,,,,,,,,,,,,,,,,,,,,,,,,,,,,,,,,,,,,,,,,,,,,,,,,,,,,,,,,,,,,,,,,,,,,,
,,,,,,,,,,,,,,,,,,,,,,,,,,,,,,,,,,,,,,,,,,,,,,,,,,,,,,,,,,,,,,,,,016778,001,2024-05-16_18h54.20.045,experiment,2023.2.3,Win32,60.24096386,66415fdcc304dc7b28317cab,6644f019e4b599e96769a32b,664647c9d56b9a0c822fcd07,,,,,,,,,,,,,,,,,,,,,,,,,,,,,,,,,,,,,,,,,,1,,,,,,,,,,,,,1,,,,,,,,,,,,,,,,,,,,,,,,,s,1,orange_gnome,1,8,bright_forest,red_basket,brown_gnome,1,4,dark_forest,yellow_basket,8,0,0,1,orange_gnome,bright_forest,red_basket,803,2,1,7,1,57,0,1,1.1819,,space,0.5232,,,,,,,,,,,,,,,,,,,,,,,,,,,,,,,,,,,,,,,,,,,,,,,,,,,,,,,,,,,,,,,,,,,,,,,,,,,,,
,,,,,,,,,,,,,,,,,,,,,,,,,,,,,,,,,,,,,,,,,,,,,,,,,,,,,,,,,,,,,,,,,016778,001,2024-05-16_18h54.20.045,experiment,2023.2.3,Win32,60.24096386,66415fdcc304dc7b28317cab,6644f019e4b599e96769a32b,664647c9d56b9a0c822fcd07,,,,,,,,,,,,,,,,,,,,,,,,,,,,,,,,,,,,,,,,,,5,,,,,,,,,,,,,4,,,,,,,,,,,,,,,,,,,,,,,,,k,4,blue_gnome,4,8,bright_forest,red_basket,purple_gnome,4,5,dark_forest,yellow_basket,25,0,0,1,purple_gnome,dark_forest,yellow_basket,828,3,-3,7,2,58,7,1,0.8574,,space,0.3475,,,,,,,,,,,,,,,,,,,,,,,,,,,,,,,,,,,,,,,,,,,,,,,,,,,,,,,,,,,,,,,,,,,,,,,,,,,,,
,,,,,,,,,,,,,,,,,,,,,,,,,,,,,,,,,,,,,,,,,,,,,,,,,,,,,,,,,,,,,,,,,016778,001,2024-05-16_18h54.20.045,experiment,2023.2.3,Win32,60.24096386,66415fdcc304dc7b28317cab,6644f019e4b599e96769a32b,664647c9d56b9a0c822fcd07,,,,,,,,,,,,,,,,,,,,,,,,,,,,,,,,,,,,,,,,,,5,,,,,,,,,,,,,1,,,,,,,,,,,,,,,,,,,,,,,,,k,1,orange_gnome,1,7,bright_forest,red_basket,brown_gnome,1,2,dark_forest,yellow_basket,10,0,0,1,brown_gnome,dark_forest,yellow_basket,838,-3,-2,7,3,59,4,1,0.8826,,space,0.4369,,,,,,,,,,,,,,,,,,,,,,,,,,,,,,,,,,,,,,,,,,,,,,,,,,,,,,,,,,,,,,,,,,,,,,,,,,,,,
,,,,,,,,,,,,,,,,,,,,,,,,,,,,,,,,,,,,,,,,,,,,,,,,,,,,,,,,,,,,,,,,,016778,001,2024-05-16_18h54.20.045,experiment,2023.2.3,Win32,60.24096386,66415fdcc304dc7b28317cab,6644f019e4b599e96769a32b,664647c9d56b9a0c822fcd07,,,,,,,,,,,,,,,,,,,,,,,,,,,,,,,,,,,,,,,,,,1,,,,,,,,,,,,,4,,,,,,,,,,,,,,,,,,,,,,,,,s,4,blue_gnome,4,4,bright_forest,red_basket,purple_gnome,4,0,dark_forest,yellow_basket,4,0,0,1,blue_gnome,bright_forest,red_basket,842,4,1,7,4,60,3,1,0.6444,,space,0.565,,,,,,,,,,,,,,,,,,,,,,,,,,,,,,,,,,,,,,,,,,,,,,,,,,,,,,,,,,,,,,,,,,,,,,,,,,,,,
,,,,,,,,,,,,,,,,,,,,,,,,,,,,,,,,,,,,,,,,,,,,,,,,,,,,,,,,,,,,,,,,,016778,001,2024-05-16_18h54.20.045,experiment,2023.2.3,Win32,60.24096386,66415fdcc304dc7b28317cab,6644f019e4b599e96769a32b,664647c9d56b9a0c822fcd07,,,,,,,,,,,,,,,,,,,,,,,,,,,,,,,,,,,,,,,,,,5,,,,,,,,,,,,,3,,,,,,,,,,,,,,,,,,,,,,,,,k,3,yellow_gnome,3,1,dark_forest,yellow_basket,red_gnome,3,8,bright_forest,red_basket,40,0,0,1,red_gnome,bright_forest,red_basket,882,0,4,7,5,61,6,1,0.96,,space,0.472,,,,,,,,,,,,,,,,,,,,,,,,,,,,,,,,,,,,,,,,,,,,,,,,,,,,,,,,,,,,,,,,,,,,,,,,,,,,,
,,,,,,,,,,,,,,,,,,,,,,,,,,,,,,,,,,,,,,,,,,,,,,,,,,,,,,,,,,,,,,,,,016778,001,2024-05-16_18h54.20.045,experiment,2023.2.3,Win32,60.24096386,66415fdcc304dc7b28317cab,6644f019e4b599e96769a32b,664647c9d56b9a0c822fcd07,,,,,,,,,,,,,,,,,,,,,,,,,,,,,,,,,,,,,,,,,,5,,,,,,,,,,,,,3,,,,,,,,,,,,,,,,,,,,,,,,,s,3,red_gnome,3,8,bright_forest,red_basket,yellow_gnome,3,5,dark_forest,yellow_basket,40,0,0,1,red_gnome,bright_forest,red_basket,922,0,0,7,6,62,6,1,0.9389,,space,0.5041,,,,,,,,,,,,,,,,,,,,,,,,,,,,,,,,,,,,,,,,,,,,,,,,,,,,,,,,,,,,,,,,,,,,,,,,,,,,,
,,,,,,,,,,,,,,,,,,,,,,,,,,,,,,,,,,,,,,,,,,,,,,,,,,,,,,,,,,,,,,,,,016778,001,2024-05-16_18h54.20.045,experiment,2023.2.3,Win32,60.24096386,66415fdcc304dc7b28317cab,6644f019e4b599e96769a32b,664647c9d56b9a0c822fcd07,,,,,,,,,,,,,,,,,,,,,,,,,,,,,,,,,,,,,,,,,,1,,,,,,,,,,,,,1,,,,,,,,,,,,,,,,,,,,,,,,,k,1,orange_gnome,1,8,bright_forest,red_basket,brown_gnome,1,5,dark_forest,yellow_basket,5,0,0,1,brown_gnome,dark_forest,yellow_basket,927,0,3,7,7,63,0,1,1.2266,,space,0.4589,,space,33.472,,,,,,,,,,,,,,,,,,,,,,,,,,,,,,,,,,,,,,,,,,,,,,,,,,,,,,,,,,,,,,,,,,,,,,,,,,
,,,,,,,,,,,,,,,,,,,,,,,,,,,,,,,,,,,,,,,,,,,,,,,,,,,,,,,,,,,,,,,,,016778,001,2024-05-16_18h54.20.045,experiment,2023.2.3,Win32,60.24096386,66415fdcc304dc7b28317cab,6644f019e4b599e96769a32b,664647c9d56b9a0c822fcd07,,,,,,,,,,,,,,,,,,,,,,,,,,,,,,,,,,,,,,,,,,5,,,,,,,,,,,,,4,,,,,,,,,,,,,,,,,,,,,,,,,k,4,purple_gnome,4,8,dark_forest,yellow_basket,blue_gnome,4,8,bright_forest,red_basket,40,0,0,1,blue_gnome,bright_forest,red_basket,967,4,1,8,0,64,7,1,1.0809,,space,0.5933,,,,,,,,,,,,,,,,,,,,,,,,,,,,,,,,,,,,,,,,,,,,,,,,,,,,,,,,,,,,,,,,,,,,,,,,,,,,,
,,,,,,,,,,,,,,,,,,,,,,,,,,,,,,,,,,,,,,,,,,,,,,,,,,,,,,,,,,,,,,,,,016778,001,2024-05-16_18h54.20.045,experiment,2023.2.3,Win32,60.24096386,66415fdcc304dc7b28317cab,6644f019e4b599e96769a32b,664647c9d56b9a0c822fcd07,,,,,,,,,,,,,,,,,,,,,,,,,,,,,,,,,,,,,,,,,,5,,,,,,,,,,,,,4,,,,,,,,,,,,,,,,,,,,,,,,,s,4,blue_gnome,4,6,bright_forest,red_basket,purple_gnome,4,9,dark_forest,yellow_basket,30,0,0,1,blue_gnome,bright_forest,red_basket,997,1,0,8,1,65,7,1,0.781,,space,0.6245,,,,,,,,,,,,,,,,,,,,,,,,,,,,,,,,,,,,,,,,,,,,,,,,,,,,,,,,,,,,,,,,,,,,,,,,,,,,,
,,,,,,,,,,,,,,,,,,,,,,,,,,,,,,,,,,,,,,,,,,,,,,,,,,,,,,,,,,,,,,,,,016778,001,2024-05-16_18h54.20.045,experiment,2023.2.3,Win32,60.24096386,66415fdcc304dc7b28317cab,6644f019e4b599e96769a32b,664647c9d56b9a0c822fcd07,,,,,,,,,,,,,,,,,,,,,,,,,,,,,,,,,,,,,,,,,,1,,,,,,,,,,,,,3,,,,,,,,,,,,,,,,,,,,,,,,,s,3,red_gnome,3,7,bright_forest,red_basket,yellow_gnome,3,9,dark_forest,yellow_basket,7,0,0,1,red_gnome,bright_forest,red_basket,1004,0,1,8,2,66,2,1,1.3878,,space,0.4884,,,,,,,,,,,,,,,,,,,,,,,,,,,,,,,,,,,,,,,,,,,,,,,,,,,,,,,,,,,,,,,,,,,,,,,,,,,,,
,,,,,,,,,,,,,,,,,,,,,,,,,,,,,,,,,,,,,,,,,,,,,,,,,,,,,,,,,,,,,,,,,016778,001,2024-05-16_18h54.20.045,experiment,2023.2.3,Win32,60.24096386,66415fdcc304dc7b28317cab,6644f019e4b599e96769a32b,664647c9d56b9a0c822fcd07,,,,,,,,,,,,,,,,,,,,,,,,,,,,,,,,,,,,,,,,,,1,,,,,,,,,,,,,1,,,,,,,,,,,,,,,,,,,,,,,,,,1,brown_gnome,1,8,dark_forest,yellow_basket,orange_gnome,1,7,bright_forest,red_basket,0,1,0,0,,bright_forest,red_basket,1004,4,0,8,3,67,0,1,,,,,,,,,,,,,,,,,,,,,,,,,,,,,,,,,,,,,,,,,,,,,,,,,,,,,,,,,,,,,,,,,,,,,,,,,,,,,,,,,
,,,,,,,,,,,,,,,,,,,,,,,,,,,,,,,,,,,,,,,,,,,,,,,,,,,,,,,,,,,,,,,,,016778,001,2024-05-16_18h54.20.045,experiment,2023.2.3,Win32,60.24096386,66415fdcc304dc7b28317cab,6644f019e4b599e96769a32b,664647c9d56b9a0c822fcd07,,,,,,,,,,,,,,,,,,,,,,,,,,,,,,,,,,,,,,,,,,5,,,,,,,,,,,,,3,,,,,,,,,,,,,,,,,,,,,,,,,k,3,yellow_gnome,3,8,dark_forest,yellow_basket,red_gnome,3,7,bright_forest,red_basket,35,0,0,1,red_gnome,bright_forest,red_basket,1039,1,0,8,4,68,6,1,0.99,,space,0.4594,,,,,,,,,,,,,,,,,,,,,,,,,,,,,,,,,,,,,,,,,,,,,,,,,,,,,,,,,,,,,,,,,,,,,,,,,,,,,
,,,,,,,,,,,,,,,,,,,,,,,,,,,,,,,,,,,,,,,,,,,,,,,,,,,,,,,,,,,,,,,,,016778,001,2024-05-16_18h54.20.045,experiment,2023.2.3,Win32,60.24096386,66415fdcc304dc7b28317cab,6644f019e4b599e96769a32b,664647c9d56b9a0c822fcd07,,,,,,,,,,,,,,,,,,,,,,,,,,,,,,,,,,,,,,,,,,5,,,,,,,,,,,,,3,,,,,,,,,,,,,,,,,,,,,,,,,s,3,red_gnome,3,8,bright_forest,red_basket,yellow_gnome,3,8,dark_forest,yellow_basket,40,0,0,1,red_gnome,bright_forest,red_basket,1079,0,1,8,5,69,6,1,0.6765,,space,0.39,,,,,,,,,,,,,,,,,,,,,,,,,,,,,,,,,,,,,,,,,,,,,,,,,,,,,,,,,,,,,,,,,,,,,,,,,,,,,
,,,,,,,,,,,,,,,,,,,,,,,,,,,,,,,,,,,,,,,,,,,,,,,,,,,,,,,,,,,,,,,,,016778,001,2024-05-16_18h54.20.045,experiment,2023.2.3,Win32,60.24096386,66415fdcc304dc7b28317cab,6644f019e4b599e96769a32b,664647c9d56b9a0c822fcd07,,,,,,,,,,,,,,,,,,,,,,,,,,,,,,,,,,,,,,,,,,1,,,,,,,,,,,,,1,,,,,,,,,,,,,,,,,,,,,,,,,s,1,orange_gnome,1,8,bright_forest,red_basket,brown_gnome,1,9,dark_forest,yellow_basket,8,0,0,1,orange_gnome,bright_forest,red_basket,1087,2,0,8,6,70,0,1,1.0104,,space,0.4116,,,,,,,,,,,,,,,,,,,,,,,,,,,,,,,,,,,,,,,,,,,,,,,,,,,,,,,,,,,,,,,,,,,,,,,,,,,,,
,,,,,,,,,,,,,,,,,,,,,,,,,,,,,,,,,,,,,,,,,,,,,,,,,,,,,,,,,,,,,,,,,016778,001,2024-05-16_18h54.20.045,experiment,2023.2.3,Win32,60.24096386,66415fdcc304dc7b28317cab,6644f019e4b599e96769a32b,664647c9d56b9a0c822fcd07,,,,,,,,,,,,,,,,,,,,,,,,,,,,,,,,,,,,,,,,,,5,,,,,,,,,,,,,2,,,,,,,,,,,,,,,,,,,,,,,,,s,2,green_gnome,2,8,bright_forest,red_basket,pink_gnome,2,9,dark_forest,yellow_basket,40,0,0,1,green_gnome,bright_forest,red_basket,1127,1,-2,8,7,71,5,1,1.271,,space,0.4936,,,,,,,,,,,,,,,,,,,,,,,,,,,,,,,,,,,,,,,,,,,,,,,,,,,,,,,,,,,,,,,,,,,,,,,,,,,,,
,,,,,,,,,,,,,,,,,,,,,,,,,,,,,,,,,,,,,,,,,,,,,,,,,,,,,,,,,,,,,,,,,016778,001,2024-05-16_18h54.20.045,experiment,2023.2.3,Win32,60.24096386,66415fdcc304dc7b28317cab,6644f019e4b599e96769a32b,664647c9d56b9a0c822fcd07,,,,,,,,,,,,,,,,,,,,,,,,,,,,,,,,,,,,,,,,,,5,,,,,,,,,,,,,3,,,,,,,,,,,,,,,,,,,,,,,,,k,3,yellow_gnome,3,7,dark_forest,yellow_basket,red_gnome,3,9,bright_forest,red_basket,45,0,0,1,red_gnome,bright_forest,red_basket,1172,3,2,9,0,72,6,1,1.0557,,space,0.4876,,,,,,,,,,,,,,,,,,,,,,,,,,,,,,,,,,,,,,,,,,,,,,,,,,,,,,,,,,,,,,,,,,,,,,,,,,,,,
,,,,,,,,,,,,,,,,,,,,,,,,,,,,,,,,,,,,,,,,,,,,,,,,,,,,,,,,,,,,,,,,,016778,001,2024-05-16_18h54.20.045,experiment,2023.2.3,Win32,60.24096386,66415fdcc304dc7b28317cab,6644f019e4b599e96769a32b,664647c9d56b9a0c822fcd07,,,,,,,,,,,,,,,,,,,,,,,,,,,,,,,,,,,,,,,,,,5,,,,,,,,,,,,,3,,,,,,,,,,,,,,,,,,,,,,,,,s,3,red_gnome,3,6,bright_forest,red_basket,yellow_gnome,3,9,dark_forest,yellow_basket,30,0,0,1,red_gnome,bright_forest,red_basket,1202,1,2,9,1,73,6,1,0.972,,space,0.4671,,,,,,,,,,,,,,,,,,,,,,,,,,,,,,,,,,,,,,,,,,,,,,,,,,,,,,,,,,,,,,,,,,,,,,,,,,,,,
,,,,,,,,,,,,,,,,,,,,,,,,,,,,,,,,,,,,,,,,,,,,,,,,,,,,,,,,,,,,,,,,,016778,001,2024-05-16_18h54.20.045,experiment,2023.2.3,Win32,60.24096386,66415fdcc304dc7b28317cab,6644f019e4b599e96769a32b,664647c9d56b9a0c822fcd07,,,,,,,,,,,,,,,,,,,,,,,,,,,,,,,,,,,,,,,,,,5,,,,,,,,,,,,,3,,,,,,,,,,,,,,,,,,,,,,,,,s,3,red_gnome,3,7,bright_forest,red_basket,yellow_gnome,3,7,dark_forest,yellow_basket,35,0,0,1,red_gnome,bright_forest,red_basket,1237,-2,0,9,2,74,6,1,0.7873,,space,0.3736,,,,,,,,,,,,,,,,,,,,,,,,,,,,,,,,,,,,,,,,,,,,,,,,,,,,,,,,,,,,,,,,,,,,,,,,,,,,,
,,,,,,,,,,,,,,,,,,,,,,,,,,,,,,,,,,,,,,,,,,,,,,,,,,,,,,,,,,,,,,,,,016778,001,2024-05-16_18h54.20.045,experiment,2023.2.3,Win32,60.24096386,66415fdcc304dc7b28317cab,6644f019e4b599e96769a32b,664647c9d56b9a0c822fcd07,,,,,,,,,,,,,,,,,,,,,,,,,,,,,,,,,,,,,,,,,,1,,,,,,,,,,,,,2,,,,,,,,,,,,,,,,,,,,,,,,,s,2,green_gnome,2,5,bright_forest,red_basket,pink_gnome,2,7,dark_forest,yellow_basket,5,0,0,1,green_gnome,bright_forest,red_basket,1242,3,-1,9,3,75,1,1,1.0979,,space,0.5577,,,,,,,,,,,,,,,,,,,,,,,,,,,,,,,,,,,,,,,,,,,,,,,,,,,,,,,,,,,,,,,,,,,,,,,,,,,,,
,,,,,,,,,,,,,,,,,,,,,,,,,,,,,,,,,,,,,,,,,,,,,,,,,,,,,,,,,,,,,,,,,016778,001,2024-05-16_18h54.20.045,experiment,2023.2.3,Win32,60.24096386,66415fdcc304dc7b28317cab,6644f019e4b599e96769a32b,664647c9d56b9a0c822fcd07,,,,,,,,,,,,,,,,,,,,,,,,,,,,,,,,,,,,,,,,,,1,,,,,,,,,,,,,3,,,,,,,,,,,,,,,,,,,,,,,,,s,3,red_gnome,3,8,bright_forest,red_basket,yellow_gnome,3,6,dark_forest,yellow_basket,8,0,0,1,red_gnome,bright_forest,red_basket,1250,-2,2,9,4,76,2,1,1.5051,,space,0.573,,,,,,,,,,,,,,,,,,,,,,,,,,,,,,,,,,,,,,,,,,,,,,,,,,,,,,,,,,,,,,,,,,,,,,,,,,,,,
,,,,,,,,,,,,,,,,,,,,,,,,,,,,,,,,,,,,,,,,,,,,,,,,,,,,,,,,,,,,,,,,,016778,001,2024-05-16_18h54.20.045,experiment,2023.2.3,Win32,60.24096386,66415fdcc304dc7b28317cab,6644f019e4b599e96769a32b,664647c9d56b9a0c822fcd07,,,,,,,,,,,,,,,,,,,,,,,,,,,,,,,,,,,,,,,,,,5,,,,,,,,,,,,,1,,,,,,,,,,,,,,,,,,,,,,,,,s,1,orange_gnome,1,6,bright_forest,red_basket,brown_gnome,1,8,dark_forest,yellow_basket,30,0,0,1,orange_gnome,bright_forest,red_basket,1280,1,-5,9,5,77,4,1,0.9562,,space,0.4356,,,,,,,,,,,,,,,,,,,,,,,,,,,,,,,,,,,,,,,,,,,,,,,,,,,,,,,,,,,,,,,,,,,,,,,,,,,,,
,,,,,,,,,,,,,,,,,,,,,,,,,,,,,,,,,,,,,,,,,,,,,,,,,,,,,,,,,,,,,,,,,016778,001,2024-05-16_18h54.20.045,experiment,2023.2.3,Win32,60.24096386,66415fdcc304dc7b28317cab,6644f019e4b599e96769a32b,664647c9d56b9a0c822fcd07,,,,,,,,,,,,,,,,,,,,,,,,,,,,,,,,,,,,,,,,,,1,,,,,,,,,,,,,4,,,,,,,,,,,,,,,,,,,,,,,,,k,4,purple_gnome,4,3,dark_forest,yellow_basket,blue_gnome,4,7,bright_forest,red_basket,7,0,0,1,blue_gnome,bright_forest,red_basket,1287,1,0,9,6,78,3,1,0.9563,,space,0.388,,,,,,,,,,,,,,,,,,,,,,,,,,,,,,,,,,,,,,,,,,,,,,,,,,,,,,,,,,,,,,,,,,,,,,,,,,,,,
,,,,,,,,,,,,,,,,,,,,,,,,,,,,,,,,,,,,,,,,,,,,,,,,,,,,,,,,,,,,,,,,,016778,001,2024-05-16_18h54.20.045,experiment,2023.2.3,Win32,60.24096386,66415fdcc304dc7b28317cab,6644f019e4b599e96769a32b,664647c9d56b9a0c822fcd07,,,,,,,,,,,,,,,,,,,,,,,,,,,,,,,,,,,,,,,,,,1,,,,,,,,,,,,,1,,,,,,,,,,,,,,,,,,,,,,,,,s,1,orange_gnome,1,8,bright_forest,red_basket,brown_gnome,1,3,dark_forest,yellow_basket,8,0,0,1,orange_gnome,bright_forest,red_basket,1295,2,-2,9,7,79,0,1,0.7783,,space,0.4554,,,,,,,,,,,,,,,,,,,,,,,,,,,,,,,,,,,,,,,,,,,,,,,,,,,,,,,,,,,,,,,,,,,,,,,,,,,,,
,,,,,,,,,,,,,,,,,,,,,,,,,,,,,,,,,,,,,,,,,,,,,,,,,,,,,,,,,,,,,,,,,016778,001,2024-05-16_18h54.20.045,experiment,2023.2.3,Win32,60.24096386,66415fdcc304dc7b28317cab,6644f019e4b599e96769a32b,664647c9d56b9a0c822fcd07,,,,,,,,,,,,,,,,,,,,,,,,,,,,,,,,,,,,,,,,,,5,,,,,,,,,,,,,4,,,,,,,,,,,,,,,,,,,,,,,,,s,4,blue_gnome,4,8,bright_forest,red_basket,purple_gnome,4,1,dark_forest,yellow_basket,40,0,0,1,blue_gnome,bright_forest,red_basket,1335,-1,0,10,0,80,7,1,0.8386,,space,0.5695,,,,,,,,,,,,,,,,,,,,,,,,,,,,,,,,,,,,,,,,,,,,,,,,,,,,,,,,,,,,,,,,,,,,,,,,,,,,,
,,,,,,,,,,,,,,,,,,,,,,,,,,,,,,,,,,,,,,,,,,,,,,,,,,,,,,,,,,,,,,,,,016778,001,2024-05-16_18h54.20.045,experiment,2023.2.3,Win32,60.24096386,66415fdcc304dc7b28317cab,6644f019e4b599e96769a32b,664647c9d56b9a0c822fcd07,,,,,,,,,,,,,,,,,,,,,,,,,,,,,,,,,,,,,,,,,,1,,,,,,,,,,,,,2,,,,,,,,,,,,,,,,,,,,,,,,,s,2,green_gnome,2,7,bright_forest,red_basket,pink_gnome,2,1,dark_forest,yellow_basket,7,0,0,1,green_gnome,bright_forest,red_basket,1342,2,-2,10,1,81,1,1,0.8611,,space,0.4226,,,,,,,,,,,,,,,,,,,,,,,,,,,,,,,,,,,,,,,,,,,,,,,,,,,,,,,,,,,,,,,,,,,,,,,,,,,,,
,,,,,,,,,,,,,,,,,,,,,,,,,,,,,,,,,,,,,,,,,,,,,,,,,,,,,,,,,,,,,,,,,016778,001,2024-05-16_18h54.20.045,experiment,2023.2.3,Win32,60.24096386,66415fdcc304dc7b28317cab,6644f019e4b599e96769a32b,664647c9d56b9a0c822fcd07,,,,,,,,,,,,,,,,,,,,,,,,,,,,,,,,,,,,,,,,,,1,,,,,,,,,,,,,2,,,,,,,,,,,,,,,,,,,,,,,,,s,2,green_gnome,2,9,bright_forest,red_basket,pink_gnome,2,1,dark_forest,yellow_basket,9,0,0,1,green_gnome,bright_forest,red_basket,1351,0,1,10,2,82,1,1,0.6869,,space,0.4236,,,,,,,,,,,,,,,,,,,,,,,,,,,,,,,,,,,,,,,,,,,,,,,,,,,,,,,,,,,,,,,,,,,,,,,,,,,,,
,,,,,,,,,,,,,,,,,,,,,,,,,,,,,,,,,,,,,,,,,,,,,,,,,,,,,,,,,,,,,,,,,016778,001,2024-05-16_18h54.20.045,experiment,2023.2.3,Win32,60.24096386,66415fdcc304dc7b28317cab,6644f019e4b599e96769a32b,664647c9d56b9a0c822fcd07,,,,,,,,,,,,,,,,,,,,,,,,,,,,,,,,,,,,,,,,,,5,,,,,,,,,,,,,4,,,,,,,,,,,,,,,,,,,,,,,,,k,4,purple_gnome,4,2,dark_forest,yellow_basket,blue_gnome,4,9,bright_forest,red_basket,45,0,0,1,blue_gnome,bright_forest,red_basket,1396,0,0,10,3,83,7,1,0.5758,,space,0.6088,,,,,,,,,,,,,,,,,,,,,,,,,,,,,,,,,,,,,,,,,,,,,,,,,,,,,,,,,,,,,,,,,,,,,,,,,,,,,
,,,,,,,,,,,,,,,,,,,,,,,,,,,,,,,,,,,,,,,,,,,,,,,,,,,,,,,,,,,,,,,,,016778,001,2024-05-16_18h54.20.045,experiment,2023.2.3,Win32,60.24096386,66415fdcc304dc7b28317cab,6644f019e4b599e96769a32b,664647c9d56b9a0c822fcd07,,,,,,,,,,,,,,,,,,,,,,,,,,,,,,,,,,,,,,,,,,5,,,,,,,,,,,,,1,,,,,,,,,,,,,,,,,,,,,,,,,s,1,orange_gnome,1,9,bright_forest,red_basket,brown_gnome,1,2,dark_forest,yellow_basket,45,0,0,1,orange_gnome,bright_forest,red_basket,1441,3,3,10,4,84,4,1,0.6639,,space,1.0752,,,,,,,,,,,,,,,,,,,,,,,,,,,,,,,,,,,,,,,,,,,,,,,,,,,,,,,,,,,,,,,,,,,,,,,,,,,,,
,,,,,,,,,,,,,,,,,,,,,,,,,,,,,,,,,,,,,,,,,,,,,,,,,,,,,,,,,,,,,,,,,016778,001,2024-05-16_18h54.20.045,experiment,2023.2.3,Win32,60.24096386,66415fdcc304dc7b28317cab,6644f019e4b599e96769a32b,664647c9d56b9a0c822fcd07,,,,,,,,,,,,,,,,,,,,,,,,,,,,,,,,,,,,,,,,,,5,,,,,,,,,,,,,3,,,,,,,,,,,,,,,,,,,,,,,,,k,3,yellow_gnome,3,5,dark_forest,yellow_basket,red_gnome,3,6,bright_forest,red_basket,30,0,0,1,red_gnome,bright_forest,red_basket,1471,-1,-2,10,5,85,6,1,1.0243,,space,0.6558,,,,,,,,,,,,,,,,,,,,,,,,,,,,,,,,,,,,,,,,,,,,,,,,,,,,,,,,,,,,,,,,,,,,,,,,,,,,,
,,,,,,,,,,,,,,,,,,,,,,,,,,,,,,,,,,,,,,,,,,,,,,,,,,,,,,,,,,,,,,,,,016778,001,2024-05-16_18h54.20.045,experiment,2023.2.3,Win32,60.24096386,66415fdcc304dc7b28317cab,6644f019e4b599e96769a32b,664647c9d56b9a0c822fcd07,,,,,,,,,,,,,,,,,,,,,,,,,,,,,,,,,,,,,,,,,,5,,,,,,,,,,,,,4,,,,,,,,,,,,,,,,,,,,,,,,,k,4,purple_gnome,4,3,dark_forest,yellow_basket,blue_gnome,4,5,bright_forest,red_basket,25,0,0,1,blue_gnome,bright_forest,red_basket,1496,2,0,10,6,86,7,1,0.9732,,space,0.5814,,,,,,,,,,,,,,,,,,,,,,,,,,,,,,,,,,,,,,,,,,,,,,,,,,,,,,,,,,,,,,,,,,,,,,,,,,,,,
,,,,,,,,,,,,,,,,,,,,,,,,,,,,,,,,,,,,,,,,,,,,,,,,,,,,,,,,,,,,,,,,,016778,001,2024-05-16_18h54.20.045,experiment,2023.2.3,Win32,60.24096386,66415fdcc304dc7b28317cab,6644f019e4b599e96769a32b,664647c9d56b9a0c822fcd07,,,,,,,,,,,,,,,,,,,,,,,,,,,,,,,,,,,,,,,,,,1,,,,,,,,,,,,,1,,,,,,,,,,,,,,,,,,,,,,,,,s,1,orange_gnome,1,7,bright_forest,red_basket,brown_gnome,1,3,dark_forest,yellow_basket,7,0,0,1,orange_gnome,bright_forest,red_basket,1503,-1,1,10,7,87,0,1,0.9556,,space,0.7643,,,,,,,,,,,,,,,,,,,,,,,,,,,,,,,,,,,,,,,,,,,,,,,,,,,,,,,,,,,,,,,,,,,,,,,,,,,,,
,,,,,,,,,,,,,,,,,,,,,,,,,,,,,,,,,,,,,,,,,,,,,,,,,,,,,,,,,,,,,,,,,016778,001,2024-05-16_18h54.20.045,experiment,2023.2.3,Win32,60.24096386,66415fdcc304dc7b28317cab,6644f019e4b599e96769a32b,664647c9d56b9a0c822fcd07,,,,,,,,,,,,,,,,,,,,,,,,,,,,,,,,,,,,,,,,,,5,,,,,,,,,,,,,2,,,,,,,,,,,,,,,,,,,,,,,,,s,2,green_gnome,2,6,bright_forest,red_basket,pink_gnome,2,4,dark_forest,yellow_basket,30,0,0,1,green_gnome,bright_forest,red_basket,1533,0,-1,11,0,88,5,1,1.0467,,space,0.6611,,,,,,,,,,,,,,,,,,,,,,,,,,,,,,,,,,,,,,,,,,,,,,,,,,,,,,,,,,,,,,,,,,,,,,,,,,,,,
,,,,,,,,,,,,,,,,,,,,,,,,,,,,,,,,,,,,,,,,,,,,,,,,,,,,,,,,,,,,,,,,,016778,001,2024-05-16_18h54.20.045,experiment,2023.2.3,Win32,60.24096386,66415fdcc304dc7b28317cab,6644f019e4b599e96769a32b,664647c9d56b9a0c822fcd07,,,,,,,,,,,,,,,,,,,,,,,,,,,,,,,,,,,,,,,,,,1,,,,,,,,,,,,,2,,,,,,,,,,,,,,,,,,,,,,,,,k,2,pink_gnome,2,3,dark_forest,yellow_basket,green_gnome,2,6,bright_forest,red_basket,6,0,0,1,green_gnome,bright_forest,red_basket,1539,1,2,11,1,89,1,1,1.044,,space,0.7247,,,,,,,,,,,,,,,,,,,,,,,,,,,,,,,,,,,,,,,,,,,,,,,,,,,,,,,,,,,,,,,,,,,,,,,,,,,,,
,,,,,,,,,,,,,,,,,,,,,,,,,,,,,,,,,,,,,,,,,,,,,,,,,,,,,,,,,,,,,,,,,016778,001,2024-05-16_18h54.20.045,experiment,2023.2.3,Win32,60.24096386,66415fdcc304dc7b28317cab,6644f019e4b599e96769a32b,664647c9d56b9a0c822fcd07,,,,,,,,,,,,,,,,,,,,,,,,,,,,,,,,,,,,,,,,,,1,,,,,,,,,,,,,1,,,,,,,,,,,,,,,,,,,,,,,,,s,1,orange_gnome,1,7,bright_forest,red_basket,brown_gnome,1,5,dark_forest,yellow_basket,7,0,0,1,orange_gnome,bright_forest,red_basket,1546,-1,1,11,2,90,0,1,0.9885,,space,0.6396,,,,,,,,,,,,,,,,,,,,,,,,,,,,,,,,,,,,,,,,,,,,,,,,,,,,,,,,,,,,,,,,,,,,,,,,,,,,,
,,,,,,,,,,,,,,,,,,,,,,,,,,,,,,,,,,,,,,,,,,,,,,,,,,,,,,,,,,,,,,,,,016778,001,2024-05-16_18h54.20.045,experiment,2023.2.3,Win32,60.24096386,66415fdcc304dc7b28317cab,6644f019e4b599e96769a32b,664647c9d56b9a0c822fcd07,,,,,,,,,,,,,,,,,,,,,,,,,,,,,,,,,,,,,,,,,,1,,,,,,,,,,,,,3,,,,,,,,,,,,,,,,,,,,,,,,,s,3,red_gnome,3,6,bright_forest,red_basket,yellow_gnome,3,6,dark_forest,yellow_basket,6,0,0,1,red_gnome,bright_forest,red_basket,1552,1,1,11,3,91,2,1,0.8887,,space,0.087,,,,,,,,,,,,,,,,,,,,,,,,,,,,,,,,,,,,,,,,,,,,,,,,,,,,,,,,,,,,,,,,,,,,,,,,,,,,,
,,,,,,,,,,,,,,,,,,,,,,,,,,,,,,,,,,,,,,,,,,,,,,,,,,,,,,,,,,,,,,,,,016778,001,2024-05-16_18h54.20.045,experiment,2023.2.3,Win32,60.24096386,66415fdcc304dc7b28317cab,6644f019e4b599e96769a32b,664647c9d56b9a0c822fcd07,,,,,,,,,,,,,,,,,,,,,,,,,,,,,,,,,,,,,,,,,,1,,,,,,,,,,,,,2,,,,,,,,,,,,,,,,,,,,,,,,,k,2,pink_gnome,2,7,dark_forest,yellow_basket,green_gnome,2,7,bright_forest,red_basket,7,0,0,1,green_gnome,bright_forest,red_basket,1559,0,-3,11,4,92,1,1,0.8569,,space,0.4284,,,,,,,,,,,,,,,,,,,,,,,,,,,,,,,,,,,,,,,,,,,,,,,,,,,,,,,,,,,,,,,,,,,,,,,,,,,,,
,,,,,,,,,,,,,,,,,,,,,,,,,,,,,,,,,,,,,,,,,,,,,,,,,,,,,,,,,,,,,,,,,016778,001,2024-05-16_18h54.20.045,experiment,2023.2.3,Win32,60.24096386,66415fdcc304dc7b28317cab,6644f019e4b599e96769a32b,664647c9d56b9a0c822fcd07,,,,,,,,,,,,,,,,,,,,,,,,,,,,,,,,,,,,,,,,,,1,,,,,,,,,,,,,2,,,,,,,,,,,,,,,,,,,,,,,,,k,2,pink_gnome,2,4,dark_forest,yellow_basket,green_gnome,2,7,bright_forest,red_basket,7,0,0,1,green_gnome,bright_forest,red_basket,1566,0,-4,11,5,93,1,1,1.1268,,space,0.928,,,,,,,,,,,,,,,,,,,,,,,,,,,,,,,,,,,,,,,,,,,,,,,,,,,,,,,,,,,,,,,,,,,,,,,,,,,,,
,,,,,,,,,,,,,,,,,,,,,,,,,,,,,,,,,,,,,,,,,,,,,,,,,,,,,,,,,,,,,,,,,016778,001,2024-05-16_18h54.20.045,experiment,2023.2.3,Win32,60.24096386,66415fdcc304dc7b28317cab,6644f019e4b599e96769a32b,664647c9d56b9a0c822fcd07,,,,,,,,,,,,,,,,,,,,,,,,,,,,,,,,,,,,,,,,,,1,,,,,,,,,,,,,2,,,,,,,,,,,,,,,,,,,,,,,,,k,2,pink_gnome,2,0,dark_forest,yellow_basket,green_gnome,2,7,bright_forest,red_basket,7,0,0,1,green_gnome,bright_forest,red_basket,1573,3,0,11,6,94,1,1,0.7458,,space,0.4397,,,,,,,,,,,,,,,,,,,,,,,,,,,,,,,,,,,,,,,,,,,,,,,,,,,,,,,,,,,,,,,,,,,,,,,,,,,,,
,,,,,,,,,,,,,,,,,,,,,,,,,,,,,,,,,,,,,,,,,,,,,,,,,,,,,,,,,,,,,,,,,016778,001,2024-05-16_18h54.20.045,experiment,2023.2.3,Win32,60.24096386,66415fdcc304dc7b28317cab,6644f019e4b599e96769a32b,664647c9d56b9a0c822fcd07,,,,,,,,,,,,,,,,,,,,,,,,,,,,,,,,,,,,,,,,,,5,,,,,,,,,,,,,3,,,,,,,,,,,,,,,,,,,,,,,,,k,3,yellow_gnome,3,0,dark_forest,yellow_basket,red_gnome,3,8,bright_forest,red_basket,40,0,0,1,red_gnome,bright_forest,red_basket,1613,-1,1,11,7,95,6,1,0.6928,,space,0.6041,,,,,,,,,,,,,,,,,,,,,,,,,,,,,,,,,,,,,,,,,,,,,,,,,,,,,,,,,,,,,,,,,,,,,,,,,,,,,
,,,,,,,,,,,,,,,,,,,,,,,,,,,,,,,,,,,,,,,,,,,,,,,,,,,,,,,,,,,,,,,,,016778,001,2024-05-16_18h54.20.045,experiment,2023.2.3,Win32,60.24096386,66415fdcc304dc7b28317cab,6644f019e4b599e96769a32b,664647c9d56b9a0c822fcd07,,,,,,,,,,,,,,,,,,,,,,,,,,,,,,,,,,,,,,,,,,5,,,,,,,,,,,,,2,,,,,,,,,,,,,,,,,,,,,,,,,k,2,pink_gnome,2,1,dark_forest,yellow_basket,green_gnome,2,7,bright_forest,red_basket,35,0,0,1,green_gnome,bright_forest,red_basket,1648,0,5,12,0,96,5,1,0.9616,,space,0.7105,,,,,,,,,,,,,,,,,,,,,,,,,,,,,,,,,,,,,,,,,,,,,,,,,,,,,,,,,,,,,,,,,,,,,,,,,,,,,
,,,,,,,,,,,,,,,,,,,,,,,,,,,,,,,,,,,,,,,,,,,,,,,,,,,,,,,,,,,,,,,,,016778,001,2024-05-16_18h54.20.045,experiment,2023.2.3,Win32,60.24096386,66415fdcc304dc7b28317cab,6644f019e4b599e96769a32b,664647c9d56b9a0c822fcd07,,,,,,,,,,,,,,,,,,,,,,,,,,,,,,,,,,,,,,,,,,1,,,,,,,,,,,,,4,,,,,,,,,,,,,,,,,,,,,,,,,s,4,blue_gnome,4,7,bright_forest,red_basket,purple_gnome,4,6,dark_forest,yellow_basket,7,0,0,1,blue_gnome,bright_forest,red_basket,1655,1,-2,12,1,97,3,1,0.7095,,space,0.5022,,,,,,,,,,,,,,,,,,,,,,,,,,,,,,,,,,,,,,,,,,,,,,,,,,,,,,,,,,,,,,,,,,,,,,,,,,,,,
,,,,,,,,,,,,,,,,,,,,,,,,,,,,,,,,,,,,,,,,,,,,,,,,,,,,,,,,,,,,,,,,,016778,001,2024-05-16_18h54.20.045,experiment,2023.2.3,Win32,60.24096386,66415fdcc304dc7b28317cab,6644f019e4b599e96769a32b,664647c9d56b9a0c822fcd07,,,,,,,,,,,,,,,,,,,,,,,,,,,,,,,,,,,,,,,,,,1,,,,,,,,,,,,,3,,,,,,,,,,,,,,,,,,,,,,,,,s,3,yellow_gnome,3,4,dark_forest,yellow_basket,red_gnome,3,8,bright_forest,red_basket,4,0,0,1,yellow_gnome,dark_forest,yellow_basket,1659,1,2,12,2,98,2,1,0.7907,,space,0.4833,,,,,,,,,,,,,,,,,,,,,,,,,,,,,,,,,,,,,,,,,,,,,,,,,,,,,,,,,,,,,,,,,,,,,,,,,,,,,
,,,,,,,,,,,,,,,,,,,,,,,,,,,,,,,,,,,,,,,,,,,,,,,,,,,,,,,,,,,,,,,,,016778,001,2024-05-16_18h54.20.045,experiment,2023.2.3,Win32,60.24096386,66415fdcc304dc7b28317cab,6644f019e4b599e96769a32b,664647c9d56b9a0c822fcd07,,,,,,,,,,,,,,,,,,,,,,,,,,,,,,,,,,,,,,,,,,5,,,,,,,,,,,,,2,,,,,,,,,,,,,,,,,,,,,,,,,s,2,green_gnome,2,9,bright_forest,red_basket,pink_gnome,2,6,dark_forest,yellow_basket,45,0,0,1,green_gnome,bright_forest,red_basket,1704,-4,-1,12,3,99,5,1,1.0717,,space,0.7748,,,,,,,,,,,,,,,,,,,,,,,,,,,,,,,,,,,,,,,,,,,,,,,,,,,,,,,,,,,,,,,,,,,,,,,,,,,,,
,,,,,,,,,,,,,,,,,,,,,,,,,,,,,,,,,,,,,,,,,,,,,,,,,,,,,,,,,,,,,,,,,016778,001,2024-05-16_18h54.20.045,experiment,2023.2.3,Win32,60.24096386,66415fdcc304dc7b28317cab,6644f019e4b599e96769a32b,664647c9d56b9a0c822fcd07,,,,,,,,,,,,,,,,,,,,,,,,,,,,,,,,,,,,,,,,,,1,,,,,,,,,,,,,1,,,,,,,,,,,,,,,,,,,,,,,,,k,1,orange_gnome,1,5,bright_forest,red_basket,brown_gnome,1,5,dark_forest,yellow_basket,5,0,0,1,brown_gnome,dark_forest,yellow_basket,1709,3,-2,12,4,100,0,1,1.0495,,space,0.625,,,,,,,,,,,,,,,,,,,,,,,,,,,,,,,,,,,,,,,,,,,,,,,,,,,,,,,,,,,,,,,,,,,,,,,,,,,,,
,,,,,,,,,,,,,,,,,,,,,,,,,,,,,,,,,,,,,,,,,,,,,,,,,,,,,,,,,,,,,,,,,016778,001,2024-05-16_18h54.20.045,experiment,2023.2.3,Win32,60.24096386,66415fdcc304dc7b28317cab,6644f019e4b599e96769a32b,664647c9d56b9a0c822fcd07,,,,,,,,,,,,,,,,,,,,,,,,,,,,,,,,,,,,,,,,,,1,,,,,,,,,,,,,4,,,,,,,,,,,,,,,,,,,,,,,,,s,4,blue_gnome,4,8,bright_forest,red_basket,purple_gnome,4,3,dark_forest,yellow_basket,8,0,0,1,blue_gnome,bright_forest,red_basket,1717,3,1,12,5,101,3,1,0.8918,,space,0.5262,,,,,,,,,,,,,,,,,,,,,,,,,,,,,,,,,,,,,,,,,,,,,,,,,,,,,,,,,,,,,,,,,,,,,,,,,,,,,
,,,,,,,,,,,,,,,,,,,,,,,,,,,,,,,,,,,,,,,,,,,,,,,,,,,,,,,,,,,,,,,,,016778,001,2024-05-16_18h54.20.045,experiment,2023.2.3,Win32,60.24096386,66415fdcc304dc7b28317cab,6644f019e4b599e96769a32b,664647c9d56b9a0c822fcd07,,,,,,,,,,,,,,,,,,,,,,,,,,,,,,,,,,,,,,,,,,5,,,,,,,,,,,,,4,,,,,,,,,,,,,,,,,,,,,,,,,k,4,purple_gnome,4,4,dark_forest,yellow_basket,blue_gnome,4,7,bright_forest,red_basket,35,0,0,1,blue_gnome,bright_forest,red_basket,1752,-1,-2,12,6,102,7,1,0.6797,,space,0.4414,,,,,,,,,,,,,,,,,,,,,,,,,,,,,,,,,,,,,,,,,,,,,,,,,,,,,,,,,,,,,,,,,,,,,,,,,,,,,
,,,,,,,,,,,,,,,,,,,,,,,,,,,,,,,,,,,,,,,,,,,,,,,,,,,,,,,,,,,,,,,,,016778,001,2024-05-16_18h54.20.045,experiment,2023.2.3,Win32,60.24096386,66415fdcc304dc7b28317cab,6644f019e4b599e96769a32b,664647c9d56b9a0c822fcd07,,,,,,,,,,,,,,,,,,,,,,,,,,,,,,,,,,,,,,,,,,5,,,,,,,,,,,,,4,,,,,,,,,,,,,,,,,,,,,,,,,s,4,blue_gnome,4,6,bright_forest,red_basket,purple_gnome,4,2,dark_forest,yellow_basket,30,0,0,1,blue_gnome,bright_forest,red_basket,1782,0,2,12,7,103,7,1,0.6319,,space,0.4221,,,,,,,,,,,,,,,,,,,,,,,,,,,,,,,,,,,,,,,,,,,,,,,,,,,,,,,,,,,,,,,,,,,,,,,,,,,,,
,,,,,,,,,,,,,,,,,,,,,,,,,,,,,,,,,,,,,,,,,,,,,,,,,,,,,,,,,,,,,,,,,016778,001,2024-05-16_18h54.20.045,experiment,2023.2.3,Win32,60.24096386,66415fdcc304dc7b28317cab,6644f019e4b599e96769a32b,664647c9d56b9a0c822fcd07,,,,,,,,,,,,,,,,,,,,,,,,,,,,,,,,,,,,,,,,,,1,,,,,,,,,,,,,4,,,,,,,,,,,,,,,,,,,,,,,,,s,4,blue_gnome,4,6,bright_forest,red_basket,purple_gnome,4,4,dark_forest,yellow_basket,6,0,0,1,blue_gnome,bright_forest,red_basket,1788,-1,-2,13,0,104,3,1,0.5749,,space,0.7367,,,,,,,,,,,,,,,,,,,,,,,,,,,,,,,,,,,,,,,,,,,,,,,,,,,,,,,,,,,,,,,,,,,,,,,,,,,,,
,,,,,,,,,,,,,,,,,,,,,,,,,,,,,,,,,,,,,,,,,,,,,,,,,,,,,,,,,,,,,,,,,016778,001,2024-05-16_18h54.20.045,experiment,2023.2.3,Win32,60.24096386,66415fdcc304dc7b28317cab,6644f019e4b599e96769a32b,664647c9d56b9a0c822fcd07,,,,,,,,,,,,,,,,,,,,,,,,,,,,,,,,,,,,,,,,,,1,,,,,,,,,,,,,4,,,,,,,,,,,,,,,,,,,,,,,,,s,4,blue_gnome,4,5,bright_forest,red_basket,purple_gnome,4,2,dark_forest,yellow_basket,5,0,0,1,blue_gnome,bright_forest,red_basket,1793,-1,2,13,1,105,3,1,0.7538,,space,0.6452,,,,,,,,,,,,,,,,,,,,,,,,,,,,,,,,,,,,,,,,,,,,,,,,,,,,,,,,,,,,,,,,,,,,,,,,,,,,,
,,,,,,,,,,,,,,,,,,,,,,,,,,,,,,,,,,,,,,,,,,,,,,,,,,,,,,,,,,,,,,,,,016778,001,2024-05-16_18h54.20.045,experiment,2023.2.3,Win32,60.24096386,66415fdcc304dc7b28317cab,6644f019e4b599e96769a32b,664647c9d56b9a0c822fcd07,,,,,,,,,,,,,,,,,,,,,,,,,,,,,,,,,,,,,,,,,,1,,,,,,,,,,,,,1,,,,,,,,,,,,,,,,,,,,,,,,,s,1,orange_gnome,1,4,bright_forest,red_basket,brown_gnome,1,4,dark_forest,yellow_basket,4,0,0,1,orange_gnome,bright_forest,red_basket,1797,-1,-2,13,2,106,0,1,1.3086,,space,0.5304,,,,,,,,,,,,,,,,,,,,,,,,,,,,,,,,,,,,,,,,,,,,,,,,,,,,,,,,,,,,,,,,,,,,,,,,,,,,,
,,,,,,,,,,,,,,,,,,,,,,,,,,,,,,,,,,,,,,,,,,,,,,,,,,,,,,,,,,,,,,,,,016778,001,2024-05-16_18h54.20.045,experiment,2023.2.3,Win32,60.24096386,66415fdcc304dc7b28317cab,6644f019e4b599e96769a32b,664647c9d56b9a0c822fcd07,,,,,,,,,,,,,,,,,,,,,,,,,,,,,,,,,,,,,,,,,,1,,,,,,,,,,,,,1,,,,,,,,,,,,,,,,,,,,,,,,,k,1,brown_gnome,1,2,dark_forest,yellow_basket,orange_gnome,1,3,bright_forest,red_basket,3,0,0,1,orange_gnome,bright_forest,red_basket,1800,3,2,13,3,107,0,1,0.6647,,space,0.3972,,,,,,,,,,,,,,,,,,,,,,,,,,,,,,,,,,,,,,,,,,,,,,,,,,,,,,,,,,,,,,,,,,,,,,,,,,,,,
,,,,,,,,,,,,,,,,,,,,,,,,,,,,,,,,,,,,,,,,,,,,,,,,,,,,,,,,,,,,,,,,,016778,001,2024-05-16_18h54.20.045,experiment,2023.2.3,Win32,60.24096386,66415fdcc304dc7b28317cab,6644f019e4b599e96769a32b,664647c9d56b9a0c822fcd07,,,,,,,,,,,,,,,,,,,,,,,,,,,,,,,,,,,,,,,,,,1,,,,,,,,,,,,,3,,,,,,,,,,,,,,,,,,,,,,,,,k,3,yellow_gnome,3,4,dark_forest,yellow_basket,red_gnome,3,6,bright_forest,red_basket,6,0,0,1,red_gnome,bright_forest,red_basket,1806,3,1,13,4,108,2,1,0.8883,,space,0.4267,,,,,,,,,,,,,,,,,,,,,,,,,,,,,,,,,,,,,,,,,,,,,,,,,,,,,,,,,,,,,,,,,,,,,,,,,,,,,
,,,,,,,,,,,,,,,,,,,,,,,,,,,,,,,,,,,,,,,,,,,,,,,,,,,,,,,,,,,,,,,,,016778,001,2024-05-16_18h54.20.045,experiment,2023.2.3,Win32,60.24096386,66415fdcc304dc7b28317cab,6644f019e4b599e96769a32b,664647c9d56b9a0c822fcd07,,,,,,,,,,,,,,,,,,,,,,,,,,,,,,,,,,,,,,,,,,5,,,,,,,,,,,,,1,,,,,,,,,,,,,,,,,,,,,,,,,k,1,orange_gnome,1,9,bright_forest,red_basket,brown_gnome,1,5,dark_forest,yellow_basket,25,0,0,1,brown_gnome,dark_forest,yellow_basket,1831,2,-1,13,5,109,4,1,0.7378,,space,0.3712,,,,,,,,,,,,,,,,,,,,,,,,,,,,,,,,,,,,,,,,,,,,,,,,,,,,,,,,,,,,,,,,,,,,,,,,,,,,,
,,,,,,,,,,,,,,,,,,,,,,,,,,,,,,,,,,,,,,,,,,,,,,,,,,,,,,,,,,,,,,,,,016778,001,2024-05-16_18h54.20.045,experiment,2023.2.3,Win32,60.24096386,66415fdcc304dc7b28317cab,6644f019e4b599e96769a32b,664647c9d56b9a0c822fcd07,,,,,,,,,,,,,,,,,,,,,,,,,,,,,,,,,,,,,,,,,,5,,,,,,,,,,,,,4,,,,,,,,,,,,,,,,,,,,,,,,,k,4,purple_gnome,4,4,dark_forest,yellow_basket,blue_gnome,4,7,bright_forest,red_basket,35,0,0,1,blue_gnome,bright_forest,red_basket,1866,1,1,13,6,110,7,1,0.7382,,space,1.3296,,,,,,,,,,,,,,,,,,,,,,,,,,,,,,,,,,,,,,,,,,,,,,,,,,,,,,,,,,,,,,,,,,,,,,,,,,,,,
,,,,,,,,,,,,,,,,,,,,,,,,,,,,,,,,,,,,,,,,,,,,,,,,,,,,,,,,,,,,,,,,,016778,001,2024-05-16_18h54.20.045,experiment,2023.2.3,Win32,60.24096386,66415fdcc304dc7b28317cab,6644f019e4b599e96769a32b,664647c9d56b9a0c822fcd07,,,,,,,,,,,,,,,,,,,,,,,,,,,,,,,,,,,,,,,,,,1,,,,,,,,,,,,,1,,,,,,,,,,,,,,,,,,,,,,,,,k,1,brown_gnome,1,5,dark_forest,yellow_basket,orange_gnome,1,8,bright_forest,red_basket,8,0,0,1,orange_gnome,bright_forest,red_basket,1874,1,3,13,7,111,0,1,0.7411,,space,0.9436,,,,,,,,,,,,,,,,,,,,,,,,,,,,,,,,,,,,,,,,,,,,,,,,,,,,,,,,,,,,,,,,,,,,,,,,,,,,,
,,,,,,,,,,,,,,,,,,,,,,,,,,,,,,,,,,,,,,,,,,,,,,,,,,,,,,,,,,,,,,,,,016778,001,2024-05-16_18h54.20.045,experiment,2023.2.3,Win32,60.24096386,66415fdcc304dc7b28317cab,6644f019e4b599e96769a32b,664647c9d56b9a0c822fcd07,,,,,,,,,,,,,,,,,,,,,,,,,,,,,,,,,,,,,,,,,,1,,,,,,,,,,,,,4,,,,,,,,,,,,,,,,,,,,,,,,,k,4,purple_gnome,4,8,dark_forest,yellow_basket,blue_gnome,4,9,bright_forest,red_basket,0,0,1,0,blue_gnome,bright_forest,red_basket,1874,4,0,14,0,112,3,1,0.6768,,,,,,,,,,,,,,,,,,,,,,,,,,,,,,,,,,,,,,,,,,,,,,,,,,,,,,,,,,,,,,,,,,,,,,,,,,,,,,,,
,,,,,,,,,,,,,,,,,,,,,,,,,,,,,,,,,,,,,,,,,,,,,,,,,,,,,,,,,,,,,,,,,016778,001,2024-05-16_18h54.20.045,experiment,2023.2.3,Win32,60.24096386,66415fdcc304dc7b28317cab,6644f019e4b599e96769a32b,664647c9d56b9a0c822fcd07,,,,,,,,,,,,,,,,,,,,,,,,,,,,,,,,,,,,,,,,,,1,,,,,,,,,,,,,2,,,,,,,,,,,,,,,,,,,,,,,,,s,2,green_gnome,2,5,bright_forest,red_basket,pink_gnome,2,8,dark_forest,yellow_basket,5,0,0,1,green_gnome,bright_forest,red_basket,1879,1,-2,14,1,113,1,1,0.7294,,space,0.5327,,,,,,,,,,,,,,,,,,,,,,,,,,,,,,,,,,,,,,,,,,,,,,,,,,,,,,,,,,,,,,,,,,,,,,,,,,,,,
,,,,,,,,,,,,,,,,,,,,,,,,,,,,,,,,,,,,,,,,,,,,,,,,,,,,,,,,,,,,,,,,,016778,001,2024-05-16_18h54.20.045,experiment,2023.2.3,Win32,60.24096386,66415fdcc304dc7b28317cab,6644f019e4b599e96769a32b,664647c9d56b9a0c822fcd07,,,,,,,,,,,,,,,,,,,,,,,,,,,,,,,,,,,,,,,,,,1,,,,,,,,,,,,,4,,,,,,,,,,,,,,,,,,,,,,,,,k,4,blue_gnome,4,6,bright_forest,red_basket,purple_gnome,4,6,dark_forest,yellow_basket,6,0,0,1,purple_gnome,dark_forest,yellow_basket,1885,1,-1,14,2,114,3,1,0.5246,,space,0.3773,,,,,,,,,,,,,,,,,,,,,,,,,,,,,,,,,,,,,,,,,,,,,,,,,,,,,,,,,,,,,,,,,,,,,,,,,,,,,
,,,,,,,,,,,,,,,,,,,,,,,,,,,,,,,,,,,,,,,,,,,,,,,,,,,,,,,,,,,,,,,,,016778,001,2024-05-16_18h54.20.045,experiment,2023.2.3,Win32,60.24096386,66415fdcc304dc7b28317cab,6644f019e4b599e96769a32b,664647c9d56b9a0c822fcd07,,,,,,,,,,,,,,,,,,,,,,,,,,,,,,,,,,,,,,,,,,5,,,,,,,,,,,,,2,,,,,,,,,,,,,,,,,,,,,,,,,s,2,green_gnome,2,7,bright_forest,red_basket,pink_gnome,2,5,dark_forest,yellow_basket,35,0,0,1,green_gnome,bright_forest,red_basket,1920,1,4,14,3,115,5,1,0.6268,,space,0.4573,,,,,,,,,,,,,,,,,,,,,,,,,,,,,,,,,,,,,,,,,,,,,,,,,,,,,,,,,,,,,,,,,,,,,,,,,,,,,
,,,,,,,,,,,,,,,,,,,,,,,,,,,,,,,,,,,,,,,,,,,,,,,,,,,,,,,,,,,,,,,,,016778,001,2024-05-16_18h54.20.045,experiment,2023.2.3,Win32,60.24096386,66415fdcc304dc7b28317cab,6644f019e4b599e96769a32b,664647c9d56b9a0c822fcd07,,,,,,,,,,,,,,,,,,,,,,,,,,,,,,,,,,,,,,,,,,1,,,,,,,,,,,,,2,,,,,,,,,,,,,,,,,,,,,,,,,k,2,pink_gnome,2,9,dark_forest,yellow_basket,green_gnome,2,8,bright_forest,red_basket,8,0,0,1,green_gnome,bright_forest,red_basket,1928,0,1,14,4,116,1,1,0.7611,,space,0.8059,,,,,,,,,,,,,,,,,,,,,,,,,,,,,,,,,,,,,,,,,,,,,,,,,,,,,,,,,,,,,,,,,,,,,,,,,,,,,
,,,,,,,,,,,,,,,,,,,,,,,,,,,,,,,,,,,,,,,,,,,,,,,,,,,,,,,,,,,,,,,,,016778,001,2024-05-16_18h54.20.045,experiment,2023.2.3,Win32,60.24096386,66415fdcc304dc7b28317cab,6644f019e4b599e96769a32b,664647c9d56b9a0c822fcd07,,,,,,,,,,,,,,,,,,,,,,,,,,,,,,,,,,,,,,,,,,5,,,,,,,,,,,,,2,,,,,,,,,,,,,,,,,,,,,,,,,k,2,pink_gnome,2,8,dark_forest,yellow_basket,green_gnome,2,8,bright_forest,red_basket,40,0,0,1,green_gnome,bright_forest,red_basket,1968,1,2,14,5,117,5,1,0.5753,,space,0.4895,,,,,,,,,,,,,,,,,,,,,,,,,,,,,,,,,,,,,,,,,,,,,,,,,,,,,,,,,,,,,,,,,,,,,,,,,,,,,
,,,,,,,,,,,,,,,,,,,,,,,,,,,,,,,,,,,,,,,,,,,,,,,,,,,,,,,,,,,,,,,,,016778,001,2024-05-16_18h54.20.045,experiment,2023.2.3,Win32,60.24096386,66415fdcc304dc7b28317cab,6644f019e4b599e96769a32b,664647c9d56b9a0c822fcd07,,,,,,,,,,,,,,,,,,,,,,,,,,,,,,,,,,,,,,,,,,5,,,,,,,,,,,,,2,,,,,,,,,,,,,,,,,,,,,,,,,k,2,pink_gnome,2,8,dark_forest,yellow_basket,green_gnome,2,9,bright_forest,red_basket,45,0,0,1,green_gnome,bright_forest,red_basket,2013,-2,1,14,6,118,5,1,0.6219,,space,0.4397,,,,,,,,,,,,,,,,,,,,,,,,,,,,,,,,,,,,,,,,,,,,,,,,,,,,,,,,,,,,,,,,,,,,,,,,,,,,,
,,,,,,,,,,,,,,,,,,,,,,,,,,,,,,,,,,,,,,,,,,,,,,,,,,,,,,,,,,,,,,,,,016778,001,2024-05-16_18h54.20.045,experiment,2023.2.3,Win32,60.24096386,66415fdcc304dc7b28317cab,6644f019e4b599e96769a32b,664647c9d56b9a0c822fcd07,,,,,,,,,,,,,,,,,,,,,,,,,,,,,,,,,,,,,,,,,,5,,,,,,,,,,,,,4,,,,,,,,,,,,,,,,,,,,,,,,,k,4,purple_gnome,4,9,dark_forest,yellow_basket,blue_gnome,4,7,bright_forest,red_basket,35,0,0,1,blue_gnome,bright_forest,red_basket,2048,1,0,14,7,119,7,1,0.578,,space,0.4437,,,,,,,,,,,,,,,,,,,,,,,,,,,,,,,,,,,,,,,,,,,,,,,,,,,,,,,,,,,,,,,,,,,,,,,,,,,,,
,,,,,,,,,,,,,,,,,,,,,,,,,,,,,,,,,,,,,,,,,,,,,,,,,,,,,,,,,,,,,,,,,016778,001,2024-05-16_18h54.20.045,experiment,2023.2.3,Win32,60.24096386,66415fdcc304dc7b28317cab,6644f019e4b599e96769a32b,664647c9d56b9a0c822fcd07,,,,,,,,,,,,,,,,,,,,,,,,,,,,,,,,,,,,,,,,,,1,,,,,,,,,,,,,3,,,,,,,,,,,,,,,,,,,,,,,,,s,3,red_gnome,3,8,bright_forest,red_basket,yellow_gnome,3,9,dark_forest,yellow_basket,8,0,0,1,red_gnome,bright_forest,red_basket,2056,0,3,15,0,120,2,1,1.0721,,space,0.493,,,,,,,,,,,,,,,,,,,,,,,,,,,,,,,,,,,,,,,,,,,,,,,,,,,,,,,,,,,,,,,,,,,,,,,,,,,,,
,,,,,,,,,,,,,,,,,,,,,,,,,,,,,,,,,,,,,,,,,,,,,,,,,,,,,,,,,,,,,,,,,016778,001,2024-05-16_18h54.20.045,experiment,2023.2.3,Win32,60.24096386,66415fdcc304dc7b28317cab,6644f019e4b599e96769a32b,664647c9d56b9a0c822fcd07,,,,,,,,,,,,,,,,,,,,,,,,,,,,,,,,,,,,,,,,,,1,,,,,,,,,,,,,3,,,,,,,,,,,,,,,,,,,,,,,,,k,3,yellow_gnome,3,6,dark_forest,yellow_basket,red_gnome,3,8,bright_forest,red_basket,8,0,0,1,red_gnome,bright_forest,red_basket,2064,-1,-1,15,1,121,2,1,0.6288,,space,0.844,,,,,,,,,,,,,,,,,,,,,,,,,,,,,,,,,,,,,,,,,,,,,,,,,,,,,,,,,,,,,,,,,,,,,,,,,,,,,
,,,,,,,,,,,,,,,,,,,,,,,,,,,,,,,,,,,,,,,,,,,,,,,,,,,,,,,,,,,,,,,,,016778,001,2024-05-16_18h54.20.045,experiment,2023.2.3,Win32,60.24096386,66415fdcc304dc7b28317cab,6644f019e4b599e96769a32b,664647c9d56b9a0c822fcd07,,,,,,,,,,,,,,,,,,,,,,,,,,,,,,,,,,,,,,,,,,5,,,,,,,,,,,,,3,,,,,,,,,,,,,,,,,,,,,,,,,s,3,red_gnome,3,7,bright_forest,red_basket,yellow_gnome,3,5,dark_forest,yellow_basket,35,0,0,1,red_gnome,bright_forest,red_basket,2099,0,-3,15,2,122,6,1,1.0097,,space,1.2525,,,,,,,,,,,,,,,,,,,,,,,,,,,,,,,,,,,,,,,,,,,,,,,,,,,,,,,,,,,,,,,,,,,,,,,,,,,,,
,,,,,,,,,,,,,,,,,,,,,,,,,,,,,,,,,,,,,,,,,,,,,,,,,,,,,,,,,,,,,,,,,016778,001,2024-05-16_18h54.20.045,experiment,2023.2.3,Win32,60.24096386,66415fdcc304dc7b28317cab,6644f019e4b599e96769a32b,664647c9d56b9a0c822fcd07,,,,,,,,,,,,,,,,,,,,,,,,,,,,,,,,,,,,,,,,,,5,,,,,,,,,,,,,4,,,,,,,,,,,,,,,,,,,,,,,,,s,4,blue_gnome,4,7,bright_forest,red_basket,purple_gnome,4,2,dark_forest,yellow_basket,35,0,0,1,blue_gnome,bright_forest,red_basket,2134,1,1,15,3,123,7,1,0.8402,,space,0.6717,,,,,,,,,,,,,,,,,,,,,,,,,,,,,,,,,,,,,,,,,,,,,,,,,,,,,,,,,,,,,,,,,,,,,,,,,,,,,
,,,,,,,,,,,,,,,,,,,,,,,,,,,,,,,,,,,,,,,,,,,,,,,,,,,,,,,,,,,,,,,,,016778,001,2024-05-16_18h54.20.045,experiment,2023.2.3,Win32,60.24096386,66415fdcc304dc7b28317cab,6644f019e4b599e96769a32b,664647c9d56b9a0c822fcd07,,,,,,,,,,,,,,,,,,,,,,,,,,,,,,,,,,,,,,,,,,1,,,,,,,,,,,,,4,,,,,,,,,,,,,,,,,,,,,,,,,k,4,purple_gnome,4,3,dark_forest,yellow_basket,blue_gnome,4,8,bright_forest,red_basket,8,0,0,1,blue_gnome,bright_forest,red_basket,2142,-2,-2,15,4,124,3,1,0.4885,,space,0.4275,,,,,,,,,,,,,,,,,,,,,,,,,,,,,,,,,,,,,,,,,,,,,,,,,,,,,,,,,,,,,,,,,,,,,,,,,,,,,
,,,,,,,,,,,,,,,,,,,,,,,,,,,,,,,,,,,,,,,,,,,,,,,,,,,,,,,,,,,,,,,,,016778,001,2024-05-16_18h54.20.045,experiment,2023.2.3,Win32,60.24096386,66415fdcc304dc7b28317cab,6644f019e4b599e96769a32b,664647c9d56b9a0c822fcd07,,,,,,,,,,,,,,,,,,,,,,,,,,,,,,,,,,,,,,,,,,5,,,,,,,,,,,,,3,,,,,,,,,,,,,,,,,,,,,,,,,k,3,yellow_gnome,3,1,dark_forest,yellow_basket,red_gnome,3,6,bright_forest,red_basket,30,0,0,1,red_gnome,bright_forest,red_basket,2172,2,-2,15,5,125,6,1,0.954,,space,0.705,,,,,,,,,,,,,,,,,,,,,,,,,,,,,,,,,,,,,,,,,,,,,,,,,,,,,,,,,,,,,,,,,,,,,,,,,,,,,
,,,,,,,,,,,,,,,,,,,,,,,,,,,,,,,,,,,,,,,,,,,,,,,,,,,,,,,,,,,,,,,,,016778,001,2024-05-16_18h54.20.045,experiment,2023.2.3,Win32,60.24096386,66415fdcc304dc7b28317cab,6644f019e4b599e96769a32b,664647c9d56b9a0c822fcd07,,,,,,,,,,,,,,,,,,,,,,,,,,,,,,,,,,,,,,,,,,1,,,,,,,,,,,,,3,,,,,,,,,,,,,,,,,,,,,,,,,,3,yellow_gnome,3,1,dark_forest,yellow_basket,red_gnome,3,8,bright_forest,red_basket,0,1,0,0,,bright_forest,red_basket,2172,2,1,15,6,126,2,1,,,,,,,,,,,,,,,,,,,,,,,,,,,,,,,,,,,,,,,,,,,,,,,,,,,,,,,,,,,,,,,,,,,,,,,,,,,,,,,,,
,,,,,,,,,,,,,,,,,,,,,,,,,,,,,,,,,,,,,,,,,,,,,,,,,,,,,,,,,,,,,,,,,016778,001,2024-05-16_18h54.20.045,experiment,2023.2.3,Win32,60.24096386,66415fdcc304dc7b28317cab,6644f019e4b599e96769a32b,664647c9d56b9a0c822fcd07,,,,,,,,,,,,,,,,,,,,,,,,,,,,,,,,,,,,,,,,,,1,,,,,,,,,,,,,1,,,,,,,,,,,,,,,,,,,,,,,,,k,1,orange_gnome,1,8,bright_forest,red_basket,brown_gnome,1,2,dark_forest,yellow_basket,2,0,0,1,brown_gnome,dark_forest,yellow_basket,2174,1,-4,15,7,127,0,1,0.6893,,space,0.3756,,space,10.6429,,,,,,,,,,,,,,,,,,,,,,,,,,,,,,,,,,,,,,,,,,,,,,,,,,,,,,,,,,,,,,,,,,,,,,,,,,
,,,,,,,,,,,,,,,,,,,,,,,,,,,,,,,,,,,,,,,,,,,,,,,,,,,,,,,,,,,,,,,,,016778,001,2024-05-16_18h54.20.045,experiment,2023.2.3,Win32,60.24096386,66415fdcc304dc7b28317cab,6644f019e4b599e96769a32b,664647c9d56b9a0c822fcd07,,,,,,,,,,,,,,,,,,,,,,,,,,,,,,,,,,,,,,,,,,1,,,,,,,,,,,,,3,,,,,,,,,,,,,,,,,,,,,,,,,s,3,red_gnome,3,9,bright_forest,red_basket,yellow_gnome,3,2,dark_forest,yellow_basket,9,0,0,1,red_gnome,bright_forest,red_basket,2183,-1,0,16,0,128,2,1,0.8949,,space,1.1535,,,,,,,,,,,,,,,,,,,,,,,,,,,,,,,,,,,,,,,,,,,,,,,,,,,,,,,,,,,,,,,,,,,,,,,,,,,,,
,,,,,,,,,,,,,,,,,,,,,,,,,,,,,,,,,,,,,,,,,,,,,,,,,,,,,,,,,,,,,,,,,016778,001,2024-05-16_18h54.20.045,experiment,2023.2.3,Win32,60.24096386,66415fdcc304dc7b28317cab,6644f019e4b599e96769a32b,664647c9d56b9a0c822fcd07,,,,,,,,,,,,,,,,,,,,,,,,,,,,,,,,,,,,,,,,,,1,,,,,,,,,,,,,4,,,,,,,,,,,,,,,,,,,,,,,,,k,4,purple_gnome,4,2,dark_forest,yellow_basket,blue_gnome,4,8,bright_forest,red_basket,8,0,0,1,blue_gnome,bright_forest,red_basket,2191,-2,1,16,1,129,3,1,0.7869,,space,0.3706,,,,,,,,,,,,,,,,,,,,,,,,,,,,,,,,,,,,,,,,,,,,,,,,,,,,,,,,,,,,,,,,,,,,,,,,,,,,,
,,,,,,,,,,,,,,,,,,,,,,,,,,,,,,,,,,,,,,,,,,,,,,,,,,,,,,,,,,,,,,,,,016778,001,2024-05-16_18h54.20.045,experiment,2023.2.3,Win32,60.24096386,66415fdcc304dc7b28317cab,6644f019e4b599e96769a32b,664647c9d56b9a0c822fcd07,,,,,,,,,,,,,,,,,,,,,,,,,,,,,,,,,,,,,,,,,,1,,,,,,,,,,,,,2,,,,,,,,,,,,,,,,,,,,,,,,,k,2,pink_gnome,2,3,dark_forest,yellow_basket,green_gnome,2,6,bright_forest,red_basket,6,0,0,1,green_gnome,bright_forest,red_basket,2197,4,-1,16,2,130,1,1,0.8899,,space,0.6271,,,,,,,,,,,,,,,,,,,,,,,,,,,,,,,,,,,,,,,,,,,,,,,,,,,,,,,,,,,,,,,,,,,,,,,,,,,,,
,,,,,,,,,,,,,,,,,,,,,,,,,,,,,,,,,,,,,,,,,,,,,,,,,,,,,,,,,,,,,,,,,016778,001,2024-05-16_18h54.20.045,experiment,2023.2.3,Win32,60.24096386,66415fdcc304dc7b28317cab,6644f019e4b599e96769a32b,664647c9d56b9a0c822fcd07,,,,,,,,,,,,,,,,,,,,,,,,,,,,,,,,,,,,,,,,,,5,,,,,,,,,,,,,3,,,,,,,,,,,,,,,,,,,,,,,,,k,3,yellow_gnome,3,2,dark_forest,yellow_basket,red_gnome,3,8,bright_forest,red_basket,40,0,0,1,red_gnome,bright_forest,red_basket,2237,0,2,16,3,131,6,1,0.9582,,space,0.4886,,,,,,,,,,,,,,,,,,,,,,,,,,,,,,,,,,,,,,,,,,,,,,,,,,,,,,,,,,,,,,,,,,,,,,,,,,,,,
,,,,,,,,,,,,,,,,,,,,,,,,,,,,,,,,,,,,,,,,,,,,,,,,,,,,,,,,,,,,,,,,,016778,001,2024-05-16_18h54.20.045,experiment,2023.2.3,Win32,60.24096386,66415fdcc304dc7b28317cab,6644f019e4b599e96769a32b,664647c9d56b9a0c822fcd07,,,,,,,,,,,,,,,,,,,,,,,,,,,,,,,,,,,,,,,,,,5,,,,,,,,,,,,,3,,,,,,,,,,,,,,,,,,,,,,,,,s,3,red_gnome,3,8,bright_forest,red_basket,yellow_gnome,3,4,dark_forest,yellow_basket,40,0,0,1,red_gnome,bright_forest,red_basket,2277,-4,-2,16,4,132,6,1,0.8109,,space,0.4722,,,,,,,,,,,,,,,,,,,,,,,,,,,,,,,,,,,,,,,,,,,,,,,,,,,,,,,,,,,,,,,,,,,,,,,,,,,,,
,,,,,,,,,,,,,,,,,,,,,,,,,,,,,,,,,,,,,,,,,,,,,,,,,,,,,,,,,,,,,,,,,016778,001,2024-05-16_18h54.20.045,experiment,2023.2.3,Win32,60.24096386,66415fdcc304dc7b28317cab,6644f019e4b599e96769a32b,664647c9d56b9a0c822fcd07,,,,,,,,,,,,,,,,,,,,,,,,,,,,,,,,,,,,,,,,,,1,,,,,,,,,,,,,3,,,,,,,,,,,,,,,,,,,,,,,,,k,3,yellow_gnome,3,2,dark_forest,yellow_basket,red_gnome,3,4,bright_forest,red_basket,4,0,0,1,red_gnome,bright_forest,red_basket,2281,2,-1,16,5,133,2,1,0.6221,,space,0.6617,,,,,,,,,,,,,,,,,,,,,,,,,,,,,,,,,,,,,,,,,,,,,,,,,,,,,,,,,,,,,,,,,,,,,,,,,,,,,
,,,,,,,,,,,,,,,,,,,,,,,,,,,,,,,,,,,,,,,,,,,,,,,,,,,,,,,,,,,,,,,,,016778,001,2024-05-16_18h54.20.045,experiment,2023.2.3,Win32,60.24096386,66415fdcc304dc7b28317cab,6644f019e4b599e96769a32b,664647c9d56b9a0c822fcd07,,,,,,,,,,,,,,,,,,,,,,,,,,,,,,,,,,,,,,,,,,5,,,,,,,,,,,,,3,,,,,,,,,,,,,,,,,,,,,,,,,k,3,yellow_gnome,3,1,dark_forest,yellow_basket,red_gnome,3,6,bright_forest,red_basket,30,0,0,1,red_gnome,bright_forest,red_basket,2311,2,2,16,6,134,6,1,0.5886,,space,0.4385,,,,,,,,,,,,,,,,,,,,,,,,,,,,,,,,,,,,,,,,,,,,,,,,,,,,,,,,,,,,,,,,,,,,,,,,,,,,,
,,,,,,,,,,,,,,,,,,,,,,,,,,,,,,,,,,,,,,,,,,,,,,,,,,,,,,,,,,,,,,,,,016778,001,2024-05-16_18h54.20.045,experiment,2023.2.3,Win32,60.24096386,66415fdcc304dc7b28317cab,6644f019e4b599e96769a32b,664647c9d56b9a0c822fcd07,,,,,,,,,,,,,,,,,,,,,,,,,,,,,,,,,,,,,,,,,,5,,,,,,,,,,,,,3,,,,,,,,,,,,,,,,,,,,,,,,,k,3,yellow_gnome,3,3,dark_forest,yellow_basket,red_gnome,3,8,bright_forest,red_basket,40,0,0,1,red_gnome,bright_forest,red_basket,2351,1,4,16,7,135,6,1,0.6058,,space,0.4469,,,,,,,,,,,,,,,,,,,,,,,,,,,,,,,,,,,,,,,,,,,,,,,,,,,,,,,,,,,,,,,,,,,,,,,,,,,,,
,,,,,,,,,,,,,,,,,,,,,,,,,,,,,,,,,,,,,,,,,,,,,,,,,,,,,,,,,,,,,,,,,016778,001,2024-05-16_18h54.20.045,experiment,2023.2.3,Win32,60.24096386,66415fdcc304dc7b28317cab,6644f019e4b599e96769a32b,664647c9d56b9a0c822fcd07,,,,,,,,,,,,,,,,,,,,,,,,,,,,,,,,,,,,,,,,,,1,,,,,,,,,,,,,2,,,,,,,,,,,,,,,,,,,,,,,,,s,2,green_gnome,2,9,bright_forest,red_basket,pink_gnome,2,7,dark_forest,yellow_basket,9,0,0,1,green_gnome,bright_forest,red_basket,2360,1,0,17,0,136,1,1,0.8101,,space,0.603,,,,,,,,,,,,,,,,,,,,,,,,,,,,,,,,,,,,,,,,,,,,,,,,,,,,,,,,,,,,,,,,,,,,,,,,,,,,,
,,,,,,,,,,,,,,,,,,,,,,,,,,,,,,,,,,,,,,,,,,,,,,,,,,,,,,,,,,,,,,,,,016778,001,2024-05-16_18h54.20.045,experiment,2023.2.3,Win32,60.24096386,66415fdcc304dc7b28317cab,6644f019e4b599e96769a32b,664647c9d56b9a0c822fcd07,,,,,,,,,,,,,,,,,,,,,,,,,,,,,,,,,,,,,,,,,,1,,,,,,,,,,,,,1,,,,,,,,,,,,,,,,,,,,,,,,,s,1,orange_gnome,1,8,bright_forest,red_basket,brown_gnome,1,7,dark_forest,yellow_basket,8,0,0,1,orange_gnome,bright_forest,red_basket,2368,0,-1,17,1,137,0,1,1.0431,,space,0.4395,,,,,,,,,,,,,,,,,,,,,,,,,,,,,,,,,,,,,,,,,,,,,,,,,,,,,,,,,,,,,,,,,,,,,,,,,,,,,
,,,,,,,,,,,,,,,,,,,,,,,,,,,,,,,,,,,,,,,,,,,,,,,,,,,,,,,,,,,,,,,,,016778,001,2024-05-16_18h54.20.045,experiment,2023.2.3,Win32,60.24096386,66415fdcc304dc7b28317cab,6644f019e4b599e96769a32b,664647c9d56b9a0c822fcd07,,,,,,,,,,,,,,,,,,,,,,,,,,,,,,,,,,,,,,,,,,1,,,,,,,,,,,,,2,,,,,,,,,,,,,,,,,,,,,,,,,k,2,pink_gnome,2,6,dark_forest,yellow_basket,green_gnome,2,8,bright_forest,red_basket,8,0,0,1,green_gnome,bright_forest,red_basket,2376,1,1,17,2,138,1,1,0.6553,,space,0.6922,,,,,,,,,,,,,,,,,,,,,,,,,,,,,,,,,,,,,,,,,,,,,,,,,,,,,,,,,,,,,,,,,,,,,,,,,,,,,
,,,,,,,,,,,,,,,,,,,,,,,,,,,,,,,,,,,,,,,,,,,,,,,,,,,,,,,,,,,,,,,,,016778,001,2024-05-16_18h54.20.045,experiment,2023.2.3,Win32,60.24096386,66415fdcc304dc7b28317cab,6644f019e4b599e96769a32b,664647c9d56b9a0c822fcd07,,,,,,,,,,,,,,,,,,,,,,,,,,,,,,,,,,,,,,,,,,5,,,,,,,,,,,,,1,,,,,,,,,,,,,,,,,,,,,,,,,k,1,brown_gnome,1,7,dark_forest,yellow_basket,orange_gnome,1,9,bright_forest,red_basket,45,0,0,1,orange_gnome,bright_forest,red_basket,2421,-2,2,17,3,139,4,1,0.8427,,space,0.4288,,,,,,,,,,,,,,,,,,,,,,,,,,,,,,,,,,,,,,,,,,,,,,,,,,,,,,,,,,,,,,,,,,,,,,,,,,,,,
,,,,,,,,,,,,,,,,,,,,,,,,,,,,,,,,,,,,,,,,,,,,,,,,,,,,,,,,,,,,,,,,,016778,001,2024-05-16_18h54.20.045,experiment,2023.2.3,Win32,60.24096386,66415fdcc304dc7b28317cab,6644f019e4b599e96769a32b,664647c9d56b9a0c822fcd07,,,,,,,,,,,,,,,,,,,,,,,,,,,,,,,,,,,,,,,,,,1,,,,,,,,,,,,,1,,,,,,,,,,,,,,,,,,,,,,,,,k,1,brown_gnome,1,9,dark_forest,yellow_basket,orange_gnome,1,7,bright_forest,red_basket,7,0,0,1,orange_gnome,bright_forest,red_basket,2428,1,0,17,4,140,0,1,0.5828,,space,0.426,,,,,,,,,,,,,,,,,,,,,,,,,,,,,,,,,,,,,,,,,,,,,,,,,,,,,,,,,,,,,,,,,,,,,,,,,,,,,
,,,,,,,,,,,,,,,,,,,,,,,,,,,,,,,,,,,,,,,,,,,,,,,,,,,,,,,,,,,,,,,,,016778,001,2024-05-16_18h54.20.045,experiment,2023.2.3,Win32,60.24096386,66415fdcc304dc7b28317cab,6644f019e4b599e96769a32b,664647c9d56b9a0c822fcd07,,,,,,,,,,,,,,,,,,,,,,,,,,,,,,,,,,,,,,,,,,1,,,,,,,,,,,,,2,,,,,,,,,,,,,,,,,,,,,,,,,k,2,pink_gnome,2,9,dark_forest,yellow_basket,green_gnome,2,8,bright_forest,red_basket,8,0,0,1,green_gnome,bright_forest,red_basket,2436,1,3,17,5,141,1,1,0.6054,,space,0.4622,,,,,,,,,,,,,,,,,,,,,,,,,,,,,,,,,,,,,,,,,,,,,,,,,,,,,,,,,,,,,,,,,,,,,,,,,,,,,
,,,,,,,,,,,,,,,,,,,,,,,,,,,,,,,,,,,,,,,,,,,,,,,,,,,,,,,,,,,,,,,,,016778,001,2024-05-16_18h54.20.045,experiment,2023.2.3,Win32,60.24096386,66415fdcc304dc7b28317cab,6644f019e4b599e96769a32b,664647c9d56b9a0c822fcd07,,,,,,,,,,,,,,,,,,,,,,,,,,,,,,,,,,,,,,,,,,1,,,,,,,,,,,,,2,,,,,,,,,,,,,,,,,,,,,,,,,k,2,pink_gnome,2,6,dark_forest,yellow_basket,green_gnome,2,9,bright_forest,red_basket,9,0,0,1,green_gnome,bright_forest,red_basket,2445,-1,0,17,6,142,1,1,0.6391,,space,0.481,,,,,,,,,,,,,,,,,,,,,,,,,,,,,,,,,,,,,,,,,,,,,,,,,,,,,,,,,,,,,,,,,,,,,,,,,,,,,
,,,,,,,,,,,,,,,,,,,,,,,,,,,,,,,,,,,,,,,,,,,,,,,,,,,,,,,,,,,,,,,,,016778,001,2024-05-16_18h54.20.045,experiment,2023.2.3,Win32,60.24096386,66415fdcc304dc7b28317cab,6644f019e4b599e96769a32b,664647c9d56b9a0c822fcd07,,,,,,,,,,,,,,,,,,,,,,,,,,,,,,,,,,,,,,,,,,5,,,,,,,,,,,,,4,,,,,,,,,,,,,,,,,,,,,,,,,k,4,purple_gnome,4,6,dark_forest,yellow_basket,blue_gnome,4,8,bright_forest,red_basket,40,0,0,1,blue_gnome,bright_forest,red_basket,2485,2,1,17,7,143,7,1,0.5402,,space,0.4617,,,,,,,,,,,,,,,,,,,,,,,,,,,,,,,,,,,,,,,,,,,,,,,,,,,,,,,,,,,,,,,,,,,,,,,,,,,,,
,,,,,,,,,,,,,,,,,,,,,,,,,,,,,,,,,,,,,,,,,,,,,,,,,,,,,,,,,,,,,,,,,016778,001,2024-05-16_18h54.20.045,experiment,2023.2.3,Win32,60.24096386,66415fdcc304dc7b28317cab,6644f019e4b599e96769a32b,664647c9d56b9a0c822fcd07,,,,,,,,,,,,,,,,,,,,,,,,,,,,,,,,,,,,,,,,,,5,,,,,,,,,,,,,1,,,,,,,,,,,,,,,,,,,,,,,,,k,1,brown_gnome,1,7,dark_forest,yellow_basket,orange_gnome,1,8,bright_forest,red_basket,40,0,0,1,orange_gnome,bright_forest,red_basket,2525,3,-2,18,0,144,4,1,0.7762,,space,0.6234,,,,,,,,,,,,,,,,,,,,,,,,,,,,,,,,,,,,,,,,,,,,,,,,,,,,,,,,,,,,,,,,,,,,,,,,,,,,,
,,,,,,,,,,,,,,,,,,,,,,,,,,,,,,,,,,,,,,,,,,,,,,,,,,,,,,,,,,,,,,,,,016778,001,2024-05-16_18h54.20.045,experiment,2023.2.3,Win32,60.24096386,66415fdcc304dc7b28317cab,6644f019e4b599e96769a32b,664647c9d56b9a0c822fcd07,,,,,,,,,,,,,,,,,,,,,,,,,,,,,,,,,,,,,,,,,,5,,,,,,,,,,,,,3,,,,,,,,,,,,,,,,,,,,,,,,,s,3,red_gnome,3,7,bright_forest,red_basket,yellow_gnome,3,5,dark_forest,yellow_basket,35,0,0,1,red_gnome,bright_forest,red_basket,2560,1,-4,18,1,145,6,1,0.9753,,space,0.3564,,,,,,,,,,,,,,,,,,,,,,,,,,,,,,,,,,,,,,,,,,,,,,,,,,,,,,,,,,,,,,,,,,,,,,,,,,,,,
,,,,,,,,,,,,,,,,,,,,,,,,,,,,,,,,,,,,,,,,,,,,,,,,,,,,,,,,,,,,,,,,,016778,001,2024-05-16_18h54.20.045,experiment,2023.2.3,Win32,60.24096386,66415fdcc304dc7b28317cab,6644f019e4b599e96769a32b,664647c9d56b9a0c822fcd07,,,,,,,,,,,,,,,,,,,,,,,,,,,,,,,,,,,,,,,,,,5,,,,,,,,,,,,,4,,,,,,,,,,,,,,,,,,,,,,,,,k,4,purple_gnome,4,1,dark_forest,yellow_basket,blue_gnome,4,8,bright_forest,red_basket,40,0,0,1,blue_gnome,bright_forest,red_basket,2600,-3,1,18,2,146,7,1,0.6585,,space,0.3645,,,,,,,,,,,,,,,,,,,,,,,,,,,,,,,,,,,,,,,,,,,,,,,,,,,,,,,,,,,,,,,,,,,,,,,,,,,,,
,,,,,,,,,,,,,,,,,,,,,,,,,,,,,,,,,,,,,,,,,,,,,,,,,,,,,,,,,,,,,,,,,016778,001,2024-05-16_18h54.20.045,experiment,2023.2.3,Win32,60.24096386,66415fdcc304dc7b28317cab,6644f019e4b599e96769a32b,664647c9d56b9a0c822fcd07,,,,,,,,,,,,,,,,,,,,,,,,,,,,,,,,,,,,,,,,,,5,,,,,,,,,,,,,1,,,,,,,,,,,,,,,,,,,,,,,,,s,1,orange_gnome,1,5,bright_forest,red_basket,brown_gnome,1,2,dark_forest,yellow_basket,25,0,0,1,orange_gnome,bright_forest,red_basket,2625,2,0,18,3,147,4,1,0.8571,,space,0.4764,,,,,,,,,,,,,,,,,,,,,,,,,,,,,,,,,,,,,,,,,,,,,,,,,,,,,,,,,,,,,,,,,,,,,,,,,,,,,
,,,,,,,,,,,,,,,,,,,,,,,,,,,,,,,,,,,,,,,,,,,,,,,,,,,,,,,,,,,,,,,,,016778,001,2024-05-16_18h54.20.045,experiment,2023.2.3,Win32,60.24096386,66415fdcc304dc7b28317cab,6644f019e4b599e96769a32b,664647c9d56b9a0c822fcd07,,,,,,,,,,,,,,,,,,,,,,,,,,,,,,,,,,,,,,,,,,1,,,,,,,,,,,,,2,,,,,,,,,,,,,,,,,,,,,,,,,s,2,green_gnome,2,7,bright_forest,red_basket,pink_gnome,2,2,dark_forest,yellow_basket,7,0,0,1,green_gnome,bright_forest,red_basket,2632,-1,-1,18,4,148,1,1,0.7794,,space,0.4545,,,,,,,,,,,,,,,,,,,,,,,,,,,,,,,,,,,,,,,,,,,,,,,,,,,,,,,,,,,,,,,,,,,,,,,,,,,,,
,,,,,,,,,,,,,,,,,,,,,,,,,,,,,,,,,,,,,,,,,,,,,,,,,,,,,,,,,,,,,,,,,016778,001,2024-05-16_18h54.20.045,experiment,2023.2.3,Win32,60.24096386,66415fdcc304dc7b28317cab,6644f019e4b599e96769a32b,664647c9d56b9a0c822fcd07,,,,,,,,,,,,,,,,,,,,,,,,,,,,,,,,,,,,,,,,,,5,,,,,,,,,,,,,2,,,,,,,,,,,,,,,,,,,,,,,,,k,2,pink_gnome,2,1,dark_forest,yellow_basket,green_gnome,2,6,bright_forest,red_basket,30,0,0,1,green_gnome,bright_forest,red_basket,2662,-1,0,18,5,149,5,1,0.6541,,space,0.4536,,,,,,,,,,,,,,,,,,,,,,,,,,,,,,,,,,,,,,,,,,,,,,,,,,,,,,,,,,,,,,,,,,,,,,,,,,,,,
,,,,,,,,,,,,,,,,,,,,,,,,,,,,,,,,,,,,,,,,,,,,,,,,,,,,,,,,,,,,,,,,,016778,001,2024-05-16_18h54.20.045,experiment,2023.2.3,Win32,60.24096386,66415fdcc304dc7b28317cab,6644f019e4b599e96769a32b,664647c9d56b9a0c822fcd07,,,,,,,,,,,,,,,,,,,,,,,,,,,,,,,,,,,,,,,,,,5,,,,,,,,,,,,,2,,,,,,,,,,,,,,,,,,,,,,,,,s,2,green_gnome,2,5,bright_forest,red_basket,pink_gnome,2,1,dark_forest,yellow_basket,25,0,0,1,green_gnome,bright_forest,red_basket,2687,4,0,18,6,150,5,1,0.6865,,space,0.517,,,,,,,,,,,,,,,,,,,,,,,,,,,,,,,,,,,,,,,,,,,,,,,,,,,,,,,,,,,,,,,,,,,,,,,,,,,,,
,,,,,,,,,,,,,,,,,,,,,,,,,,,,,,,,,,,,,,,,,,,,,,,,,,,,,,,,,,,,,,,,,016778,001,2024-05-16_18h54.20.045,experiment,2023.2.3,Win32,60.24096386,66415fdcc304dc7b28317cab,6644f019e4b599e96769a32b,664647c9d56b9a0c822fcd07,,,,,,,,,,,,,,,,,,,,,,,,,,,,,,,,,,,,,,,,,,5,,,,,,,,,,,,,3,,,,,,,,,,,,,,,,,,,,,,,,,k,3,yellow_gnome,3,1,dark_forest,yellow_basket,red_gnome,3,9,bright_forest,red_basket,45,0,0,1,red_gnome,bright_forest,red_basket,2732,2,0,18,7,151,6,1,0.8099,,space,0.3852,,,,,,,,,,,,,,,,,,,,,,,,,,,,,,,,,,,,,,,,,,,,,,,,,,,,,,,,,,,,,,,,,,,,,,,,,,,,,
,,,,,,,,,,,,,,,,,,,,,,,,,,,,,,,,,,,,,,,,,,,,,,,,,,,,,,,,,,,,,,,,,016778,001,2024-05-16_18h54.20.045,experiment,2023.2.3,Win32,60.24096386,66415fdcc304dc7b28317cab,6644f019e4b599e96769a32b,664647c9d56b9a0c822fcd07,,,,,,,,,,,,,,,,,,,,,,,,,,,,,,,,,,,,,,,,,,1,,,,,,,,,,,,,2,,,,,,,,,,,,,,,,,,,,,,,,,s,2,green_gnome,2,7,bright_forest,red_basket,pink_gnome,2,1,dark_forest,yellow_basket,7,0,0,1,green_gnome,bright_forest,red_basket,2739,3,1,19,0,152,1,1,0.8086,,space,0.5135,,,,,,,,,,,,,,,,,,,,,,,,,,,,,,,,,,,,,,,,,,,,,,,,,,,,,,,,,,,,,,,,,,,,,,,,,,,,,
,,,,,,,,,,,,,,,,,,,,,,,,,,,,,,,,,,,,,,,,,,,,,,,,,,,,,,,,,,,,,,,,,016778,001,2024-05-16_18h54.20.045,experiment,2023.2.3,Win32,60.24096386,66415fdcc304dc7b28317cab,6644f019e4b599e96769a32b,664647c9d56b9a0c822fcd07,,,,,,,,,,,,,,,,,,,,,,,,,,,,,,,,,,,,,,,,,,1,,,,,,,,,,,,,1,,,,,,,,,,,,,,,,,,,,,,,,,s,1,orange_gnome,1,8,bright_forest,red_basket,brown_gnome,1,2,dark_forest,yellow_basket,8,0,0,1,orange_gnome,bright_forest,red_basket,2747,-3,-4,19,1,153,0,1,1.0527,,space,0.4896,,,,,,,,,,,,,,,,,,,,,,,,,,,,,,,,,,,,,,,,,,,,,,,,,,,,,,,,,,,,,,,,,,,,,,,,,,,,,
,,,,,,,,,,,,,,,,,,,,,,,,,,,,,,,,,,,,,,,,,,,,,,,,,,,,,,,,,,,,,,,,,016778,001,2024-05-16_18h54.20.045,experiment,2023.2.3,Win32,60.24096386,66415fdcc304dc7b28317cab,6644f019e4b599e96769a32b,664647c9d56b9a0c822fcd07,,,,,,,,,,,,,,,,,,,,,,,,,,,,,,,,,,,,,,,,,,5,,,,,,,,,,,,,3,,,,,,,,,,,,,,,,,,,,,,,,,s,3,red_gnome,3,5,bright_forest,red_basket,yellow_gnome,3,2,dark_forest,yellow_basket,25,0,0,1,red_gnome,bright_forest,red_basket,2772,-1,2,19,2,154,6,1,0.9097,,space,0.4776,,,,,,,,,,,,,,,,,,,,,,,,,,,,,,,,,,,,,,,,,,,,,,,,,,,,,,,,,,,,,,,,,,,,,,,,,,,,,
,,,,,,,,,,,,,,,,,,,,,,,,,,,,,,,,,,,,,,,,,,,,,,,,,,,,,,,,,,,,,,,,,016778,001,2024-05-16_18h54.20.045,experiment,2023.2.3,Win32,60.24096386,66415fdcc304dc7b28317cab,6644f019e4b599e96769a32b,664647c9d56b9a0c822fcd07,,,,,,,,,,,,,,,,,,,,,,,,,,,,,,,,,,,,,,,,,,5,,,,,,,,,,,,,1,,,,,,,,,,,,,,,,,,,,,,,,,s,1,orange_gnome,1,4,bright_forest,red_basket,brown_gnome,1,4,dark_forest,yellow_basket,20,0,0,1,orange_gnome,bright_forest,red_basket,2792,0,1,19,3,155,4,1,0.6213,,space,0.5053,,,,,,,,,,,,,,,,,,,,,,,,,,,,,,,,,,,,,,,,,,,,,,,,,,,,,,,,,,,,,,,,,,,,,,,,,,,,,
,,,,,,,,,,,,,,,,,,,,,,,,,,,,,,,,,,,,,,,,,,,,,,,,,,,,,,,,,,,,,,,,,016778,001,2024-05-16_18h54.20.045,experiment,2023.2.3,Win32,60.24096386,66415fdcc304dc7b28317cab,6644f019e4b599e96769a32b,664647c9d56b9a0c822fcd07,,,,,,,,,,,,,,,,,,,,,,,,,,,,,,,,,,,,,,,,,,1,,,,,,,,,,,,,4,,,,,,,,,,,,,,,,,,,,,,,,,s,4,blue_gnome,4,4,bright_forest,red_basket,purple_gnome,4,5,dark_forest,yellow_basket,4,0,0,1,blue_gnome,bright_forest,red_basket,2796,1,-3,19,4,156,3,1,0.8964,,space,0.7618,,,,,,,,,,,,,,,,,,,,,,,,,,,,,,,,,,,,,,,,,,,,,,,,,,,,,,,,,,,,,,,,,,,,,,,,,,,,,
,,,,,,,,,,,,,,,,,,,,,,,,,,,,,,,,,,,,,,,,,,,,,,,,,,,,,,,,,,,,,,,,,016778,001,2024-05-16_18h54.20.045,experiment,2023.2.3,Win32,60.24096386,66415fdcc304dc7b28317cab,6644f019e4b599e96769a32b,664647c9d56b9a0c822fcd07,,,,,,,,,,,,,,,,,,,,,,,,,,,,,,,,,,,,,,,,,,5,,,,,,,,,,,,,2,,,,,,,,,,,,,,,,,,,,,,,,,s,2,green_gnome,2,5,bright_forest,red_basket,pink_gnome,2,2,dark_forest,yellow_basket,25,0,0,1,green_gnome,bright_forest,red_basket,2821,0,-1,19,5,157,5,1,0.7383,,space,0.3555,,,,,,,,,,,,,,,,,,,,,,,,,,,,,,,,,,,,,,,,,,,,,,,,,,,,,,,,,,,,,,,,,,,,,,,,,,,,,
,,,,,,,,,,,,,,,,,,,,,,,,,,,,,,,,,,,,,,,,,,,,,,,,,,,,,,,,,,,,,,,,,016778,001,2024-05-16_18h54.20.045,experiment,2023.2.3,Win32,60.24096386,66415fdcc304dc7b28317cab,6644f019e4b599e96769a32b,664647c9d56b9a0c822fcd07,,,,,,,,,,,,,,,,,,,,,,,,,,,,,,,,,,,,,,,,,,5,,,,,,,,,,,,,2,,,,,,,,,,,,,,,,,,,,,,,,,k,2,pink_gnome,2,1,dark_forest,yellow_basket,green_gnome,2,5,bright_forest,red_basket,25,0,0,1,green_gnome,bright_forest,red_basket,2846,0,2,19,6,158,5,1,1.0132,,space,0.4452,,,,,,,,,,,,,,,,,,,,,,,,,,,,,,,,,,,,,,,,,,,,,,,,,,,,,,,,,,,,,,,,,,,,,,,,,,,,,
,,,,,,,,,,,,,,,,,,,,,,,,,,,,,,,,,,,,,,,,,,,,,,,,,,,,,,,,,,,,,,,,,016778,001,2024-05-16_18h54.20.045,experiment,2023.2.3,Win32,60.24096386,66415fdcc304dc7b28317cab,6644f019e4b599e96769a32b,664647c9d56b9a0c822fcd07,,,,,,,,,,,,,,,,,,,,,,,,,,,,,,,,,,,,,,,,,,5,,,,,,,,,,,,,1,,,,,,,,,,,,,,,,,,,,,,,,,s,1,orange_gnome,1,5,bright_forest,red_basket,brown_gnome,1,3,dark_forest,yellow_basket,25,0,0,1,orange_gnome,bright_forest,red_basket,2871,0,3,19,7,159,4,1,0.6618,,space,0.4786,,,,,,,,,,,,,,,,,,,,,,,,,,,,,,,,,,,,,,,,,,,,,,,,,,,,,,,,,,,,,,,,,,,,,,,,,,,,,
,,,,,,,,,,,,,,,,,,,,,,,,,,,,,,,,,,,,,,,,,,,,,,,,,,,,,,,,,,,,,,,,,016778,001,2024-05-16_18h54.20.045,experiment,2023.2.3,Win32,60.24096386,66415fdcc304dc7b28317cab,6644f019e4b599e96769a32b,664647c9d56b9a0c822fcd07,,,,,,,,,,,,,,,,,,,,,,,,,,,,,,,,,,,,,,,,,,5,,,,,,,,,,,,,3,,,,,,,,,,,,,,,,,,,,,,,,,s,3,red_gnome,3,5,bright_forest,red_basket,yellow_gnome,3,6,dark_forest,yellow_basket,25,0,0,1,red_gnome,bright_forest,red_basket,2896,1,0,20,0,160,6,1,0.8595,,space,0.4483,,,,,,,,,,,,,,,,,,,,,,,,,,,,,,,,,,,,,,,,,,,,,,,,,,,,,,,,,,,,,,,,,,,,,,,,,,,,,
,,,,,,,,,,,,,,,,,,,,,,,,,,,,,,,,,,,,,,,,,,,,,,,,,,,,,,,,,,,,,,,,,016778,001,2024-05-16_18h54.20.045,experiment,2023.2.3,Win32,60.24096386,66415fdcc304dc7b28317cab,6644f019e4b599e96769a32b,664647c9d56b9a0c822fcd07,,,,,,,,,,,,,,,,,,,,,,,,,,,,,,,,,,,,,,,,,,5,,,,,,,,,,,,,1,,,,,,,,,,,,,,,,,,,,,,,,,s,1,orange_gnome,1,6,bright_forest,red_basket,brown_gnome,1,6,dark_forest,yellow_basket,30,0,0,1,orange_gnome,bright_forest,red_basket,2926,2,1,20,1,161,4,1,0.5886,,space,0.4528,,,,,,,,,,,,,,,,,,,,,,,,,,,,,,,,,,,,,,,,,,,,,,,,,,,,,,,,,,,,,,,,,,,,,,,,,,,,,
,,,,,,,,,,,,,,,,,,,,,,,,,,,,,,,,,,,,,,,,,,,,,,,,,,,,,,,,,,,,,,,,,016778,001,2024-05-16_18h54.20.045,experiment,2023.2.3,Win32,60.24096386,66415fdcc304dc7b28317cab,6644f019e4b599e96769a32b,664647c9d56b9a0c822fcd07,,,,,,,,,,,,,,,,,,,,,,,,,,,,,,,,,,,,,,,,,,1,,,,,,,,,,,,,3,,,,,,,,,,,,,,,,,,,,,,,,,k,3,yellow_gnome,3,7,dark_forest,yellow_basket,red_gnome,3,8,bright_forest,red_basket,8,0,0,1,red_gnome,bright_forest,red_basket,2934,-5,4,20,2,162,2,1,1.2048,,space,1.306,,,,,,,,,,,,,,,,,,,,,,,,,,,,,,,,,,,,,,,,,,,,,,,,,,,,,,,,,,,,,,,,,,,,,,,,,,,,,
,,,,,,,,,,,,,,,,,,,,,,,,,,,,,,,,,,,,,,,,,,,,,,,,,,,,,,,,,,,,,,,,,016778,001,2024-05-16_18h54.20.045,experiment,2023.2.3,Win32,60.24096386,66415fdcc304dc7b28317cab,6644f019e4b599e96769a32b,664647c9d56b9a0c822fcd07,,,,,,,,,,,,,,,,,,,,,,,,,,,,,,,,,,,,,,,,,,5,,,,,,,,,,,,,4,,,,,,,,,,,,,,,,,,,,,,,,,s,4,blue_gnome,4,3,bright_forest,red_basket,purple_gnome,4,7,dark_forest,yellow_basket,15,0,0,1,blue_gnome,bright_forest,red_basket,2949,1,-3,20,3,163,7,1,0.6283,,space,0.4143,,,,,,,,,,,,,,,,,,,,,,,,,,,,,,,,,,,,,,,,,,,,,,,,,,,,,,,,,,,,,,,,,,,,,,,,,,,,,
,,,,,,,,,,,,,,,,,,,,,,,,,,,,,,,,,,,,,,,,,,,,,,,,,,,,,,,,,,,,,,,,,016778,001,2024-05-16_18h54.20.045,experiment,2023.2.3,Win32,60.24096386,66415fdcc304dc7b28317cab,6644f019e4b599e96769a32b,664647c9d56b9a0c822fcd07,,,,,,,,,,,,,,,,,,,,,,,,,,,,,,,,,,,,,,,,,,1,,,,,,,,,,,,,2,,,,,,,,,,,,,,,,,,,,,,,,,s,2,green_gnome,2,4,bright_forest,red_basket,pink_gnome,2,4,dark_forest,yellow_basket,4,0,0,1,green_gnome,bright_forest,red_basket,2953,2,-2,20,4,164,1,1,0.8894,,space,0.4927,,,,,,,,,,,,,,,,,,,,,,,,,,,,,,,,,,,,,,,,,,,,,,,,,,,,,,,,,,,,,,,,,,,,,,,,,,,,,
,,,,,,,,,,,,,,,,,,,,,,,,,,,,,,,,,,,,,,,,,,,,,,,,,,,,,,,,,,,,,,,,,016778,001,2024-05-16_18h54.20.045,experiment,2023.2.3,Win32,60.24096386,66415fdcc304dc7b28317cab,6644f019e4b599e96769a32b,664647c9d56b9a0c822fcd07,,,,,,,,,,,,,,,,,,,,,,,,,,,,,,,,,,,,,,,,,,1,,,,,,,,,,,,,4,,,,,,,,,,,,,,,,,,,,,,,,,k,4,purple_gnome,4,2,dark_forest,yellow_basket,blue_gnome,4,6,bright_forest,red_basket,6,0,0,1,blue_gnome,bright_forest,red_basket,2959,3,-3,20,5,165,3,1,0.8068,,space,0.638,,,,,,,,,,,,,,,,,,,,,,,,,,,,,,,,,,,,,,,,,,,,,,,,,,,,,,,,,,,,,,,,,,,,,,,,,,,,,
,,,,,,,,,,,,,,,,,,,,,,,,,,,,,,,,,,,,,,,,,,,,,,,,,,,,,,,,,,,,,,,,,016778,001,2024-05-16_18h54.20.045,experiment,2023.2.3,Win32,60.24096386,66415fdcc304dc7b28317cab,6644f019e4b599e96769a32b,664647c9d56b9a0c822fcd07,,,,,,,,,,,,,,,,,,,,,,,,,,,,,,,,,,,,,,,,,,1,,,,,,,,,,,,,1,,,,,,,,,,,,,,,,,,,,,,,,,s,1,orange_gnome,1,9,bright_forest,red_basket,brown_gnome,1,1,dark_forest,yellow_basket,9,0,0,1,orange_gnome,bright_forest,red_basket,2968,-1,-1,20,6,166,0,1,0.856,,space,0.6423,,,,,,,,,,,,,,,,,,,,,,,,,,,,,,,,,,,,,,,,,,,,,,,,,,,,,,,,,,,,,,,,,,,,,,,,,,,,,
,,,,,,,,,,,,,,,,,,,,,,,,,,,,,,,,,,,,,,,,,,,,,,,,,,,,,,,,,,,,,,,,,016778,001,2024-05-16_18h54.20.045,experiment,2023.2.3,Win32,60.24096386,66415fdcc304dc7b28317cab,6644f019e4b599e96769a32b,664647c9d56b9a0c822fcd07,,,,,,,,,,,,,,,,,,,,,,,,,,,,,,,,,,,,,,,,,,1,,,,,,,,,,,,,4,,,,,,,,,,,,,,,,,,,,,,,,,,4,blue_gnome,4,8,bright_forest,red_basket,purple_gnome,4,0,dark_forest,yellow_basket,0,1,0,0,,bright_forest,red_basket,2968,4,2,20,7,167,3,1,,,,,,,,,,,,,,,,,,,,,,,,,,,,,,,,,,,,,,,,,,,,,,,,,,,,,,,,,,,,,,,,,,,,,,,,,,,,,,,,,
,,,,,,,,,,,,,,,,,,,,,,,,,,,,,,,,,,,,,,,,,,,,,,,,,,,,,,,,,,,,,,,,,016778,001,2024-05-16_18h54.20.045,experiment,2023.2.3,Win32,60.24096386,66415fdcc304dc7b28317cab,6644f019e4b599e96769a32b,664647c9d56b9a0c822fcd07,,,,,,,,,,,,,,,,,,,,,,,,,,,,,,,,,,,,,,,,,,5,,,,,,,,,,,,,3,,,,,,,,,,,,,,,,,,,,,,,,,k,3,yellow_gnome,3,2,dark_forest,yellow_basket,red_gnome,3,6,bright_forest,red_basket,30,0,0,1,red_gnome,bright_forest,red_basket,2998,-1,-3,21,0,168,6,1,0.7535,,space,0.5712,,,,,,,,,,,,,,,,,,,,,,,,,,,,,,,,,,,,,,,,,,,,,,,,,,,,,,,,,,,,,,,,,,,,,,,,,,,,,
,,,,,,,,,,,,,,,,,,,,,,,,,,,,,,,,,,,,,,,,,,,,,,,,,,,,,,,,,,,,,,,,,016778,001,2024-05-16_18h54.20.045,experiment,2023.2.3,Win32,60.24096386,66415fdcc304dc7b28317cab,6644f019e4b599e96769a32b,664647c9d56b9a0c822fcd07,,,,,,,,,,,,,,,,,,,,,,,,,,,,,,,,,,,,,,,,,,5,,,,,,,,,,,,,1,,,,,,,,,,,,,,,,,,,,,,,,,s,1,orange_gnome,1,5,bright_forest,red_basket,brown_gnome,1,1,dark_forest,yellow_basket,25,0,0,1,orange_gnome,bright_forest,red_basket,3023,-3,2,21,1,169,4,1,0.6134,,space,0.5214,,,,,,,,,,,,,,,,,,,,,,,,,,,,,,,,,,,,,,,,,,,,,,,,,,,,,,,,,,,,,,,,,,,,,,,,,,,,,
,,,,,,,,,,,,,,,,,,,,,,,,,,,,,,,,,,,,,,,,,,,,,,,,,,,,,,,,,,,,,,,,,016778,001,2024-05-16_18h54.20.045,experiment,2023.2.3,Win32,60.24096386,66415fdcc304dc7b28317cab,6644f019e4b599e96769a32b,664647c9d56b9a0c822fcd07,,,,,,,,,,,,,,,,,,,,,,,,,,,,,,,,,,,,,,,,,,5,,,,,,,,,,,,,1,,,,,,,,,,,,,,,,,,,,,,,,,s,1,orange_gnome,1,2,bright_forest,red_basket,brown_gnome,1,3,dark_forest,yellow_basket,10,0,0,1,orange_gnome,bright_forest,red_basket,3033,-3,2,21,2,170,4,1,0.6403,,space,0.4195,,,,,,,,,,,,,,,,,,,,,,,,,,,,,,,,,,,,,,,,,,,,,,,,,,,,,,,,,,,,,,,,,,,,,,,,,,,,,
,,,,,,,,,,,,,,,,,,,,,,,,,,,,,,,,,,,,,,,,,,,,,,,,,,,,,,,,,,,,,,,,,016778,001,2024-05-16_18h54.20.045,experiment,2023.2.3,Win32,60.24096386,66415fdcc304dc7b28317cab,6644f019e4b599e96769a32b,664647c9d56b9a0c822fcd07,,,,,,,,,,,,,,,,,,,,,,,,,,,,,,,,,,,,,,,,,,5,,,,,,,,,,,,,4,,,,,,,,,,,,,,,,,,,,,,,,,k,4,purple_gnome,4,5,dark_forest,yellow_basket,blue_gnome,4,1,bright_forest,red_basket,5,0,0,1,blue_gnome,bright_forest,red_basket,3038,-2,2,21,3,171,7,1,0.7727,,space,0.1775,,,,,,,,,,,,,,,,,,,,,,,,,,,,,,,,,,,,,,,,,,,,,,,,,,,,,,,,,,,,,,,,,,,,,,,,,,,,,
,,,,,,,,,,,,,,,,,,,,,,,,,,,,,,,,,,,,,,,,,,,,,,,,,,,,,,,,,,,,,,,,,016778,001,2024-05-16_18h54.20.045,experiment,2023.2.3,Win32,60.24096386,66415fdcc304dc7b28317cab,6644f019e4b599e96769a32b,664647c9d56b9a0c822fcd07,,,,,,,,,,,,,,,,,,,,,,,,,,,,,,,,,,,,,,,,,,5,,,,,,,,,,,,,2,,,,,,,,,,,,,,,,,,,,,,,,,s,2,green_gnome,2,1,bright_forest,red_basket,pink_gnome,2,7,dark_forest,yellow_basket,5,0,0,1,green_gnome,bright_forest,red_basket,3043,0,1,21,4,172,5,1,0.9553,,space,0.4872,,,,,,,,,,,,,,,,,,,,,,,,,,,,,,,,,,,,,,,,,,,,,,,,,,,,,,,,,,,,,,,,,,,,,,,,,,,,,
,,,,,,,,,,,,,,,,,,,,,,,,,,,,,,,,,,,,,,,,,,,,,,,,,,,,,,,,,,,,,,,,,016778,001,2024-05-16_18h54.20.045,experiment,2023.2.3,Win32,60.24096386,66415fdcc304dc7b28317cab,6644f019e4b599e96769a32b,664647c9d56b9a0c822fcd07,,,,,,,,,,,,,,,,,,,,,,,,,,,,,,,,,,,,,,,,,,5,,,,,,,,,,,,,4,,,,,,,,,,,,,,,,,,,,,,,,,k,4,purple_gnome,4,8,dark_forest,yellow_basket,blue_gnome,4,1,bright_forest,red_basket,5,0,0,1,blue_gnome,bright_forest,red_basket,3048,2,3,21,5,173,7,1,0.6947,,space,0.692,,,,,,,,,,,,,,,,,,,,,,,,,,,,,,,,,,,,,,,,,,,,,,,,,,,,,,,,,,,,,,,,,,,,,,,,,,,,,
,,,,,,,,,,,,,,,,,,,,,,,,,,,,,,,,,,,,,,,,,,,,,,,,,,,,,,,,,,,,,,,,,016778,001,2024-05-16_18h54.20.045,experiment,2023.2.3,Win32,60.24096386,66415fdcc304dc7b28317cab,6644f019e4b599e96769a32b,664647c9d56b9a0c822fcd07,,,,,,,,,,,,,,,,,,,,,,,,,,,,,,,,,,,,,,,,,,5,,,,,,,,,,,,,3,,,,,,,,,,,,,,,,,,,,,,,,,s,3,red_gnome,3,3,bright_forest,red_basket,yellow_gnome,3,7,dark_forest,yellow_basket,0,0,1,0,red_gnome,bright_forest,red_basket,3048,0,3,21,6,174,6,1,1.0301,,,,,,,,,,,,,,,,,,,,,,,,,,,,,,,,,,,,,,,,,,,,,,,,,,,,,,,,,,,,,,,,,,,,,,,,,,,,,,,,
,,,,,,,,,,,,,,,,,,,,,,,,,,,,,,,,,,,,,,,,,,,,,,,,,,,,,,,,,,,,,,,,,016778,001,2024-05-16_18h54.20.045,experiment,2023.2.3,Win32,60.24096386,66415fdcc304dc7b28317cab,6644f019e4b599e96769a32b,664647c9d56b9a0c822fcd07,,,,,,,,,,,,,,,,,,,,,,,,,,,,,,,,,,,,,,,,,,5,,,,,,,,,,,,,2,,,,,,,,,,,,,,,,,,,,,,,,,,2,green_gnome,2,3,bright_forest,red_basket,pink_gnome,2,8,dark_forest,yellow_basket,0,1,0,0,,bright_forest,red_basket,3048,-1,2,21,7,175,5,1,,,,,,,,,,,,,,,,,,,,,,,,,,,,,,,,,,,,,,,,,,,,,,,,,,,,,,,,,,,,,,,,,,,,,,,,,,,,,,,,,
,,,,,,,,,,,,,,,,,,,,,,,,,,,,,,,,,,,,,,,,,,,,,,,,,,,,,,,,,,,,,,,,,016778,001,2024-05-16_18h54.20.045,experiment,2023.2.3,Win32,60.24096386,66415fdcc304dc7b28317cab,6644f019e4b599e96769a32b,664647c9d56b9a0c822fcd07,,,,,,,,,,,,,,,,,,,,,,,,,,,,,,,,,,,,,,,,,,5,,,,,,,,,,,,,3,,,,,,,,,,,,,,,,,,,,,,,,,s,3,red_gnome,3,2,bright_forest,red_basket,yellow_gnome,3,8,dark_forest,yellow_basket,10,0,0,1,red_gnome,bright_forest,red_basket,3058,2,0,22,0,176,6,1,0.6566,,space,0.3718,,,,,,,,,,,,,,,,,,,,,,,,,,,,,,,,,,,,,,,,,,,,,,,,,,,,,,,,,,,,,,,,,,,,,,,,,,,,,
,,,,,,,,,,,,,,,,,,,,,,,,,,,,,,,,,,,,,,,,,,,,,,,,,,,,,,,,,,,,,,,,,016778,001,2024-05-16_18h54.20.045,experiment,2023.2.3,Win32,60.24096386,66415fdcc304dc7b28317cab,6644f019e4b599e96769a32b,664647c9d56b9a0c822fcd07,,,,,,,,,,,,,,,,,,,,,,,,,,,,,,,,,,,,,,,,,,1,,,,,,,,,,,,,4,,,,,,,,,,,,,,,,,,,,,,,,,k,4,purple_gnome,4,8,dark_forest,yellow_basket,blue_gnome,4,4,bright_forest,red_basket,4,0,0,1,blue_gnome,bright_forest,red_basket,3062,-1,-1,22,1,177,3,1,0.5305,,space,0.3903,,,,,,,,,,,,,,,,,,,,,,,,,,,,,,,,,,,,,,,,,,,,,,,,,,,,,,,,,,,,,,,,,,,,,,,,,,,,,
,,,,,,,,,,,,,,,,,,,,,,,,,,,,,,,,,,,,,,,,,,,,,,,,,,,,,,,,,,,,,,,,,016778,001,2024-05-16_18h54.20.045,experiment,2023.2.3,Win32,60.24096386,66415fdcc304dc7b28317cab,6644f019e4b599e96769a32b,664647c9d56b9a0c822fcd07,,,,,,,,,,,,,,,,,,,,,,,,,,,,,,,,,,,,,,,,,,5,,,,,,,,,,,,,1,,,,,,,,,,,,,,,,,,,,,,,,,k,1,brown_gnome,1,7,dark_forest,yellow_basket,orange_gnome,1,3,bright_forest,red_basket,15,0,0,1,orange_gnome,bright_forest,red_basket,3077,3,1,22,2,178,4,1,1.0445,,space,0.3969,,,,,,,,,,,,,,,,,,,,,,,,,,,,,,,,,,,,,,,,,,,,,,,,,,,,,,,,,,,,,,,,,,,,,,,,,,,,,
,,,,,,,,,,,,,,,,,,,,,,,,,,,,,,,,,,,,,,,,,,,,,,,,,,,,,,,,,,,,,,,,,016778,001,2024-05-16_18h54.20.045,experiment,2023.2.3,Win32,60.24096386,66415fdcc304dc7b28317cab,6644f019e4b599e96769a32b,664647c9d56b9a0c822fcd07,,,,,,,,,,,,,,,,,,,,,,,,,,,,,,,,,,,,,,,,,,1,,,,,,,,,,,,,3,,,,,,,,,,,,,,,,,,,,,,,,,s,3,red_gnome,3,6,bright_forest,red_basket,yellow_gnome,3,8,dark_forest,yellow_basket,6,0,0,1,red_gnome,bright_forest,red_basket,3083,2,0,22,3,179,2,1,0.9218,,space,0.6859,,,,,,,,,,,,,,,,,,,,,,,,,,,,,,,,,,,,,,,,,,,,,,,,,,,,,,,,,,,,,,,,,,,,,,,,,,,,,
,,,,,,,,,,,,,,,,,,,,,,,,,,,,,,,,,,,,,,,,,,,,,,,,,,,,,,,,,,,,,,,,,016778,001,2024-05-16_18h54.20.045,experiment,2023.2.3,Win32,60.24096386,66415fdcc304dc7b28317cab,6644f019e4b599e96769a32b,664647c9d56b9a0c822fcd07,,,,,,,,,,,,,,,,,,,,,,,,,,,,,,,,,,,,,,,,,,5,,,,,,,,,,,,,4,,,,,,,,,,,,,,,,,,,,,,,,,s,4,blue_gnome,4,8,bright_forest,red_basket,purple_gnome,4,8,dark_forest,yellow_basket,40,0,0,1,blue_gnome,bright_forest,red_basket,3123,6,1,22,4,180,7,1,0.6716,,space,0.4379,,,,,,,,,,,,,,,,,,,,,,,,,,,,,,,,,,,,,,,,,,,,,,,,,,,,,,,,,,,,,,,,,,,,,,,,,,,,,
,,,,,,,,,,,,,,,,,,,,,,,,,,,,,,,,,,,,,,,,,,,,,,,,,,,,,,,,,,,,,,,,,016778,001,2024-05-16_18h54.20.045,experiment,2023.2.3,Win32,60.24096386,66415fdcc304dc7b28317cab,6644f019e4b599e96769a32b,664647c9d56b9a0c822fcd07,,,,,,,,,,,,,,,,,,,,,,,,,,,,,,,,,,,,,,,,,,1,,,,,,,,,,,,,4,,,,,,,,,,,,,,,,,,,,,,,,,s,4,blue_gnome,4,4,bright_forest,red_basket,purple_gnome,4,9,dark_forest,yellow_basket,4,0,0,1,blue_gnome,bright_forest,red_basket,3127,-3,-1,22,5,181,3,1,0.645,,space,0.4801,,,,,,,,,,,,,,,,,,,,,,,,,,,,,,,,,,,,,,,,,,,,,,,,,,,,,,,,,,,,,,,,,,,,,,,,,,,,,
,,,,,,,,,,,,,,,,,,,,,,,,,,,,,,,,,,,,,,,,,,,,,,,,,,,,,,,,,,,,,,,,,016778,001,2024-05-16_18h54.20.045,experiment,2023.2.3,Win32,60.24096386,66415fdcc304dc7b28317cab,6644f019e4b599e96769a32b,664647c9d56b9a0c822fcd07,,,,,,,,,,,,,,,,,,,,,,,,,,,,,,,,,,,,,,,,,,1,,,,,,,,,,,,,4,,,,,,,,,,,,,,,,,,,,,,,,,k,4,purple_gnome,4,8,dark_forest,yellow_basket,blue_gnome,4,1,bright_forest,red_basket,1,0,0,1,blue_gnome,bright_forest,red_basket,3128,3,2,22,6,182,3,1,0.6396,,space,0.629,,,,,,,,,,,,,,,,,,,,,,,,,,,,,,,,,,,,,,,,,,,,,,,,,,,,,,,,,,,,,,,,,,,,,,,,,,,,,
,,,,,,,,,,,,,,,,,,,,,,,,,,,,,,,,,,,,,,,,,,,,,,,,,,,,,,,,,,,,,,,,,016778,001,2024-05-16_18h54.20.045,experiment,2023.2.3,Win32,60.24096386,66415fdcc304dc7b28317cab,6644f019e4b599e96769a32b,664647c9d56b9a0c822fcd07,,,,,,,,,,,,,,,,,,,,,,,,,,,,,,,,,,,,,,,,,,5,,,,,,,,,,,,,4,,,,,,,,,,,,,,,,,,,,,,,,,k,4,purple_gnome,4,8,dark_forest,yellow_basket,blue_gnome,4,4,bright_forest,red_basket,20,0,0,1,blue_gnome,bright_forest,red_basket,3148,0,1,22,7,183,7,1,0.4306,,space,0.5209,,,,,,,,,,,,,,,,,,,,,,,,,,,,,,,,,,,,,,,,,,,,,,,,,,,,,,,,,,,,,,,,,,,,,,,,,,,,,
,,,,,,,,,,,,,,,,,,,,,,,,,,,,,,,,,,,,,,,,,,,,,,,,,,,,,,,,,,,,,,,,,016778,001,2024-05-16_18h54.20.045,experiment,2023.2.3,Win32,60.24096386,66415fdcc304dc7b28317cab,6644f019e4b599e96769a32b,664647c9d56b9a0c822fcd07,,,,,,,,,,,,,,,,,,,,,,,,,,,,,,,,,,,,,,,,,,1,,,,,,,,,,,,,4,,,,,,,,,,,,,,,,,,,,,,,,,k,4,purple_gnome,4,9,dark_forest,yellow_basket,blue_gnome,4,4,bright_forest,red_basket,0,0,1,0,blue_gnome,bright_forest,red_basket,3148,-1,0,23,0,184,3,1,0.5389,,,,,,,,,,,,,,,,,,,,,,,,,,,,,,,,,,,,,,,,,,,,,,,,,,,,,,,,,,,,,,,,,,,,,,,,,,,,,,,,
,,,,,,,,,,,,,,,,,,,,,,,,,,,,,,,,,,,,,,,,,,,,,,,,,,,,,,,,,,,,,,,,,016778,001,2024-05-16_18h54.20.045,experiment,2023.2.3,Win32,60.24096386,66415fdcc304dc7b28317cab,6644f019e4b599e96769a32b,664647c9d56b9a0c822fcd07,,,,,,,,,,,,,,,,,,,,,,,,,,,,,,,,,,,,,,,,,,5,,,,,,,,,,,,,3,,,,,,,,,,,,,,,,,,,,,,,,,s,3,red_gnome,3,3,bright_forest,red_basket,yellow_gnome,3,9,dark_forest,yellow_basket,15,0,0,1,red_gnome,bright_forest,red_basket,3163,-1,2,23,1,185,6,1,0.7571,,space,0.4691,,,,,,,,,,,,,,,,,,,,,,,,,,,,,,,,,,,,,,,,,,,,,,,,,,,,,,,,,,,,,,,,,,,,,,,,,,,,,
,,,,,,,,,,,,,,,,,,,,,,,,,,,,,,,,,,,,,,,,,,,,,,,,,,,,,,,,,,,,,,,,,016778,001,2024-05-16_18h54.20.045,experiment,2023.2.3,Win32,60.24096386,66415fdcc304dc7b28317cab,6644f019e4b599e96769a32b,664647c9d56b9a0c822fcd07,,,,,,,,,,,,,,,,,,,,,,,,,,,,,,,,,,,,,,,,,,5,,,,,,,,,,,,,2,,,,,,,,,,,,,,,,,,,,,,,,,k,2,pink_gnome,2,7,dark_forest,yellow_basket,green_gnome,2,2,bright_forest,red_basket,10,0,0,1,green_gnome,bright_forest,red_basket,3173,1,2,23,2,186,5,1,0.6384,,space,0.707,,,,,,,,,,,,,,,,,,,,,,,,,,,,,,,,,,,,,,,,,,,,,,,,,,,,,,,,,,,,,,,,,,,,,,,,,,,,,
,,,,,,,,,,,,,,,,,,,,,,,,,,,,,,,,,,,,,,,,,,,,,,,,,,,,,,,,,,,,,,,,,016778,001,2024-05-16_18h54.20.045,experiment,2023.2.3,Win32,60.24096386,66415fdcc304dc7b28317cab,6644f019e4b599e96769a32b,664647c9d56b9a0c822fcd07,,,,,,,,,,,,,,,,,,,,,,,,,,,,,,,,,,,,,,,,,,5,,,,,,,,,,,,,3,,,,,,,,,,,,,,,,,,,,,,,,,s,3,yellow_gnome,3,9,dark_forest,yellow_basket,red_gnome,3,3,bright_forest,red_basket,45,0,0,1,yellow_gnome,dark_forest,yellow_basket,3218,-4,1,23,3,187,6,1,0.8065,,space,0.6515,,,,,,,,,,,,,,,,,,,,,,,,,,,,,,,,,,,,,,,,,,,,,,,,,,,,,,,,,,,,,,,,,,,,,,,,,,,,,
,,,,,,,,,,,,,,,,,,,,,,,,,,,,,,,,,,,,,,,,,,,,,,,,,,,,,,,,,,,,,,,,,016778,001,2024-05-16_18h54.20.045,experiment,2023.2.3,Win32,60.24096386,66415fdcc304dc7b28317cab,6644f019e4b599e96769a32b,664647c9d56b9a0c822fcd07,,,,,,,,,,,,,,,,,,,,,,,,,,,,,,,,,,,,,,,,,,1,,,,,,,,,,,,,4,,,,,,,,,,,,,,,,,,,,,,,,,k,4,blue_gnome,4,1,bright_forest,red_basket,purple_gnome,4,8,dark_forest,yellow_basket,8,0,0,1,purple_gnome,dark_forest,yellow_basket,3226,-1,-2,23,4,188,3,1,0.8111,,space,0.34,,,,,,,,,,,,,,,,,,,,,,,,,,,,,,,,,,,,,,,,,,,,,,,,,,,,,,,,,,,,,,,,,,,,,,,,,,,,,
,,,,,,,,,,,,,,,,,,,,,,,,,,,,,,,,,,,,,,,,,,,,,,,,,,,,,,,,,,,,,,,,,016778,001,2024-05-16_18h54.20.045,experiment,2023.2.3,Win32,60.24096386,66415fdcc304dc7b28317cab,6644f019e4b599e96769a32b,664647c9d56b9a0c822fcd07,,,,,,,,,,,,,,,,,,,,,,,,,,,,,,,,,,,,,,,,,,5,,,,,,,,,,,,,4,,,,,,,,,,,,,,,,,,,,,,,,,s,4,blue_gnome,4,0,bright_forest,red_basket,purple_gnome,4,6,dark_forest,yellow_basket,0,0,0,1,blue_gnome,bright_forest,red_basket,3226,-1,-5,23,5,189,7,1,0.7072,,space,0.6023,,,,,,,,,,,,,,,,,,,,,,,,,,,,,,,,,,,,,,,,,,,,,,,,,,,,,,,,,,,,,,,,,,,,,,,,,,,,,
,,,,,,,,,,,,,,,,,,,,,,,,,,,,,,,,,,,,,,,,,,,,,,,,,,,,,,,,,,,,,,,,,016778,001,2024-05-16_18h54.20.045,experiment,2023.2.3,Win32,60.24096386,66415fdcc304dc7b28317cab,6644f019e4b599e96769a32b,664647c9d56b9a0c822fcd07,,,,,,,,,,,,,,,,,,,,,,,,,,,,,,,,,,,,,,,,,,1,,,,,,,,,,,,,3,,,,,,,,,,,,,,,,,,,,,,,,,k,3,red_gnome,3,1,bright_forest,red_basket,yellow_gnome,3,1,dark_forest,yellow_basket,1,0,0,1,yellow_gnome,dark_forest,yellow_basket,3227,0,-3,23,6,190,2,1,0.9875,,space,0.3714,,,,,,,,,,,,,,,,,,,,,,,,,,,,,,,,,,,,,,,,,,,,,,,,,,,,,,,,,,,,,,,,,,,,,,,,,,,,,
,,,,,,,,,,,,,,,,,,,,,,,,,,,,,,,,,,,,,,,,,,,,,,,,,,,,,,,,,,,,,,,,,016778,001,2024-05-16_18h54.20.045,experiment,2023.2.3,Win32,60.24096386,66415fdcc304dc7b28317cab,6644f019e4b599e96769a32b,664647c9d56b9a0c822fcd07,,,,,,,,,,,,,,,,,,,,,,,,,,,,,,,,,,,,,,,,,,1,,,,,,,,,,,,,1,,,,,,,,,,,,,,,,,,,,,,,,,s,1,orange_gnome,1,1,bright_forest,red_basket,brown_gnome,1,2,dark_forest,yellow_basket,1,0,0,1,orange_gnome,bright_forest,red_basket,3228,2,-5,23,7,191,0,1,1.4932,,space,0.5707,,space,42.2428,,,,,,,,,,,,,,,,,,,,,,,,,,,,,,,,,,,,,,,,,,,,,,,,,,,,,,,,,,,,,,,,,,,,,,,,,,
,,,,,,,,,,,,,,,,,,,,,,,,,,,,,,,,,,,,,,,,,,,,,,,,,,,,,,,,,,,,,,,,,016778,001,2024-05-16_18h54.20.045,experiment,2023.2.3,Win32,60.24096386,66415fdcc304dc7b28317cab,6644f019e4b599e96769a32b,664647c9d56b9a0c822fcd07,,,,,,,,,,,,,,,,,,,,,,,,,,,,,,,,,,,,,,,,,,5,,,,,,,,,,,,,1,,,,,,,,,,,,,,,,,,,,,,,,,k,1,brown_gnome,1,3,dark_forest,yellow_basket,orange_gnome,1,3,bright_forest,red_basket,15,0,0,1,orange_gnome,bright_forest,red_basket,3243,0,-3,24,0,192,4,1,0.9255,,space,0.4722,,,,,,,,,,,,,,,,,,,,,,,,,,,,,,,,,,,,,,,,,,,,,,,,,,,,,,,,,,,,,,,,,,,,,,,,,,,,,
,,,,,,,,,,,,,,,,,,,,,,,,,,,,,,,,,,,,,,,,,,,,,,,,,,,,,,,,,,,,,,,,,016778,001,2024-05-16_18h54.20.045,experiment,2023.2.3,Win32,60.24096386,66415fdcc304dc7b28317cab,6644f019e4b599e96769a32b,664647c9d56b9a0c822fcd07,,,,,,,,,,,,,,,,,,,,,,,,,,,,,,,,,,,,,,,,,,5,,,,,,,,,,,,,4,,,,,,,,,,,,,,,,,,,,,,,,,k,4,purple_gnome,4,0,dark_forest,yellow_basket,blue_gnome,4,3,bright_forest,red_basket,15,0,0,1,blue_gnome,bright_forest,red_basket,3258,-1,-1,24,1,193,7,1,0.8554,,space,1.1939,,,,,,,,,,,,,,,,,,,,,,,,,,,,,,,,,,,,,,,,,,,,,,,,,,,,,,,,,,,,,,,,,,,,,,,,,,,,,
,,,,,,,,,,,,,,,,,,,,,,,,,,,,,,,,,,,,,,,,,,,,,,,,,,,,,,,,,,,,,,,,,016778,001,2024-05-16_18h54.20.045,experiment,2023.2.3,Win32,60.24096386,66415fdcc304dc7b28317cab,6644f019e4b599e96769a32b,664647c9d56b9a0c822fcd07,,,,,,,,,,,,,,,,,,,,,,,,,,,,,,,,,,,,,,,,,,1,,,,,,,,,,,,,2,,,,,,,,,,,,,,,,,,,,,,,,,s,2,green_gnome,2,2,bright_forest,red_basket,pink_gnome,2,1,dark_forest,yellow_basket,2,0,0,1,green_gnome,bright_forest,red_basket,3260,2,0,24,2,194,1,1,0.7233,,space,0.4202,,,,,,,,,,,,,,,,,,,,,,,,,,,,,,,,,,,,,,,,,,,,,,,,,,,,,,,,,,,,,,,,,,,,,,,,,,,,,
,,,,,,,,,,,,,,,,,,,,,,,,,,,,,,,,,,,,,,,,,,,,,,,,,,,,,,,,,,,,,,,,,016778,001,2024-05-16_18h54.20.045,experiment,2023.2.3,Win32,60.24096386,66415fdcc304dc7b28317cab,6644f019e4b599e96769a32b,664647c9d56b9a0c822fcd07,,,,,,,,,,,,,,,,,,,,,,,,,,,,,,,,,,,,,,,,,,1,,,,,,,,,,,,,2,,,,,,,,,,,,,,,,,,,,,,,,,s,2,green_gnome,2,4,bright_forest,red_basket,pink_gnome,2,1,dark_forest,yellow_basket,4,0,0,1,green_gnome,bright_forest,red_basket,3264,-4,-1,24,3,195,1,1,0.9065,,space,0.4269,,,,,,,,,,,,,,,,,,,,,,,,,,,,,,,,,,,,,,,,,,,,,,,,,,,,,,,,,,,,,,,,,,,,,,,,,,,,,
,,,,,,,,,,,,,,,,,,,,,,,,,,,,,,,,,,,,,,,,,,,,,,,,,,,,,,,,,,,,,,,,,016778,001,2024-05-16_18h54.20.045,experiment,2023.2.3,Win32,60.24096386,66415fdcc304dc7b28317cab,6644f019e4b599e96769a32b,664647c9d56b9a0c822fcd07,,,,,,,,,,,,,,,,,,,,,,,,,,,,,,,,,,,,,,,,,,5,,,,,,,,,,,,,2,,,,,,,,,,,,,,,,,,,,,,,,,k,2,pink_gnome,2,0,dark_forest,yellow_basket,green_gnome,2,0,bright_forest,red_basket,0,0,0,1,green_gnome,bright_forest,red_basket,3264,-2,3,24,4,196,5,1,0.7072,,space,0.4558,,,,,,,,,,,,,,,,,,,,,,,,,,,,,,,,,,,,,,,,,,,,,,,,,,,,,,,,,,,,,,,,,,,,,,,,,,,,,
,,,,,,,,,,,,,,,,,,,,,,,,,,,,,,,,,,,,,,,,,,,,,,,,,,,,,,,,,,,,,,,,,016778,001,2024-05-16_18h54.20.045,experiment,2023.2.3,Win32,60.24096386,66415fdcc304dc7b28317cab,6644f019e4b599e96769a32b,664647c9d56b9a0c822fcd07,,,,,,,,,,,,,,,,,,,,,,,,,,,,,,,,,,,,,,,,,,1,,,,,,,,,,,,,1,,,,,,,,,,,,,,,,,,,,,,,,,k,1,brown_gnome,1,3,dark_forest,yellow_basket,orange_gnome,1,2,bright_forest,red_basket,2,0,0,1,orange_gnome,bright_forest,red_basket,3266,0,-1,24,5,197,0,1,0.9243,,space,0.5413,,,,,,,,,,,,,,,,,,,,,,,,,,,,,,,,,,,,,,,,,,,,,,,,,,,,,,,,,,,,,,,,,,,,,,,,,,,,,
,,,,,,,,,,,,,,,,,,,,,,,,,,,,,,,,,,,,,,,,,,,,,,,,,,,,,,,,,,,,,,,,,016778,001,2024-05-16_18h54.20.045,experiment,2023.2.3,Win32,60.24096386,66415fdcc304dc7b28317cab,6644f019e4b599e96769a32b,664647c9d56b9a0c822fcd07,,,,,,,,,,,,,,,,,,,,,,,,,,,,,,,,,,,,,,,,,,1,,,,,,,,,,,,,3,,,,,,,,,,,,,,,,,,,,,,,,,s,3,red_gnome,3,2,bright_forest,red_basket,yellow_gnome,3,2,dark_forest,yellow_basket,2,0,0,1,red_gnome,bright_forest,red_basket,3268,2,2,24,6,198,2,1,0.7378,,space,0.397,,,,,,,,,,,,,,,,,,,,,,,,,,,,,,,,,,,,,,,,,,,,,,,,,,,,,,,,,,,,,,,,,,,,,,,,,,,,,
,,,,,,,,,,,,,,,,,,,,,,,,,,,,,,,,,,,,,,,,,,,,,,,,,,,,,,,,,,,,,,,,,016778,001,2024-05-16_18h54.20.045,experiment,2023.2.3,Win32,60.24096386,66415fdcc304dc7b28317cab,6644f019e4b599e96769a32b,664647c9d56b9a0c822fcd07,,,,,,,,,,,,,,,,,,,,,,,,,,,,,,,,,,,,,,,,,,1,,,,,,,,,,,,,3,,,,,,,,,,,,,,,,,,,,,,,,,k,3,red_gnome,3,4,bright_forest,red_basket,yellow_gnome,3,4,dark_forest,yellow_basket,4,0,0,1,yellow_gnome,dark_forest,yellow_basket,3272,4,-1,24,7,199,2,1,0.4269,,space,0.6467,,,,,,,,,,,,,,,,,,,,,,,,,,,,,,,,,,,,,,,,,,,,,,,,,,,,,,,,,,,,,,,,,,,,,,,,,,,,,
,,,,,,,,,,,,,,,,,,,,,,,,,,,,,,,,,,,,,,,,,,,,,,,,,,,,,,,,,,,,,,,,,016778,001,2024-05-16_18h54.20.045,experiment,2023.2.3,Win32,60.24096386,66415fdcc304dc7b28317cab,6644f019e4b599e96769a32b,664647c9d56b9a0c822fcd07,,,,,,,,,,,,,,,,,,,,,,,,,,,,,,,,,,,,,,,,,,1,,,,,,,,,,,,,1,,,,,,,,,,,,,,,,,,,,,,,,,s,1,brown_gnome,1,3,dark_forest,yellow_basket,orange_gnome,1,8,bright_forest,red_basket,3,0,0,1,brown_gnome,dark_forest,yellow_basket,3275,1,1,25,0,200,0,1,0.6226,,space,0.4061,,,,,,,,,,,,,,,,,,,,,,,,,,,,,,,,,,,,,,,,,,,,,,,,,,,,,,,,,,,,,,,,,,,,,,,,,,,,,
,,,,,,,,,,,,,,,,,,,,,,,,,,,,,,,,,,,,,,,,,,,,,,,,,,,,,,,,,,,,,,,,,016778,001,2024-05-16_18h54.20.045,experiment,2023.2.3,Win32,60.24096386,66415fdcc304dc7b28317cab,6644f019e4b599e96769a32b,664647c9d56b9a0c822fcd07,,,,,,,,,,,,,,,,,,,,,,,,,,,,,,,,,,,,,,,,,,1,,,,,,,,,,,,,3,,,,,,,,,,,,,,,,,,,,,,,,,k,3,red_gnome,3,9,bright_forest,red_basket,yellow_gnome,3,4,dark_forest,yellow_basket,4,0,0,1,yellow_gnome,dark_forest,yellow_basket,3279,3,-6,25,1,201,2,1,0.577,,space,0.3603,,,,,,,,,,,,,,,,,,,,,,,,,,,,,,,,,,,,,,,,,,,,,,,,,,,,,,,,,,,,,,,,,,,,,,,,,,,,,
,,,,,,,,,,,,,,,,,,,,,,,,,,,,,,,,,,,,,,,,,,,,,,,,,,,,,,,,,,,,,,,,,016778,001,2024-05-16_18h54.20.045,experiment,2023.2.3,Win32,60.24096386,66415fdcc304dc7b28317cab,6644f019e4b599e96769a32b,664647c9d56b9a0c822fcd07,,,,,,,,,,,,,,,,,,,,,,,,,,,,,,,,,,,,,,,,,,5,,,,,,,,,,,,,2,,,,,,,,,,,,,,,,,,,,,,,,,s,2,pink_gnome,2,2,dark_forest,yellow_basket,green_gnome,2,6,bright_forest,red_basket,10,0,0,1,pink_gnome,dark_forest,yellow_basket,3289,-2,-1,25,2,202,5,1,0.4818,,space,0.3771,,,,,,,,,,,,,,,,,,,,,,,,,,,,,,,,,,,,,,,,,,,,,,,,,,,,,,,,,,,,,,,,,,,,,,,,,,,,,
,,,,,,,,,,,,,,,,,,,,,,,,,,,,,,,,,,,,,,,,,,,,,,,,,,,,,,,,,,,,,,,,,016778,001,2024-05-16_18h54.20.045,experiment,2023.2.3,Win32,60.24096386,66415fdcc304dc7b28317cab,6644f019e4b599e96769a32b,664647c9d56b9a0c822fcd07,,,,,,,,,,,,,,,,,,,,,,,,,,,,,,,,,,,,,,,,,,1,,,,,,,,,,,,,2,,,,,,,,,,,,,,,,,,,,,,,,,k,2,green_gnome,2,4,bright_forest,red_basket,pink_gnome,2,1,dark_forest,yellow_basket,1,0,0,1,pink_gnome,dark_forest,yellow_basket,3290,0,2,25,3,203,1,1,1.3095,,space,0.4906,,,,,,,,,,,,,,,,,,,,,,,,,,,,,,,,,,,,,,,,,,,,,,,,,,,,,,,,,,,,,,,,,,,,,,,,,,,,,
,,,,,,,,,,,,,,,,,,,,,,,,,,,,,,,,,,,,,,,,,,,,,,,,,,,,,,,,,,,,,,,,,016778,001,2024-05-16_18h54.20.045,experiment,2023.2.3,Win32,60.24096386,66415fdcc304dc7b28317cab,6644f019e4b599e96769a32b,664647c9d56b9a0c822fcd07,,,,,,,,,,,,,,,,,,,,,,,,,,,,,,,,,,,,,,,,,,1,,,,,,,,,,,,,4,,,,,,,,,,,,,,,,,,,,,,,,,s,4,blue_gnome,4,4,bright_forest,red_basket,purple_gnome,4,3,dark_forest,yellow_basket,4,0,0,1,blue_gnome,bright_forest,red_basket,3294,-2,2,25,4,204,3,1,0.7077,,space,0.521,,,,,,,,,,,,,,,,,,,,,,,,,,,,,,,,,,,,,,,,,,,,,,,,,,,,,,,,,,,,,,,,,,,,,,,,,,,,,
,,,,,,,,,,,,,,,,,,,,,,,,,,,,,,,,,,,,,,,,,,,,,,,,,,,,,,,,,,,,,,,,,016778,001,2024-05-16_18h54.20.045,experiment,2023.2.3,Win32,60.24096386,66415fdcc304dc7b28317cab,6644f019e4b599e96769a32b,664647c9d56b9a0c822fcd07,,,,,,,,,,,,,,,,,,,,,,,,,,,,,,,,,,,,,,,,,,1,,,,,,,,,,,,,1,,,,,,,,,,,,,,,,,,,,,,,,,k,1,brown_gnome,1,5,dark_forest,yellow_basket,orange_gnome,1,2,bright_forest,red_basket,2,0,0,1,orange_gnome,bright_forest,red_basket,3296,1,2,25,5,205,0,1,0.7905,,space,0.7553,,,,,,,,,,,,,,,,,,,,,,,,,,,,,,,,,,,,,,,,,,,,,,,,,,,,,,,,,,,,,,,,,,,,,,,,,,,,,
,,,,,,,,,,,,,,,,,,,,,,,,,,,,,,,,,,,,,,,,,,,,,,,,,,,,,,,,,,,,,,,,,016778,001,2024-05-16_18h54.20.045,experiment,2023.2.3,Win32,60.24096386,66415fdcc304dc7b28317cab,6644f019e4b599e96769a32b,664647c9d56b9a0c822fcd07,,,,,,,,,,,,,,,,,,,,,,,,,,,,,,,,,,,,,,,,,,1,,,,,,,,,,,,,3,,,,,,,,,,,,,,,,,,,,,,,,,s,3,red_gnome,3,3,bright_forest,red_basket,yellow_gnome,3,7,dark_forest,yellow_basket,3,0,0,1,red_gnome,bright_forest,red_basket,3299,1,2,25,6,206,2,1,0.6388,,space,0.486,,,,,,,,,,,,,,,,,,,,,,,,,,,,,,,,,,,,,,,,,,,,,,,,,,,,,,,,,,,,,,,,,,,,,,,,,,,,,
,,,,,,,,,,,,,,,,,,,,,,,,,,,,,,,,,,,,,,,,,,,,,,,,,,,,,,,,,,,,,,,,,016778,001,2024-05-16_18h54.20.045,experiment,2023.2.3,Win32,60.24096386,66415fdcc304dc7b28317cab,6644f019e4b599e96769a32b,664647c9d56b9a0c822fcd07,,,,,,,,,,,,,,,,,,,,,,,,,,,,,,,,,,,,,,,,,,1,,,,,,,,,,,,,3,,,,,,,,,,,,,,,,,,,,,,,,,s,3,red_gnome,3,4,bright_forest,red_basket,yellow_gnome,3,9,dark_forest,yellow_basket,4,0,0,1,red_gnome,bright_forest,red_basket,3303,-2,-2,25,7,207,2,1,0.6246,,space,0.5253,,,,,,,,,,,,,,,,,,,,,,,,,,,,,,,,,,,,,,,,,,,,,,,,,,,,,,,,,,,,,,,,,,,,,,,,,,,,,
,,,,,,,,,,,,,,,,,,,,,,,,,,,,,,,,,,,,,,,,,,,,,,,,,,,,,,,,,,,,,,,,,016778,001,2024-05-16_18h54.20.045,experiment,2023.2.3,Win32,60.24096386,66415fdcc304dc7b28317cab,6644f019e4b599e96769a32b,664647c9d56b9a0c822fcd07,,,,,,,,,,,,,,,,,,,,,,,,,,,,,,,,,,,,,,,,,,5,,,,,,,,,,,,,1,,,,,,,,,,,,,,,,,,,,,,,,,k,1,brown_gnome,1,7,dark_forest,yellow_basket,orange_gnome,1,2,bright_forest,red_basket,10,0,0,1,orange_gnome,bright_forest,red_basket,3313,-5,-4,26,0,208,4,1,1.0453,,space,0.5641,,,,,,,,,,,,,,,,,,,,,,,,,,,,,,,,,,,,,,,,,,,,,,,,,,,,,,,,,,,,,,,,,,,,,,,,,,,,,
,,,,,,,,,,,,,,,,,,,,,,,,,,,,,,,,,,,,,,,,,,,,,,,,,,,,,,,,,,,,,,,,,016778,001,2024-05-16_18h54.20.045,experiment,2023.2.3,Win32,60.24096386,66415fdcc304dc7b28317cab,6644f019e4b599e96769a32b,664647c9d56b9a0c822fcd07,,,,,,,,,,,,,,,,,,,,,,,,,,,,,,,,,,,,,,,,,,1,,,,,,,,,,,,,2,,,,,,,,,,,,,,,,,,,,,,,,,s,2,green_gnome,2,3,bright_forest,red_basket,pink_gnome,2,3,dark_forest,yellow_basket,3,0,0,1,green_gnome,bright_forest,red_basket,3316,2,1,26,1,209,1,1,0.6475,,space,0.7916,,,,,,,,,,,,,,,,,,,,,,,,,,,,,,,,,,,,,,,,,,,,,,,,,,,,,,,,,,,,,,,,,,,,,,,,,,,,,
,,,,,,,,,,,,,,,,,,,,,,,,,,,,,,,,,,,,,,,,,,,,,,,,,,,,,,,,,,,,,,,,,016778,001,2024-05-16_18h54.20.045,experiment,2023.2.3,Win32,60.24096386,66415fdcc304dc7b28317cab,6644f019e4b599e96769a32b,664647c9d56b9a0c822fcd07,,,,,,,,,,,,,,,,,,,,,,,,,,,,,,,,,,,,,,,,,,1,,,,,,,,,,,,,4,,,,,,,,,,,,,,,,,,,,,,,,,s,4,blue_gnome,4,5,bright_forest,red_basket,purple_gnome,4,4,dark_forest,yellow_basket,5,0,0,1,blue_gnome,bright_forest,red_basket,3321,0,2,26,2,210,3,1,0.7599,,space,0.5816,,,,,,,,,,,,,,,,,,,,,,,,,,,,,,,,,,,,,,,,,,,,,,,,,,,,,,,,,,,,,,,,,,,,,,,,,,,,,
,,,,,,,,,,,,,,,,,,,,,,,,,,,,,,,,,,,,,,,,,,,,,,,,,,,,,,,,,,,,,,,,,016778,001,2024-05-16_18h54.20.045,experiment,2023.2.3,Win32,60.24096386,66415fdcc304dc7b28317cab,6644f019e4b599e96769a32b,664647c9d56b9a0c822fcd07,,,,,,,,,,,,,,,,,,,,,,,,,,,,,,,,,,,,,,,,,,5,,,,,,,,,,,,,1,,,,,,,,,,,,,,,,,,,,,,,,,k,1,brown_gnome,1,6,dark_forest,yellow_basket,orange_gnome,1,5,bright_forest,red_basket,25,0,0,1,orange_gnome,bright_forest,red_basket,3346,2,3,26,3,211,4,1,1.0782,,space,0.528,,,,,,,,,,,,,,,,,,,,,,,,,,,,,,,,,,,,,,,,,,,,,,,,,,,,,,,,,,,,,,,,,,,,,,,,,,,,,
,,,,,,,,,,,,,,,,,,,,,,,,,,,,,,,,,,,,,,,,,,,,,,,,,,,,,,,,,,,,,,,,,016778,001,2024-05-16_18h54.20.045,experiment,2023.2.3,Win32,60.24096386,66415fdcc304dc7b28317cab,6644f019e4b599e96769a32b,664647c9d56b9a0c822fcd07,,,,,,,,,,,,,,,,,,,,,,,,,,,,,,,,,,,,,,,,,,1,,,,,,,,,,,,,1,,,,,,,,,,,,,,,,,,,,,,,,,k,1,brown_gnome,1,9,dark_forest,yellow_basket,orange_gnome,1,7,bright_forest,red_basket,7,0,0,1,orange_gnome,bright_forest,red_basket,3353,-2,3,26,4,212,0,1,0.5963,,space,1.2015,,,,,,,,,,,,,,,,,,,,,,,,,,,,,,,,,,,,,,,,,,,,,,,,,,,,,,,,,,,,,,,,,,,,,,,,,,,,,
,,,,,,,,,,,,,,,,,,,,,,,,,,,,,,,,,,,,,,,,,,,,,,,,,,,,,,,,,,,,,,,,,016778,001,2024-05-16_18h54.20.045,experiment,2023.2.3,Win32,60.24096386,66415fdcc304dc7b28317cab,6644f019e4b599e96769a32b,664647c9d56b9a0c822fcd07,,,,,,,,,,,,,,,,,,,,,,,,,,,,,,,,,,,,,,,,,,5,,,,,,,,,,,,,2,,,,,,,,,,,,,,,,,,,,,,,,,k,2,pink_gnome,2,6,dark_forest,yellow_basket,green_gnome,2,5,bright_forest,red_basket,25,0,0,1,green_gnome,bright_forest,red_basket,3378,-1,0,26,5,213,5,1,0.8112,,space,0.5456,,,,,,,,,,,,,,,,,,,,,,,,,,,,,,,,,,,,,,,,,,,,,,,,,,,,,,,,,,,,,,,,,,,,,,,,,,,,,
,,,,,,,,,,,,,,,,,,,,,,,,,,,,,,,,,,,,,,,,,,,,,,,,,,,,,,,,,,,,,,,,,016778,001,2024-05-16_18h54.20.045,experiment,2023.2.3,Win32,60.24096386,66415fdcc304dc7b28317cab,6644f019e4b599e96769a32b,664647c9d56b9a0c822fcd07,,,,,,,,,,,,,,,,,,,,,,,,,,,,,,,,,,,,,,,,,,1,,,,,,,,,,,,,4,,,,,,,,,,,,,,,,,,,,,,,,,,4,purple_gnome,4,6,dark_forest,yellow_basket,blue_gnome,4,4,bright_forest,red_basket,0,1,0,0,,bright_forest,red_basket,3378,-2,1,26,6,214,3,1,,,,,,,,,,,,,,,,,,,,,,,,,,,,,,,,,,,,,,,,,,,,,,,,,,,,,,,,,,,,,,,,,,,,,,,,,,,,,,,,,
,,,,,,,,,,,,,,,,,,,,,,,,,,,,,,,,,,,,,,,,,,,,,,,,,,,,,,,,,,,,,,,,,016778,001,2024-05-16_18h54.20.045,experiment,2023.2.3,Win32,60.24096386,66415fdcc304dc7b28317cab,6644f019e4b599e96769a32b,664647c9d56b9a0c822fcd07,,,,,,,,,,,,,,,,,,,,,,,,,,,,,,,,,,,,,,,,,,1,,,,,,,,,,,,,3,,,,,,,,,,,,,,,,,,,,,,,,,k,3,yellow_gnome,3,7,dark_forest,yellow_basket,red_gnome,3,2,bright_forest,red_basket,2,0,0,1,red_gnome,bright_forest,red_basket,3380,1,0,26,7,215,2,1,0.6281,,space,0.8213,,,,,,,,,,,,,,,,,,,,,,,,,,,,,,,,,,,,,,,,,,,,,,,,,,,,,,,,,,,,,,,,,,,,,,,,,,,,,
,,,,,,,,,,,,,,,,,,,,,,,,,,,,,,,,,,,,,,,,,,,,,,,,,,,,,,,,,,,,,,,,,016778,001,2024-05-16_18h54.20.045,experiment,2023.2.3,Win32,60.24096386,66415fdcc304dc7b28317cab,6644f019e4b599e96769a32b,664647c9d56b9a0c822fcd07,,,,,,,,,,,,,,,,,,,,,,,,,,,,,,,,,,,,,,,,,,5,,,,,,,,,,,,,4,,,,,,,,,,,,,,,,,,,,,,,,,k,4,blue_gnome,4,3,bright_forest,red_basket,purple_gnome,4,7,dark_forest,yellow_basket,35,0,0,1,purple_gnome,dark_forest,yellow_basket,3415,0,-1,27,0,216,7,1,0.7771,,space,0.4525,,,,,,,,,,,,,,,,,,,,,,,,,,,,,,,,,,,,,,,,,,,,,,,,,,,,,,,,,,,,,,,,,,,,,,,,,,,,,
,,,,,,,,,,,,,,,,,,,,,,,,,,,,,,,,,,,,,,,,,,,,,,,,,,,,,,,,,,,,,,,,,016778,001,2024-05-16_18h54.20.045,experiment,2023.2.3,Win32,60.24096386,66415fdcc304dc7b28317cab,6644f019e4b599e96769a32b,664647c9d56b9a0c822fcd07,,,,,,,,,,,,,,,,,,,,,,,,,,,,,,,,,,,,,,,,,,1,,,,,,,,,,,,,2,,,,,,,,,,,,,,,,,,,,,,,,,,2,green_gnome,2,3,bright_forest,red_basket,pink_gnome,2,6,dark_forest,yellow_basket,0,1,0,0,,dark_forest,yellow_basket,3415,0,2,27,1,217,1,1,,,,,,,,,,,,,,,,,,,,,,,,,,,,,,,,,,,,,,,,,,,,,,,,,,,,,,,,,,,,,,,,,,,,,,,,,,,,,,,,,
,,,,,,,,,,,,,,,,,,,,,,,,,,,,,,,,,,,,,,,,,,,,,,,,,,,,,,,,,,,,,,,,,016778,001,2024-05-16_18h54.20.045,experiment,2023.2.3,Win32,60.24096386,66415fdcc304dc7b28317cab,6644f019e4b599e96769a32b,664647c9d56b9a0c822fcd07,,,,,,,,,,,,,,,,,,,,,,,,,,,,,,,,,,,,,,,,,,5,,,,,,,,,,,,,1,,,,,,,,,,,,,,,,,,,,,,,,,s,1,brown_gnome,1,8,dark_forest,yellow_basket,orange_gnome,1,3,bright_forest,red_basket,40,0,0,1,brown_gnome,dark_forest,yellow_basket,3455,0,3,27,2,218,4,1,0.5171,,space,0.4581,,,,,,,,,,,,,,,,,,,,,,,,,,,,,,,,,,,,,,,,,,,,,,,,,,,,,,,,,,,,,,,,,,,,,,,,,,,,,
,,,,,,,,,,,,,,,,,,,,,,,,,,,,,,,,,,,,,,,,,,,,,,,,,,,,,,,,,,,,,,,,,016778,001,2024-05-16_18h54.20.045,experiment,2023.2.3,Win32,60.24096386,66415fdcc304dc7b28317cab,6644f019e4b599e96769a32b,664647c9d56b9a0c822fcd07,,,,,,,,,,,,,,,,,,,,,,,,,,,,,,,,,,,,,,,,,,1,,,,,,,,,,,,,3,,,,,,,,,,,,,,,,,,,,,,,,,k,3,yellow_gnome,3,7,dark_forest,yellow_basket,red_gnome,3,3,bright_forest,red_basket,3,0,0,1,red_gnome,bright_forest,red_basket,3458,2,2,27,3,219,2,1,0.6117,,space,0.4994,,,,,,,,,,,,,,,,,,,,,,,,,,,,,,,,,,,,,,,,,,,,,,,,,,,,,,,,,,,,,,,,,,,,,,,,,,,,,
,,,,,,,,,,,,,,,,,,,,,,,,,,,,,,,,,,,,,,,,,,,,,,,,,,,,,,,,,,,,,,,,,016778,001,2024-05-16_18h54.20.045,experiment,2023.2.3,Win32,60.24096386,66415fdcc304dc7b28317cab,6644f019e4b599e96769a32b,664647c9d56b9a0c822fcd07,,,,,,,,,,,,,,,,,,,,,,,,,,,,,,,,,,,,,,,,,,5,,,,,,,,,,,,,3,,,,,,,,,,,,,,,,,,,,,,,,,s,3,yellow_gnome,3,9,dark_forest,yellow_basket,red_gnome,3,5,bright_forest,red_basket,45,0,0,1,yellow_gnome,dark_forest,yellow_basket,3503,-1,-1,27,4,220,6,1,0.6963,,space,0.385,,,,,,,,,,,,,,,,,,,,,,,,,,,,,,,,,,,,,,,,,,,,,,,,,,,,,,,,,,,,,,,,,,,,,,,,,,,,,
,,,,,,,,,,,,,,,,,,,,,,,,,,,,,,,,,,,,,,,,,,,,,,,,,,,,,,,,,,,,,,,,,016778,001,2024-05-16_18h54.20.045,experiment,2023.2.3,Win32,60.24096386,66415fdcc304dc7b28317cab,6644f019e4b599e96769a32b,664647c9d56b9a0c822fcd07,,,,,,,,,,,,,,,,,,,,,,,,,,,,,,,,,,,,,,,,,,1,,,,,,,,,,,,,4,,,,,,,,,,,,,,,,,,,,,,,,,k,4,purple_gnome,4,8,dark_forest,yellow_basket,blue_gnome,4,4,bright_forest,red_basket,4,0,0,1,blue_gnome,bright_forest,red_basket,3507,0,-3,27,5,221,3,1,0.6134,,space,0.545,,,,,,,,,,,,,,,,,,,,,,,,,,,,,,,,,,,,,,,,,,,,,,,,,,,,,,,,,,,,,,,,,,,,,,,,,,,,,
,,,,,,,,,,,,,,,,,,,,,,,,,,,,,,,,,,,,,,,,,,,,,,,,,,,,,,,,,,,,,,,,,016778,001,2024-05-16_18h54.20.045,experiment,2023.2.3,Win32,60.24096386,66415fdcc304dc7b28317cab,6644f019e4b599e96769a32b,664647c9d56b9a0c822fcd07,,,,,,,,,,,,,,,,,,,,,,,,,,,,,,,,,,,,,,,,,,1,,,,,,,,,,,,,2,,,,,,,,,,,,,,,,,,,,,,,,,s,2,green_gnome,2,4,bright_forest,red_basket,pink_gnome,2,5,dark_forest,yellow_basket,4,0,0,1,green_gnome,bright_forest,red_basket,3511,-1,-4,27,6,222,1,1,0.5924,,space,0.5317,,,,,,,,,,,,,,,,,,,,,,,,,,,,,,,,,,,,,,,,,,,,,,,,,,,,,,,,,,,,,,,,,,,,,,,,,,,,,
,,,,,,,,,,,,,,,,,,,,,,,,,,,,,,,,,,,,,,,,,,,,,,,,,,,,,,,,,,,,,,,,,016778,001,2024-05-16_18h54.20.045,experiment,2023.2.3,Win32,60.24096386,66415fdcc304dc7b28317cab,6644f019e4b599e96769a32b,664647c9d56b9a0c822fcd07,,,,,,,,,,,,,,,,,,,,,,,,,,,,,,,,,,,,,,,,,,1,,,,,,,,,,,,,1,,,,,,,,,,,,,,,,,,,,,,,,,k,1,orange_gnome,1,3,bright_forest,red_basket,brown_gnome,1,1,dark_forest,yellow_basket,1,0,0,1,brown_gnome,dark_forest,yellow_basket,3512,-1,1,27,7,223,0,1,0.5945,,space,0.4018,,,,,,,,,,,,,,,,,,,,,,,,,,,,,,,,,,,,,,,,,,,,,,,,,,,,,,,,,,,,,,,,,,,,,,,,,,,,,
,,,,,,,,,,,,,,,,,,,,,,,,,,,,,,,,,,,,,,,,,,,,,,,,,,,,,,,,,,,,,,,,,016778,001,2024-05-16_18h54.20.045,experiment,2023.2.3,Win32,60.24096386,66415fdcc304dc7b28317cab,6644f019e4b599e96769a32b,664647c9d56b9a0c822fcd07,,,,,,,,,,,,,,,,,,,,,,,,,,,,,,,,,,,,,,,,,,1,,,,,,,,,,,,,1,,,,,,,,,,,,,,,,,,,,,,,,,s,1,orange_gnome,1,2,bright_forest,red_basket,brown_gnome,1,2,dark_forest,yellow_basket,2,0,0,1,orange_gnome,bright_forest,red_basket,3514,-3,-1,28,0,224,0,1,0.8291,,space,0.5335,,,,,,,,,,,,,,,,,,,,,,,,,,,,,,,,,,,,,,,,,,,,,,,,,,,,,,,,,,,,,,,,,,,,,,,,,,,,,
,,,,,,,,,,,,,,,,,,,,,,,,,,,,,,,,,,,,,,,,,,,,,,,,,,,,,,,,,,,,,,,,,016778,001,2024-05-16_18h54.20.045,experiment,2023.2.3,Win32,60.24096386,66415fdcc304dc7b28317cab,6644f019e4b599e96769a32b,664647c9d56b9a0c822fcd07,,,,,,,,,,,,,,,,,,,,,,,,,,,,,,,,,,,,,,,,,,5,,,,,,,,,,,,,4,,,,,,,,,,,,,,,,,,,,,,,,,k,4,purple_gnome,4,1,dark_forest,yellow_basket,blue_gnome,4,1,bright_forest,red_basket,5,0,0,1,blue_gnome,bright_forest,red_basket,3519,0,-2,28,1,225,7,1,0.7788,,space,0.5979,,,,,,,,,,,,,,,,,,,,,,,,,,,,,,,,,,,,,,,,,,,,,,,,,,,,,,,,,,,,,,,,,,,,,,,,,,,,,
,,,,,,,,,,,,,,,,,,,,,,,,,,,,,,,,,,,,,,,,,,,,,,,,,,,,,,,,,,,,,,,,,016778,001,2024-05-16_18h54.20.045,experiment,2023.2.3,Win32,60.24096386,66415fdcc304dc7b28317cab,6644f019e4b599e96769a32b,664647c9d56b9a0c822fcd07,,,,,,,,,,,,,,,,,,,,,,,,,,,,,,,,,,,,,,,,,,1,,,,,,,,,,,,,4,,,,,,,,,,,,,,,,,,,,,,,,,s,4,purple_gnome,4,1,dark_forest,yellow_basket,blue_gnome,4,1,bright_forest,red_basket,1,0,0,1,purple_gnome,dark_forest,yellow_basket,3520,-2,2,28,2,226,3,1,0.579,,space,0.3999,,,,,,,,,,,,,,,,,,,,,,,,,,,,,,,,,,,,,,,,,,,,,,,,,,,,,,,,,,,,,,,,,,,,,,,,,,,,,
,,,,,,,,,,,,,,,,,,,,,,,,,,,,,,,,,,,,,,,,,,,,,,,,,,,,,,,,,,,,,,,,,016778,001,2024-05-16_18h54.20.045,experiment,2023.2.3,Win32,60.24096386,66415fdcc304dc7b28317cab,6644f019e4b599e96769a32b,664647c9d56b9a0c822fcd07,,,,,,,,,,,,,,,,,,,,,,,,,,,,,,,,,,,,,,,,,,1,,,,,,,,,,,,,2,,,,,,,,,,,,,,,,,,,,,,,,,k,2,pink_gnome,2,3,dark_forest,yellow_basket,green_gnome,2,1,bright_forest,red_basket,1,0,0,1,green_gnome,bright_forest,red_basket,3521,-4,1,28,3,227,1,1,0.596,,space,0.5314,,,,,,,,,,,,,,,,,,,,,,,,,,,,,,,,,,,,,,,,,,,,,,,,,,,,,,,,,,,,,,,,,,,,,,,,,,,,,
,,,,,,,,,,,,,,,,,,,,,,,,,,,,,,,,,,,,,,,,,,,,,,,,,,,,,,,,,,,,,,,,,016778,001,2024-05-16_18h54.20.045,experiment,2023.2.3,Win32,60.24096386,66415fdcc304dc7b28317cab,6644f019e4b599e96769a32b,664647c9d56b9a0c822fcd07,,,,,,,,,,,,,,,,,,,,,,,,,,,,,,,,,,,,,,,,,,5,,,,,,,,,,,,,4,,,,,,,,,,,,,,,,,,,,,,,,,s,4,purple_gnome,4,4,dark_forest,yellow_basket,blue_gnome,4,3,bright_forest,red_basket,20,0,0,1,purple_gnome,dark_forest,yellow_basket,3541,-1,-2,28,4,228,7,1,0.4474,,space,0.4237,,,,,,,,,,,,,,,,,,,,,,,,,,,,,,,,,,,,,,,,,,,,,,,,,,,,,,,,,,,,,,,,,,,,,,,,,,,,,
,,,,,,,,,,,,,,,,,,,,,,,,,,,,,,,,,,,,,,,,,,,,,,,,,,,,,,,,,,,,,,,,,016778,001,2024-05-16_18h54.20.045,experiment,2023.2.3,Win32,60.24096386,66415fdcc304dc7b28317cab,6644f019e4b599e96769a32b,664647c9d56b9a0c822fcd07,,,,,,,,,,,,,,,,,,,,,,,,,,,,,,,,,,,,,,,,,,1,,,,,,,,,,,,,1,,,,,,,,,,,,,,,,,,,,,,,,,k,1,brown_gnome,1,2,dark_forest,yellow_basket,orange_gnome,1,2,bright_forest,red_basket,2,0,0,1,orange_gnome,bright_forest,red_basket,3543,1,0,28,5,229,0,1,0.516,,space,0.5311,,,,,,,,,,,,,,,,,,,,,,,,,,,,,,,,,,,,,,,,,,,,,,,,,,,,,,,,,,,,,,,,,,,,,,,,,,,,,
,,,,,,,,,,,,,,,,,,,,,,,,,,,,,,,,,,,,,,,,,,,,,,,,,,,,,,,,,,,,,,,,,016778,001,2024-05-16_18h54.20.045,experiment,2023.2.3,Win32,60.24096386,66415fdcc304dc7b28317cab,6644f019e4b599e96769a32b,664647c9d56b9a0c822fcd07,,,,,,,,,,,,,,,,,,,,,,,,,,,,,,,,,,,,,,,,,,5,,,,,,,,,,,,,1,,,,,,,,,,,,,,,,,,,,,,,,,s,1,orange_gnome,1,3,bright_forest,red_basket,brown_gnome,1,2,dark_forest,yellow_basket,15,0,0,1,orange_gnome,bright_forest,red_basket,3558,2,-3,28,6,230,4,1,0.6133,,space,0.4803,,,,,,,,,,,,,,,,,,,,,,,,,,,,,,,,,,,,,,,,,,,,,,,,,,,,,,,,,,,,,,,,,,,,,,,,,,,,,
,,,,,,,,,,,,,,,,,,,,,,,,,,,,,,,,,,,,,,,,,,,,,,,,,,,,,,,,,,,,,,,,,016778,001,2024-05-16_18h54.20.045,experiment,2023.2.3,Win32,60.24096386,66415fdcc304dc7b28317cab,6644f019e4b599e96769a32b,664647c9d56b9a0c822fcd07,,,,,,,,,,,,,,,,,,,,,,,,,,,,,,,,,,,,,,,,,,5,,,,,,,,,,,,,1,,,,,,,,,,,,,,,,,,,,,,,,,k,1,orange_gnome,1,5,bright_forest,red_basket,brown_gnome,1,1,dark_forest,yellow_basket,5,0,0,1,brown_gnome,dark_forest,yellow_basket,3563,1,-2,28,7,231,4,1,1.3617,,space,0.4136,,,,,,,,,,,,,,,,,,,,,,,,,,,,,,,,,,,,,,,,,,,,,,,,,,,,,,,,,,,,,,,,,,,,,,,,,,,,,
,,,,,,,,,,,,,,,,,,,,,,,,,,,,,,,,,,,,,,,,,,,,,,,,,,,,,,,,,,,,,,,,,016778,001,2024-05-16_18h54.20.045,experiment,2023.2.3,Win32,60.24096386,66415fdcc304dc7b28317cab,6644f019e4b599e96769a32b,664647c9d56b9a0c822fcd07,,,,,,,,,,,,,,,,,,,,,,,,,,,,,,,,,,,,,,,,,,1,,,,,,,,,,,,,4,,,,,,,,,,,,,,,,,,,,,,,,,s,4,blue_gnome,4,6,bright_forest,red_basket,purple_gnome,4,1,dark_forest,yellow_basket,6,0,0,1,blue_gnome,bright_forest,red_basket,3569,2,-4,29,0,232,3,1,0.9127,,space,0.5838,,,,,,,,,,,,,,,,,,,,,,,,,,,,,,,,,,,,,,,,,,,,,,,,,,,,,,,,,,,,,,,,,,,,,,,,,,,,,
,,,,,,,,,,,,,,,,,,,,,,,,,,,,,,,,,,,,,,,,,,,,,,,,,,,,,,,,,,,,,,,,,016778,001,2024-05-16_18h54.20.045,experiment,2023.2.3,Win32,60.24096386,66415fdcc304dc7b28317cab,6644f019e4b599e96769a32b,664647c9d56b9a0c822fcd07,,,,,,,,,,,,,,,,,,,,,,,,,,,,,,,,,,,,,,,,,,1,,,,,,,,,,,,,1,,,,,,,,,,,,,,,,,,,,,,,,,k,1,brown_gnome,1,3,dark_forest,yellow_basket,orange_gnome,1,8,bright_forest,red_basket,8,0,0,1,orange_gnome,bright_forest,red_basket,3577,-3,-1,29,1,233,0,1,0.577,,space,0.5143,,,,,,,,,,,,,,,,,,,,,,,,,,,,,,,,,,,,,,,,,,,,,,,,,,,,,,,,,,,,,,,,,,,,,,,,,,,,,
,,,,,,,,,,,,,,,,,,,,,,,,,,,,,,,,,,,,,,,,,,,,,,,,,,,,,,,,,,,,,,,,,016778,001,2024-05-16_18h54.20.045,experiment,2023.2.3,Win32,60.24096386,66415fdcc304dc7b28317cab,6644f019e4b599e96769a32b,664647c9d56b9a0c822fcd07,,,,,,,,,,,,,,,,,,,,,,,,,,,,,,,,,,,,,,,,,,1,,,,,,,,,,,,,4,,,,,,,,,,,,,,,,,,,,,,,,,s,4,blue_gnome,4,5,bright_forest,red_basket,purple_gnome,4,2,dark_forest,yellow_basket,5,0,0,1,blue_gnome,bright_forest,red_basket,3582,0,0,29,2,234,3,1,0.745,,space,0.5754,,,,,,,,,,,,,,,,,,,,,,,,,,,,,,,,,,,,,,,,,,,,,,,,,,,,,,,,,,,,,,,,,,,,,,,,,,,,,
,,,,,,,,,,,,,,,,,,,,,,,,,,,,,,,,,,,,,,,,,,,,,,,,,,,,,,,,,,,,,,,,,016778,001,2024-05-16_18h54.20.045,experiment,2023.2.3,Win32,60.24096386,66415fdcc304dc7b28317cab,6644f019e4b599e96769a32b,664647c9d56b9a0c822fcd07,,,,,,,,,,,,,,,,,,,,,,,,,,,,,,,,,,,,,,,,,,1,,,,,,,,,,,,,4,,,,,,,,,,,,,,,,,,,,,,,,,k,4,purple_gnome,4,2,dark_forest,yellow_basket,blue_gnome,4,5,bright_forest,red_basket,5,0,0,1,blue_gnome,bright_forest,red_basket,3587,-2,-2,29,3,235,3,1,0.5664,,space,0.5645,,,,,,,,,,,,,,,,,,,,,,,,,,,,,,,,,,,,,,,,,,,,,,,,,,,,,,,,,,,,,,,,,,,,,,,,,,,,,
,,,,,,,,,,,,,,,,,,,,,,,,,,,,,,,,,,,,,,,,,,,,,,,,,,,,,,,,,,,,,,,,,016778,001,2024-05-16_18h54.20.045,experiment,2023.2.3,Win32,60.24096386,66415fdcc304dc7b28317cab,6644f019e4b599e96769a32b,664647c9d56b9a0c822fcd07,,,,,,,,,,,,,,,,,,,,,,,,,,,,,,,,,,,,,,,,,,1,,,,,,,,,,,,,3,,,,,,,,,,,,,,,,,,,,,,,,,s,3,yellow_gnome,3,0,dark_forest,yellow_basket,red_gnome,3,3,bright_forest,red_basket,0,0,0,1,yellow_gnome,dark_forest,yellow_basket,3587,-2,1,29,4,236,2,1,0.9431,,space,0.4366,,,,,,,,,,,,,,,,,,,,,,,,,,,,,,,,,,,,,,,,,,,,,,,,,,,,,,,,,,,,,,,,,,,,,,,,,,,,,
,,,,,,,,,,,,,,,,,,,,,,,,,,,,,,,,,,,,,,,,,,,,,,,,,,,,,,,,,,,,,,,,,016778,001,2024-05-16_18h54.20.045,experiment,2023.2.3,Win32,60.24096386,66415fdcc304dc7b28317cab,6644f019e4b599e96769a32b,664647c9d56b9a0c822fcd07,,,,,,,,,,,,,,,,,,,,,,,,,,,,,,,,,,,,,,,,,,5,,,,,,,,,,,,,2,,,,,,,,,,,,,,,,,,,,,,,,,k,2,green_gnome,2,1,bright_forest,red_basket,pink_gnome,2,1,dark_forest,yellow_basket,5,0,0,1,pink_gnome,dark_forest,yellow_basket,3592,1,1,29,5,237,5,1,0.6264,,space,0.3317,,,,,,,,,,,,,,,,,,,,,,,,,,,,,,,,,,,,,,,,,,,,,,,,,,,,,,,,,,,,,,,,,,,,,,,,,,,,,
,,,,,,,,,,,,,,,,,,,,,,,,,,,,,,,,,,,,,,,,,,,,,,,,,,,,,,,,,,,,,,,,,016778,001,2024-05-16_18h54.20.045,experiment,2023.2.3,Win32,60.24096386,66415fdcc304dc7b28317cab,6644f019e4b599e96769a32b,664647c9d56b9a0c822fcd07,,,,,,,,,,,,,,,,,,,,,,,,,,,,,,,,,,,,,,,,,,5,,,,,,,,,,,,,1,,,,,,,,,,,,,,,,,,,,,,,,,s,1,brown_gnome,1,2,dark_forest,yellow_basket,orange_gnome,1,2,bright_forest,red_basket,0,0,1,0,brown_gnome,dark_forest,yellow_basket,3592,-1,-1,29,6,238,4,1,0.5614,,,,,,,,,,,,,,,,,,,,,,,,,,,,,,,,,,,,,,,,,,,,,,,,,,,,,,,,,,,,,,,,,,,,,,,,,,,,,,,,
,,,,,,,,,,,,,,,,,,,,,,,,,,,,,,,,,,,,,,,,,,,,,,,,,,,,,,,,,,,,,,,,,016778,001,2024-05-16_18h54.20.045,experiment,2023.2.3,Win32,60.24096386,66415fdcc304dc7b28317cab,6644f019e4b599e96769a32b,664647c9d56b9a0c822fcd07,,,,,,,,,,,,,,,,,,,,,,,,,,,,,,,,,,,,,,,,,,1,,,,,,,,,,,,,4,,,,,,,,,,,,,,,,,,,,,,,,,k,4,blue_gnome,4,1,bright_forest,red_basket,purple_gnome,4,1,dark_forest,yellow_basket,1,0,0,1,purple_gnome,dark_forest,yellow_basket,3593,3,-3,29,7,239,3,1,0.6173,,space,0.4313,,,,,,,,,,,,,,,,,,,,,,,,,,,,,,,,,,,,,,,,,,,,,,,,,,,,,,,,,,,,,,,,,,,,,,,,,,,,,
,,,,,,,,,,,,,,,,,,,,,,,,,,,,,,,,,,,,,,,,,,,,,,,,,,,,,,,,,,,,,,,,,016778,001,2024-05-16_18h54.20.045,experiment,2023.2.3,Win32,60.24096386,66415fdcc304dc7b28317cab,6644f019e4b599e96769a32b,664647c9d56b9a0c822fcd07,,,,,,,,,,,,,,,,,,,,,,,,,,,,,,,,,,,,,,,,,,5,,,,,,,,,,,,,3,,,,,,,,,,,,,,,,,,,,,,,,,s,3,yellow_gnome,3,2,dark_forest,yellow_basket,red_gnome,3,4,bright_forest,red_basket,10,0,0,1,yellow_gnome,dark_forest,yellow_basket,3603,2,-2,30,0,240,6,1,0.629,,space,0.4279,,,,,,,,,,,,,,,,,,,,,,,,,,,,,,,,,,,,,,,,,,,,,,,,,,,,,,,,,,,,,,,,,,,,,,,,,,,,,
,,,,,,,,,,,,,,,,,,,,,,,,,,,,,,,,,,,,,,,,,,,,,,,,,,,,,,,,,,,,,,,,,016778,001,2024-05-16_18h54.20.045,experiment,2023.2.3,Win32,60.24096386,66415fdcc304dc7b28317cab,6644f019e4b599e96769a32b,664647c9d56b9a0c822fcd07,,,,,,,,,,,,,,,,,,,,,,,,,,,,,,,,,,,,,,,,,,5,,,,,,,,,,,,,2,,,,,,,,,,,,,,,,,,,,,,,,,k,2,pink_gnome,2,0,dark_forest,yellow_basket,green_gnome,2,6,bright_forest,red_basket,30,0,0,1,green_gnome,bright_forest,red_basket,3633,2,1,30,1,241,5,1,0.5623,,space,0.5157,,,,,,,,,,,,,,,,,,,,,,,,,,,,,,,,,,,,,,,,,,,,,,,,,,,,,,,,,,,,,,,,,,,,,,,,,,,,,
,,,,,,,,,,,,,,,,,,,,,,,,,,,,,,,,,,,,,,,,,,,,,,,,,,,,,,,,,,,,,,,,,016778,001,2024-05-16_18h54.20.045,experiment,2023.2.3,Win32,60.24096386,66415fdcc304dc7b28317cab,6644f019e4b599e96769a32b,664647c9d56b9a0c822fcd07,,,,,,,,,,,,,,,,,,,,,,,,,,,,,,,,,,,,,,,,,,5,,,,,,,,,,,,,3,,,,,,,,,,,,,,,,,,,,,,,,,s,3,red_gnome,3,8,bright_forest,red_basket,yellow_gnome,3,1,dark_forest,yellow_basket,40,0,0,1,red_gnome,bright_forest,red_basket,3673,2,-3,30,2,242,6,1,1.128,,space,0.5688,,,,,,,,,,,,,,,,,,,,,,,,,,,,,,,,,,,,,,,,,,,,,,,,,,,,,,,,,,,,,,,,,,,,,,,,,,,,,
,,,,,,,,,,,,,,,,,,,,,,,,,,,,,,,,,,,,,,,,,,,,,,,,,,,,,,,,,,,,,,,,,016778,001,2024-05-16_18h54.20.045,experiment,2023.2.3,Win32,60.24096386,66415fdcc304dc7b28317cab,6644f019e4b599e96769a32b,664647c9d56b9a0c822fcd07,,,,,,,,,,,,,,,,,,,,,,,,,,,,,,,,,,,,,,,,,,5,,,,,,,,,,,,,4,,,,,,,,,,,,,,,,,,,,,,,,,s,4,blue_gnome,4,8,bright_forest,red_basket,purple_gnome,4,2,dark_forest,yellow_basket,40,0,0,1,blue_gnome,bright_forest,red_basket,3713,0,-2,30,3,243,7,1,0.8615,,space,0.7626,,,,,,,,,,,,,,,,,,,,,,,,,,,,,,,,,,,,,,,,,,,,,,,,,,,,,,,,,,,,,,,,,,,,,,,,,,,,,
,,,,,,,,,,,,,,,,,,,,,,,,,,,,,,,,,,,,,,,,,,,,,,,,,,,,,,,,,,,,,,,,,016778,001,2024-05-16_18h54.20.045,experiment,2023.2.3,Win32,60.24096386,66415fdcc304dc7b28317cab,6644f019e4b599e96769a32b,664647c9d56b9a0c822fcd07,,,,,,,,,,,,,,,,,,,,,,,,,,,,,,,,,,,,,,,,,,1,,,,,,,,,,,,,1,,,,,,,,,,,,,,,,,,,,,,,,,s,1,orange_gnome,1,8,bright_forest,red_basket,brown_gnome,1,0,dark_forest,yellow_basket,8,0,0,1,orange_gnome,bright_forest,red_basket,3721,0,1,30,4,244,0,1,1.1433,,space,0.5334,,,,,,,,,,,,,,,,,,,,,,,,,,,,,,,,,,,,,,,,,,,,,,,,,,,,,,,,,,,,,,,,,,,,,,,,,,,,,
,,,,,,,,,,,,,,,,,,,,,,,,,,,,,,,,,,,,,,,,,,,,,,,,,,,,,,,,,,,,,,,,,016778,001,2024-05-16_18h54.20.045,experiment,2023.2.3,Win32,60.24096386,66415fdcc304dc7b28317cab,6644f019e4b599e96769a32b,664647c9d56b9a0c822fcd07,,,,,,,,,,,,,,,,,,,,,,,,,,,,,,,,,,,,,,,,,,5,,,,,,,,,,,,,4,,,,,,,,,,,,,,,,,,,,,,,,,k,4,purple_gnome,4,1,dark_forest,yellow_basket,blue_gnome,4,8,bright_forest,red_basket,40,0,0,1,blue_gnome,bright_forest,red_basket,3761,4,-2,30,5,245,7,1,0.8271,,space,0.5485,,,,,,,,,,,,,,,,,,,,,,,,,,,,,,,,,,,,,,,,,,,,,,,,,,,,,,,,,,,,,,,,,,,,,,,,,,,,,
,,,,,,,,,,,,,,,,,,,,,,,,,,,,,,,,,,,,,,,,,,,,,,,,,,,,,,,,,,,,,,,,,016778,001,2024-05-16_18h54.20.045,experiment,2023.2.3,Win32,60.24096386,66415fdcc304dc7b28317cab,6644f019e4b599e96769a32b,664647c9d56b9a0c822fcd07,,,,,,,,,,,,,,,,,,,,,,,,,,,,,,,,,,,,,,,,,,1,,,,,,,,,,,,,2,,,,,,,,,,,,,,,,,,,,,,,,,k,2,pink_gnome,2,1,dark_forest,yellow_basket,green_gnome,2,6,bright_forest,red_basket,6,0,0,1,green_gnome,bright_forest,red_basket,3767,0,1,30,6,246,1,1,1.26,,space,0.715,,,,,,,,,,,,,,,,,,,,,,,,,,,,,,,,,,,,,,,,,,,,,,,,,,,,,,,,,,,,,,,,,,,,,,,,,,,,,
,,,,,,,,,,,,,,,,,,,,,,,,,,,,,,,,,,,,,,,,,,,,,,,,,,,,,,,,,,,,,,,,,016778,001,2024-05-16_18h54.20.045,experiment,2023.2.3,Win32,60.24096386,66415fdcc304dc7b28317cab,6644f019e4b599e96769a32b,664647c9d56b9a0c822fcd07,,,,,,,,,,,,,,,,,,,,,,,,,,,,,,,,,,,,,,,,,,5,,,,,,,,,,,,,1,,,,,,,,,,,,,,,,,,,,,,,,,k,1,brown_gnome,1,2,dark_forest,yellow_basket,orange_gnome,1,6,bright_forest,red_basket,30,0,0,1,orange_gnome,bright_forest,red_basket,3797,-2,-4,30,7,247,4,1,0.8828,,space,0.513,,,,,,,,,,,,,,,,,,,,,,,,,,,,,,,,,,,,,,,,,,,,,,,,,,,,,,,,,,,,,,,,,,,,,,,,,,,,,
,,,,,,,,,,,,,,,,,,,,,,,,,,,,,,,,,,,,,,,,,,,,,,,,,,,,,,,,,,,,,,,,,016778,001,2024-05-16_18h54.20.045,experiment,2023.2.3,Win32,60.24096386,66415fdcc304dc7b28317cab,6644f019e4b599e96769a32b,664647c9d56b9a0c822fcd07,,,,,,,,,,,,,,,,,,,,,,,,,,,,,,,,,,,,,,,,,,1,,,,,,,,,,,,,1,,,,,,,,,,,,,,,,,,,,,,,,,k,1,brown_gnome,1,2,dark_forest,yellow_basket,orange_gnome,1,4,bright_forest,red_basket,4,0,0,1,orange_gnome,bright_forest,red_basket,3801,0,-4,31,0,248,0,1,0.6967,,space,0.749,,,,,,,,,,,,,,,,,,,,,,,,,,,,,,,,,,,,,,,,,,,,,,,,,,,,,,,,,,,,,,,,,,,,,,,,,,,,,
,,,,,,,,,,,,,,,,,,,,,,,,,,,,,,,,,,,,,,,,,,,,,,,,,,,,,,,,,,,,,,,,,016778,001,2024-05-16_18h54.20.045,experiment,2023.2.3,Win32,60.24096386,66415fdcc304dc7b28317cab,6644f019e4b599e96769a32b,664647c9d56b9a0c822fcd07,,,,,,,,,,,,,,,,,,,,,,,,,,,,,,,,,,,,,,,,,,5,,,,,,,,,,,,,2,,,,,,,,,,,,,,,,,,,,,,,,,k,2,green_gnome,2,4,bright_forest,red_basket,pink_gnome,2,2,dark_forest,yellow_basket,10,0,0,1,pink_gnome,dark_forest,yellow_basket,3811,0,2,31,1,249,5,1,0.6606,,space,0.4939,,,,,,,,,,,,,,,,,,,,,,,,,,,,,,,,,,,,,,,,,,,,,,,,,,,,,,,,,,,,,,,,,,,,,,,,,,,,,
,,,,,,,,,,,,,,,,,,,,,,,,,,,,,,,,,,,,,,,,,,,,,,,,,,,,,,,,,,,,,,,,,016778,001,2024-05-16_18h54.20.045,experiment,2023.2.3,Win32,60.24096386,66415fdcc304dc7b28317cab,6644f019e4b599e96769a32b,664647c9d56b9a0c822fcd07,,,,,,,,,,,,,,,,,,,,,,,,,,,,,,,,,,,,,,,,,,5,,,,,,,,,,,,,1,,,,,,,,,,,,,,,,,,,,,,,,,s,1,orange_gnome,1,4,bright_forest,red_basket,brown_gnome,1,4,dark_forest,yellow_basket,20,0,0,1,orange_gnome,bright_forest,red_basket,3831,-1,-1,31,2,250,4,1,0.8337,,space,0.5659,,,,,,,,,,,,,,,,,,,,,,,,,,,,,,,,,,,,,,,,,,,,,,,,,,,,,,,,,,,,,,,,,,,,,,,,,,,,,
,,,,,,,,,,,,,,,,,,,,,,,,,,,,,,,,,,,,,,,,,,,,,,,,,,,,,,,,,,,,,,,,,016778,001,2024-05-16_18h54.20.045,experiment,2023.2.3,Win32,60.24096386,66415fdcc304dc7b28317cab,6644f019e4b599e96769a32b,664647c9d56b9a0c822fcd07,,,,,,,,,,,,,,,,,,,,,,,,,,,,,,,,,,,,,,,,,,5,,,,,,,,,,,,,1,,,,,,,,,,,,,,,,,,,,,,,,,k,1,brown_gnome,1,3,dark_forest,yellow_basket,orange_gnome,1,3,bright_forest,red_basket,15,0,0,1,orange_gnome,bright_forest,red_basket,3846,0,-3,31,3,251,4,1,0.7782,,space,0.9338,,,,,,,,,,,,,,,,,,,,,,,,,,,,,,,,,,,,,,,,,,,,,,,,,,,,,,,,,,,,,,,,,,,,,,,,,,,,,
,,,,,,,,,,,,,,,,,,,,,,,,,,,,,,,,,,,,,,,,,,,,,,,,,,,,,,,,,,,,,,,,,016778,001,2024-05-16_18h54.20.045,experiment,2023.2.3,Win32,60.24096386,66415fdcc304dc7b28317cab,6644f019e4b599e96769a32b,664647c9d56b9a0c822fcd07,,,,,,,,,,,,,,,,,,,,,,,,,,,,,,,,,,,,,,,,,,1,,,,,,,,,,,,,3,,,,,,,,,,,,,,,,,,,,,,,,,k,3,yellow_gnome,3,0,dark_forest,yellow_basket,red_gnome,3,3,bright_forest,red_basket,3,0,0,1,red_gnome,bright_forest,red_basket,3849,2,1,31,4,252,2,1,0.9617,,space,0.7322,,,,,,,,,,,,,,,,,,,,,,,,,,,,,,,,,,,,,,,,,,,,,,,,,,,,,,,,,,,,,,,,,,,,,,,,,,,,,
,,,,,,,,,,,,,,,,,,,,,,,,,,,,,,,,,,,,,,,,,,,,,,,,,,,,,,,,,,,,,,,,,016778,001,2024-05-16_18h54.20.045,experiment,2023.2.3,Win32,60.24096386,66415fdcc304dc7b28317cab,6644f019e4b599e96769a32b,664647c9d56b9a0c822fcd07,,,,,,,,,,,,,,,,,,,,,,,,,,,,,,,,,,,,,,,,,,5,,,,,,,,,,,,,4,,,,,,,,,,,,,,,,,,,,,,,,,k,4,purple_gnome,4,1,dark_forest,yellow_basket,blue_gnome,4,5,bright_forest,red_basket,25,0,0,1,blue_gnome,bright_forest,red_basket,3874,0,1,31,5,253,7,1,0.9612,,space,0.7353,,,,,,,,,,,,,,,,,,,,,,,,,,,,,,,,,,,,,,,,,,,,,,,,,,,,,,,,,,,,,,,,,,,,,,,,,,,,,
,,,,,,,,,,,,,,,,,,,,,,,,,,,,,,,,,,,,,,,,,,,,,,,,,,,,,,,,,,,,,,,,,016778,001,2024-05-16_18h54.20.045,experiment,2023.2.3,Win32,60.24096386,66415fdcc304dc7b28317cab,6644f019e4b599e96769a32b,664647c9d56b9a0c822fcd07,,,,,,,,,,,,,,,,,,,,,,,,,,,,,,,,,,,,,,,,,,5,,,,,,,,,,,,,3,,,,,,,,,,,,,,,,,,,,,,,,,s,3,red_gnome,3,5,bright_forest,red_basket,yellow_gnome,3,2,dark_forest,yellow_basket,25,0,0,1,red_gnome,bright_forest,red_basket,3899,0,-3,31,6,254,6,1,0.8616,,space,0.5497,,,,,,,,,,,,,,,,,,,,,,,,,,,,,,,,,,,,,,,,,,,,,,,,,,,,,,,,,,,,,,,,,,,,,,,,,,,,,
,,,,,,,,,,,,,,,,,,,,,,,,,,,,,,,,,,,,,,,,,,,,,,,,,,,,,,,,,,,,,,,,,016778,001,2024-05-16_18h54.20.045,experiment,2023.2.3,Win32,60.24096386,66415fdcc304dc7b28317cab,6644f019e4b599e96769a32b,664647c9d56b9a0c822fcd07,,,,,,,,,,,,,,,,,,,,,,,,,,,,,,,,,,,,,,,,,,5,,,,,,,,,,,,,2,,,,,,,,,,,,,,,,,,,,,,,,,k,2,pink_gnome,2,1,dark_forest,yellow_basket,green_gnome,2,5,bright_forest,red_basket,25,0,0,1,green_gnome,bright_forest,red_basket,3924,1,1,31,7,255,5,1,1.0777,,space,0.6146,,,,,,,,,,,,,,,,,,,,,,,,,,,,,,,,,,,,,,,,,,,,,,,,,,,,,,,,,,,,,,,,,,,,,,,,,,,,,
,,,,,,,,,,,,,,,,,,,,,,,,,,,,,,,,,,,,,,,,,,,,,,,,,,,,,,,,,,,,,,,,,016778,001,2024-05-16_18h54.20.045,experiment,2023.2.3,Win32,60.24096386,66415fdcc304dc7b28317cab,6644f019e4b599e96769a32b,664647c9d56b9a0c822fcd07,,,,,,,,,,,,,,,,,,,,,,,,,,,,,,,,,,,,,,,,,,,,,,,,,,,,,,,,,,,,2787.646,2839.4539,-0.411458333,0.25390625,1,0,0,30.1003,t_advice_finished_typing_rect,,,,,,,,,,,,,,,,,,,,,,,,,,,,,,,,,,,,,,,,,,,,,,,space,10.5426,,space,33.724,,space,4.3684,,"Hello, please read through my advice carefully, it will aid you in the game. In the game you will be presented with 2 gnomes with different colour pair: orange and brown, green and pink, red and yellow, blue and purple, though, the positions of the gnome may vary but their colour always appear same way.Each colour will lead you to either bright or dark forest, specifically, the orange, red, green, blue gnomes leads to bright forest while the brown, pink, yellow and purple leads to the dark forest.Try as much to study the colour that leads to the forest with most mushrooms, though, the number of mushrooms changes but the colours will guide you on your decision making.Do not worry about the point multiplier, just try to know which gnome colour guides to forest with most mushrooms.Goodluck!",0.658854167,-0.346354167,1,0,0,581.8851,vb_finished_typing_rect,space,10.5628,,space,46.313,,space,48.2098,,space,5.1151,,29.296875,22.2018,77.60416667,25.9168,space,28.1393,,blue_gnome,yellow_gnome,0,0,0,25,1,5,6,,,,,,,,,,,,,,,,,,,,,,,,,,,,
,,,,,,,,,,,,,,,,,,,,,,,,,,,,,,,,,,,,,,,,,,,,,,,,,,,,,,,,,,,,,,,,,016778,001,2024-05-16_18h54.20.045,experiment,2023.2.3,Win32,60.24096386,66415fdcc304dc7b28317cab,6644f019e4b599e96769a32b,664647c9d56b9a0c822fcd07,,,,,,,,,,,,,,,,,,,,,,,,,,,,,,,,,,,,,,,,,,,,,,,,,,,,,,,,,,,,,,,,,,,,,,,,,,,,,,,,,,,,,,,,,,,,,,,,,,,,,,,,,,,,,,,,,,,,,,,,,,,,,,,,,,,,,,,,,,,,,,,,100,11.9423,100,13.5575,space,14.0263,,blue_gnome,purple_gnome,0,1,1,27,1,6,7,,,,,,,,,,,,,,,,,,,,,,,,,,,,
,,,,,,,,,,,,,,,,,,,,,,,,,,,,,,,,,,,,,,,,,,,,,,,,,,,,,,,,,,,,,,,,,016778,001,2024-05-16_18h54.20.045,experiment,2023.2.3,Win32,60.24096386,66415fdcc304dc7b28317cab,6644f019e4b599e96769a32b,664647c9d56b9a0c822fcd07,,,,,,,,,,,,,,,,,,,,,,,,,,,,,,,,,,,,,,,,,,,,,,,,,,,,,,,,,,,,,,,,,,,,,,,,,,,,,,,,,,,,,,,,,,,,,,,,,,,,,,,,,,,,,,,,,,,,,,,,,,,,,,,,,,,,,,,,,,,,,,,,100,7.5502,100,8.9661,space,9.1771,,red_gnome,yellow_gnome,0,2,2,22,1,4,5,,,,,,,,,,,,,,,,,,,,,,,,,,,,
,,,,,,,,,,,,,,,,,,,,,,,,,,,,,,,,,,,,,,,,,,,,,,,,,,,,,,,,,,,,,,,,,016778,001,2024-05-16_18h54.20.045,experiment,2023.2.3,Win32,60.24096386,66415fdcc304dc7b28317cab,6644f019e4b599e96769a32b,664647c9d56b9a0c822fcd07,,,,,,,,,,,,,,,,,,,,,,,,,,,,,,,,,,,,,,,,,,,,,,,,,,,,,,,,,,,,,,,,,,,,,,,,,,,,,,,,,,,,,,,,,,,,,,,,,,,,,,,,,,,,,,,,,,,,,,,,,,,,,,,,,,,,,,,,,,,,,,,,56.25,9.5666,86.84895833,11.5687,space,11.8269,,red_gnome,green_gnome,0,3,3,14,1,2,4,,,,,,,,,,,,,,,,,,,,,,,,,,,,
,,,,,,,,,,,,,,,,,,,,,,,,,,,,,,,,,,,,,,,,,,,,,,,,,,,,,,,,,,,,,,,,,016778,001,2024-05-16_18h54.20.045,experiment,2023.2.3,Win32,60.24096386,66415fdcc304dc7b28317cab,6644f019e4b599e96769a32b,664647c9d56b9a0c822fcd07,,,,,,,,,,,,,,,,,,,,,,,,,,,,,,,,,,,,,,,,,,,,,,,,,,,,,,,,,,,,,,,,,,,,,,,,,,,,,,,,,,,,,,,,,,,,,,,,,,,,,,,,,,,,,,,,,,,,,,,,,,,,,,,,,,,,,,,,,,,,,,,,11.45833333,10.1351,81.11979167,12.3504,space,12.4615,,purple_gnome,brown_gnome,0,4,4,12,1,1,7,,,,,,,,,,,,,,,,,,,,,,,,,,,,
,,,,,,,,,,,,,,,,,,,,,,,,,,,,,,,,,,,,,,,,,,,,,,,,,,,,,,,,,,,,,,,,,016778,001,2024-05-16_18h54.20.045,experiment,2023.2.3,Win32,60.24096386,66415fdcc304dc7b28317cab,6644f019e4b599e96769a32b,664647c9d56b9a0c822fcd07,,,,,,,,,,,,,,,,,,,,,,,,,,,,,,,,,,,,,,,,,,,,,,,,,,,,,,,,,,,,,,,,,,,,,,,,,,,,,,,,,,,,,,,,,,,,,,,,,,,,,,,,,,,,,,,,,,,,,,,,,,,,,,,,,,,,,,,,,,,,,,,,13.41145833,5.4481,80.078125,8.8652,space,8.9616,,yellow_gnome,brown_gnome,0,5,5,10,1,1,5,,,,,,,,,,,,,,,,,,,,,,,,,,,,
,,,,,,,,,,,,,,,,,,,,,,,,,,,,,,,,,,,,,,,,,,,,,,,,,,,,,,,,,,,,,,,,,016778,001,2024-05-16_18h54.20.045,experiment,2023.2.3,Win32,60.24096386,66415fdcc304dc7b28317cab,6644f019e4b599e96769a32b,664647c9d56b9a0c822fcd07,,,,,,,,,,,,,,,,,,,,,,,,,,,,,,,,,,,,,,,,,,,,,,,,,,,,,,,,,,,,,,,,,,,,,,,,,,,,,,,,,,,,,,,,,,,,,,,,,,,,,,,,,,,,,,,,,,,,,,,,,,,,,,,,,,,,,,,,,,,,,,,,0,5.0673,100,6.767,space,7.1161,,orange_gnome,red_gnome,0,6,6,3,1,0,4,,,,,,,,,,,,,,,,,,,,,,,,,,,,
,,,,,,,,,,,,,,,,,,,,,,,,,,,,,,,,,,,,,,,,,,,,,,,,,,,,,,,,,,,,,,,,,016778,001,2024-05-16_18h54.20.045,experiment,2023.2.3,Win32,60.24096386,66415fdcc304dc7b28317cab,6644f019e4b599e96769a32b,664647c9d56b9a0c822fcd07,,,,,,,,,,,,,,,,,,,,,,,,,,,,,,,,,,,,,,,,,,,,,,,,,,,,,,,,,,,,,,,,,,,,,,,,,,,,,,,,,,,,,,,,,,,,,,,,,,,,,,,,,,,,,,,,,,,,,,,,,,,,,,,,,,,,,,,,,,,,,,,,0,4.4519,100,6.3336,space,6.6491,,orange_gnome,green_gnome,0,7,7,1,1,0,2,,,,,,,,,,,,,,,,,,,,,,,,,,,,
,,,,,,,,,,,,,,,,,,,,,,,,,,,,,,,,,,,,,,,,,,,,,,,,,,,,,,,,,,,,,,,,,016778,001,2024-05-16_18h54.20.045,experiment,2023.2.3,Win32,60.24096386,66415fdcc304dc7b28317cab,6644f019e4b599e96769a32b,664647c9d56b9a0c822fcd07,,,,,,,,,,,,,,,,,,,,,,,,,,,,,,,,,,,,,,,,,,,,,,,,,,,,,,,,,,,,,,,,,,,,,,,,,,,,,,,,,,,,,,,,,,,,,,,,,,,,,,,,,,,,,,,,,,,,,,,,,,,,,,,,,,,,,,,,,,,,,,,,57.8125,4.6005,76.43229167,6.5017,space,6.6984,,yellow_gnome,orange_gnome,0,8,8,4,1,0,5,,,,,,,,,,,,,,,,,,,,,,,,,,,,
,,,,,,,,,,,,,,,,,,,,,,,,,,,,,,,,,,,,,,,,,,,,,,,,,,,,,,,,,,,,,,,,,016778,001,2024-05-16_18h54.20.045,experiment,2023.2.3,Win32,60.24096386,66415fdcc304dc7b28317cab,6644f019e4b599e96769a32b,664647c9d56b9a0c822fcd07,,,,,,,,,,,,,,,,,,,,,,,,,,,,,,,,,,,,,,,,,,,,,,,,,,,,,,,,,,,,,,,,,,,,,,,,,,,,,,,,,,,,,,,,,,,,,,,,,,,,,,,,,,,,,,,,,,,,,,,,,,,,,,,,,,,,,,,,,,,,,,,,35.41666667,4.7831,78.25520833,6.9846,space,7.4659,,purple_gnome,yellow_gnome,0,9,9,26,1,5,7,,,,,,,,,,,,,,,,,,,,,,,,,,,,
,,,,,,,,,,,,,,,,,,,,,,,,,,,,,,,,,,,,,,,,,,,,,,,,,,,,,,,,,,,,,,,,,016778,001,2024-05-16_18h54.20.045,experiment,2023.2.3,Win32,60.24096386,66415fdcc304dc7b28317cab,6644f019e4b599e96769a32b,664647c9d56b9a0c822fcd07,,,,,,,,,,,,,,,,,,,,,,,,,,,,,,,,,,,,,,,,,,,,,,,,,,,,,,,,,,,,,,,,,,,,,,,,,,,,,,,,,,,,,,,,,,,,,,,,,,,,,,,,,,,,,,,,,,,,,,,,,,,,,,,,,,,,,,,,,,,,,,,,31.90104167,5.3999,81.25,6.8298,space,7.0288,,purple_gnome,orange_gnome,0,10,10,6,1,0,7,,,,,,,,,,,,,,,,,,,,,,,,,,,,
,,,,,,,,,,,,,,,,,,,,,,,,,,,,,,,,,,,,,,,,,,,,,,,,,,,,,,,,,,,,,,,,,016778,001,2024-05-16_18h54.20.045,experiment,2023.2.3,Win32,60.24096386,66415fdcc304dc7b28317cab,6644f019e4b599e96769a32b,664647c9d56b9a0c822fcd07,,,,,,,,,,,,,,,,,,,,,,,,,,,,,,,,,,,,,,,,,,,,,,,,,,,,,,,,,,,,,,,,,,,,,,,,,,,,,,,,,,,,,,,,,,,,,,,,,,,,,,,,,,,,,,,,,,,,,,,,,,,,,,,,,,,,,,,,,,,,,,,,0,8.4832,100,10.135,space,10.2499,,pink_gnome,brown_gnome,0,11,11,8,1,1,3,,,,,,,,,,,,,,,,,,,,,,,,,,,,
,,,,,,,,,,,,,,,,,,,,,,,,,,,,,,,,,,,,,,,,,,,,,,,,,,,,,,,,,,,,,,,,,016778,001,2024-05-16_18h54.20.045,experiment,2023.2.3,Win32,60.24096386,66415fdcc304dc7b28317cab,6644f019e4b599e96769a32b,664647c9d56b9a0c822fcd07,,,,,,,,,,,,,,,,,,,,,,,,,,,,,,,,,,,,,,,,,,,,,,,,,,,,,,,,,,,,,,,,,,,,,,,,,,,,,,,,,,,,,,,,,,,,,,,,,,,,,,,,,,,,,,,,,,,,,,,,,,,,,,,,,,,,,,,,,,,,,,,,15.75520833,5.4147,91.14583333,7.4794,space,7.5317,,green_gnome,yellow_gnome,0,12,12,15,1,2,5,,,,,,,,,,,,,,,,,,,,,,,,,,,,
,,,,,,,,,,,,,,,,,,,,,,,,,,,,,,,,,,,,,,,,,,,,,,,,,,,,,,,,,,,,,,,,,016778,001,2024-05-16_18h54.20.045,experiment,2023.2.3,Win32,60.24096386,66415fdcc304dc7b28317cab,6644f019e4b599e96769a32b,664647c9d56b9a0c822fcd07,,,,,,,,,,,,,,,,,,,,,,,,,,,,,,,,,,,,,,,,,,,,,,,,,,,,,,,,,,,,,,,,,,,,,,,,,,,,,,,,,,,,,,,,,,,,,,,,,,,,,,,,,,,,,,,,,,,,,,,,,,,,,,,,,,,,,,,,,,,,,,,,0,6.3479,100,7.735,space,7.8661,,blue_gnome,red_gnome,0,13,13,23,1,4,6,,,,,,,,,,,,,,,,,,,,,,,,,,,,
,,,,,,,,,,,,,,,,,,,,,,,,,,,,,,,,,,,,,,,,,,,,,,,,,,,,,,,,,,,,,,,,,016778,001,2024-05-16_18h54.20.045,experiment,2023.2.3,Win32,60.24096386,66415fdcc304dc7b28317cab,6644f019e4b599e96769a32b,664647c9d56b9a0c822fcd07,,,,,,,,,,,,,,,,,,,,,,,,,,,,,,,,,,,,,,,,,,,,,,,,,,,,,,,,,,,,,,,,,,,,,,,,,,,,,,,,,,,,,,,,,,,,,,,,,,,,,,,,,,,,,,,,,,,,,,,,,,,,,,,,,,,,,,,,,,,,,,,,28.125,3.8862,81.51041667,5.4974,space,5.5832,,pink_gnome,purple_gnome,0,14,14,21,1,3,7,,,,,,,,,,,,,,,,,,,,,,,,,,,,
,,,,,,,,,,,,,,,,,,,,,,,,,,,,,,,,,,,,,,,,,,,,,,,,,,,,,,,,,,,,,,,,,016778,001,2024-05-16_18h54.20.045,experiment,2023.2.3,Win32,60.24096386,66415fdcc304dc7b28317cab,6644f019e4b599e96769a32b,664647c9d56b9a0c822fcd07,,,,,,,,,,,,,,,,,,,,,,,,,,,,,,,,,,,,,,,,,,,,,,,,,,,,,,,,,,,,,,,,,,,,,,,,,,,,,,,,,,,,,,,,,,,,,,,,,,,,,,,,,,,,,,,,,,,,,,,,,,,,,,,,,,,,,,,,,,,,,,,,31.51041667,3.9458,67.44791667,6.1648,space,9.298,,purple_gnome,green_gnome,0,15,15,17,1,2,7,,,,,,,,,,,,,,,,,,,,,,,,,,,,
,,,,,,,,,,,,,,,,,,,,,,,,,,,,,,,,,,,,,,,,,,,,,,,,,,,,,,,,,,,,,,,,,016778,001,2024-05-16_18h54.20.045,experiment,2023.2.3,Win32,60.24096386,66415fdcc304dc7b28317cab,6644f019e4b599e96769a32b,664647c9d56b9a0c822fcd07,,,,,,,,,,,,,,,,,,,,,,,,,,,,,,,,,,,,,,,,,,,,,,,,,,,,,,,,,,,,,,,,,,,,,,,,,,,,,,,,,,,,,,,,,,,,,,,,,,,,,,,,,,,,,,,,,,,,,,,,,,,,,,,,,,,,,,,,,,,,,,,,1.692708333,3.9067,100,5.3881,space,5.4483,,yellow_gnome,pink_gnome,0,16,16,19,1,3,5,,,,,,,,,,,,,,,,,,,,,,,,,,,,
,,,,,,,,,,,,,,,,,,,,,,,,,,,,,,,,,,,,,,,,,,,,,,,,,,,,,,,,,,,,,,,,,016778,001,2024-05-16_18h54.20.045,experiment,2023.2.3,Win32,60.24096386,66415fdcc304dc7b28317cab,6644f019e4b599e96769a32b,664647c9d56b9a0c822fcd07,,,,,,,,,,,,,,,,,,,,,,,,,,,,,,,,,,,,,,,,,,,,,,,,,,,,,,,,,,,,,,,,,,,,,,,,,,,,,,,,,,,,,,,,,,,,,,,,,,,,,,,,,,,,,,,,,,,,,,,,,,,,,,,,,,,,,,,,,,,,,,,,0,3.0215,100,5.0211,space,5.5006,,pink_gnome,orange_gnome,0,17,17,2,1,0,3,,,,,,,,,,,,,,,,,,,,,,,,,,,,
,,,,,,,,,,,,,,,,,,,,,,,,,,,,,,,,,,,,,,,,,,,,,,,,,,,,,,,,,,,,,,,,,016778,001,2024-05-16_18h54.20.045,experiment,2023.2.3,Win32,60.24096386,66415fdcc304dc7b28317cab,6644f019e4b599e96769a32b,664647c9d56b9a0c822fcd07,,,,,,,,,,,,,,,,,,,,,,,,,,,,,,,,,,,,,,,,,,,,,,,,,,,,,,,,,,,,,,,,,,,,,,,,,,,,,,,,,,,,,,,,,,,,,,,,,,,,,,,,,,,,,,,,,,,,,,,,,,,,,,,,,,,,,,,,,,,,,,,,22.00520833,10.4488,94.53125,12.2951,space,12.4467,,blue_gnome,pink_gnome,0,18,18,20,1,3,6,,,,,,,,,,,,,,,,,,,,,,,,,,,,
,,,,,,,,,,,,,,,,,,,,,,,,,,,,,,,,,,,,,,,,,,,,,,,,,,,,,,,,,,,,,,,,,016778,001,2024-05-16_18h54.20.045,experiment,2023.2.3,Win32,60.24096386,66415fdcc304dc7b28317cab,6644f019e4b599e96769a32b,664647c9d56b9a0c822fcd07,,,,,,,,,,,,,,,,,,,,,,,,,,,,,,,,,,,,,,,,,,,,,,,,,,,,,,,,,,,,,,,,,,,,,,,,,,,,,,,,,,,,,,,,,,,,,,,,,,,,,,,,,,,,,,,,,,,,,,,,,,,,,,,,,,,,,,,,,,,,,,,,0,4.6246,100,6.2693,space,6.3343,,brown_gnome,green_gnome,0,19,19,7,1,1,2,,,,,,,,,,,,,,,,,,,,,,,,,,,,
,,,,,,,,,,,,,,,,,,,,,,,,,,,,,,,,,,,,,,,,,,,,,,,,,,,,,,,,,,,,,,,,,016778,001,2024-05-16_18h54.20.045,experiment,2023.2.3,Win32,60.24096386,66415fdcc304dc7b28317cab,6644f019e4b599e96769a32b,664647c9d56b9a0c822fcd07,,,,,,,,,,,,,,,,,,,,,,,,,,,,,,,,,,,,,,,,,,,,,,,,,,,,,,,,,,,,,,,,,,,,,,,,,,,,,,,,,,,,,,,,,,,,,,,,,,,,,,,,,,,,,,,,,,,,,,,,,,,,,,,,,,,,,,,,,,,,,,,,16.27604167,10.6342,91.27604167,12.8323,space,12.9454,,pink_gnome,red_gnome,0,20,20,18,1,3,4,,,,,,,,,,,,,,,,,,,,,,,,,,,,
,,,,,,,,,,,,,,,,,,,,,,,,,,,,,,,,,,,,,,,,,,,,,,,,,,,,,,,,,,,,,,,,,016778,001,2024-05-16_18h54.20.045,experiment,2023.2.3,Win32,60.24096386,66415fdcc304dc7b28317cab,6644f019e4b599e96769a32b,664647c9d56b9a0c822fcd07,,,,,,,,,,,,,,,,,,,,,,,,,,,,,,,,,,,,,,,,,,,,,,,,,,,,,,,,,,,,,,,,,,,,,,,,,,,,,,,,,,,,,,,,,,,,,,,,,,,,,,,,,,,,,,,,,,,,,,,,,,,,,,,,,,,,,,,,,,,,,,,,23.69791667,5.0852,82.421875,6.768,space,6.8987,,pink_gnome,green_gnome,0,21,21,13,1,2,3,,,,,,,,,,,,,,,,,,,,,,,,,,,,
,,,,,,,,,,,,,,,,,,,,,,,,,,,,,,,,,,,,,,,,,,,,,,,,,,,,,,,,,,,,,,,,,016778,001,2024-05-16_18h54.20.045,experiment,2023.2.3,Win32,60.24096386,66415fdcc304dc7b28317cab,6644f019e4b599e96769a32b,664647c9d56b9a0c822fcd07,,,,,,,,,,,,,,,,,,,,,,,,,,,,,,,,,,,,,,,,,,,,,,,,,,,,,,,,,,,,,,,,,,,,,,,,,,,,,,,,,,,,,,,,,,,,,,,,,,,,,,,,,,,,,,,,,,,,,,,,,,,,,,,,,,,,,,,,,,,,,,,,0,14.4172,100,15.9032,space,16.0308,,red_gnome,brown_gnome,0,22,22,9,1,1,4,,,,,,,,,,,,,,,,,,,,,,,,,,,,
,,,,,,,,,,,,,,,,,,,,,,,,,,,,,,,,,,,,,,,,,,,,,,,,,,,,,,,,,,,,,,,,,016778,001,2024-05-16_18h54.20.045,experiment,2023.2.3,Win32,60.24096386,66415fdcc304dc7b28317cab,6644f019e4b599e96769a32b,664647c9d56b9a0c822fcd07,,,,,,,,,,,,,,,,,,,,,,,,,,,,,,,,,,,,,,,,,,,,,,,,,,,,,,,,,,,,,,,,,,,,,,,,,,,,,,,,,,,,,,,,,,,,,,,,,,,,,,,,,,,,,,,,,,,,,,,,,,,,,,,,,,,,,,,,,,,,,,,,18.09895833,11.0697,94.140625,13.715,space,14.7551,,blue_gnome,green_gnome,0,23,23,16,1,2,6,,,,,,,,,,,,,,,,,,,,,,,,,,,,
,,,,,,,,,,,,,,,,,,,,,,,,,,,,,,,,,,,,,,,,,,,,,,,,,,,,,,,,,,,,,,,,,016778,001,2024-05-16_18h54.20.045,experiment,2023.2.3,Win32,60.24096386,66415fdcc304dc7b28317cab,6644f019e4b599e96769a32b,664647c9d56b9a0c822fcd07,,,,,,,,,,,,,,,,,,,,,,,,,,,,,,,,,,,,,,,,,,,,,,,,,,,,,,,,,,,,,,,,,,,,,,,,,,,,,,,,,,,,,,,,,,,,,,,,,,,,,,,,,,,,,,,,,,,,,,,,,,,,,,,,,,,,,,,,,,,,,,,,100,5.278,100,7.9101,space,7.7784,,orange_gnome,brown_gnome,0,24,24,0,1,0,1,,,,,,,,,,,,,,,,,,,,,,,,,,,,
,,,,,,,,,,,,,,,,,,,,,,,,,,,,,,,,,,,,,,,,,,,,,,,,,,,,,,,,,,,,,,,,,016778,001,2024-05-16_18h54.20.045,experiment,2023.2.3,Win32,60.24096386,66415fdcc304dc7b28317cab,6644f019e4b599e96769a32b,664647c9d56b9a0c822fcd07,,,,,,,,,,,,,,,,,,,,,,,,,,,,,,,,,,,,,,,,,,,,,,,,,,,,,,,,,,,,,,,,,,,,,,,,,,,,,,,,,,,,,,,,,,,,,,,,,,,,,,,,,,,,,,,,,,,,,,,,,,,,,,,,,,,,,,,,,,,,,,,,25.52083333,3.402,70.96354167,5.3485,space,5.2663,,brown_gnome,blue_gnome,0,25,25,11,1,1,6,,,,,,,,,,,,,,,,,,,,,,,,,,,,
,,,,,,,,,,,,,,,,,,,,,,,,,,,,,,,,,,,,,,,,,,,,,,,,,,,,,,,,,,,,,,,,,016778,001,2024-05-16_18h54.20.045,experiment,2023.2.3,Win32,60.24096386,66415fdcc304dc7b28317cab,6644f019e4b599e96769a32b,664647c9d56b9a0c822fcd07,,,,,,,,,,,,,,,,,,,,,,,,,,,,,,,,,,,,,,,,,,,,,,,,,,,,,,,,,,,,,,,,,,,,,,,,,,,,,,,,,,,,,,,,,,,,,,,,,,,,,,,,,,,,,,,,,,,,,,,,,,,,,,,,,,,,,,,,,,,,,,,,21.61458333,2.8686,66.92708333,4.8668,space,4.6655,,orange_gnome,blue_gnome,0,26,26,5,1,0,6,,,,,,,,,,,,,,,,,,,,,,,,,,,,
,,,,,,,,,,,,,,,,,,,,,,,,,,,,,,,,,,,,,,,,,,,,,,,,,,,,,,,,,,,,,,,,,016778,001,2024-05-16_18h54.20.045,experiment,2023.2.3,Win32,60.24096386,66415fdcc304dc7b28317cab,6644f019e4b599e96769a32b,664647c9d56b9a0c822fcd07,,,,,,,,,,,,,,,,,,,,,,,,,,,,,,,,,,,,,,,,,,,,,,,,,,,,,,,,,,,,,,,,,,,,,,,,,,,,,,,,,,,,,,,,,,,,,,,,,,,,,,,,,,,,,,,,,,,,,,,,,,,,,,,,,,,,,,,,,,,,,,,,22.91666667,4.6806,76.30208333,7.2496,space,7.1141,,red_gnome,purple_gnome,0,27,27,24,1,4,7,,,,,,,,,,,,,,,,,,,,,,,,,,,,
,,,,,,,,,,,,,,,,,,,,,,,,,,,,,,,,,,,,,,,,,,,,,,,,,,,,,,,,,,,,,,,,,016778,001,2024-05-16_18h54.20.045,experiment,2023.2.3,Win32,60.24096386,66415fdcc304dc7b28317cab,6644f019e4b599e96769a32b,664647c9d56b9a0c822fcd07,,,,,,,,,,,,,,,,,,,,,,,,,,,,,,,,,,,,,,,,,,,,,,,,,,,,,,,,,,,,,,,,,,,,,,,,,,,,,,,,,,,,,,,,,,,,,,,,,,,,,,,,,,,,,,,,,,,,,,,,,,,,,,,,,,,,,,,,,,,,,,,,,,,,,,,,,,,,,,,,space,7.0346,,0,134.2502,100,136.2635,space,136.1326,,yellow_gnome,bright_forest,red_basket,0,0,0,10,1,5,0,,,,,,,,
,,,,,,,,,,,,,,,,,,,,,,,,,,,,,,,,,,,,,,,,,,,,,,,,,,,,,,,,,,,,,,,,,016778,001,2024-05-16_18h54.20.045,experiment,2023.2.3,Win32,60.24096386,66415fdcc304dc7b28317cab,6644f019e4b599e96769a32b,664647c9d56b9a0c822fcd07,,,,,,,,,,,,,,,,,,,,,,,,,,,,,,,,,,,,,,,,,,,,,,,,,,,,,,,,,,,,,,,,,,,,,,,,,,,,,,,,,,,,,,,,,,,,,,,,,,,,,,,,,,,,,,,,,,,,,,,,,,,,,,,,,,,,,,,,,,,,,,,,,,,,,,,,,,,,,,,,,,,0,9.4042,100,11.1205,space,10.9656,,pink_gnome,bright_forest,red_basket,0,1,1,6,1,3,0,,,,,,,,
,,,,,,,,,,,,,,,,,,,,,,,,,,,,,,,,,,,,,,,,,,,,,,,,,,,,,,,,,,,,,,,,,016778,001,2024-05-16_18h54.20.045,experiment,2023.2.3,Win32,60.24096386,66415fdcc304dc7b28317cab,6644f019e4b599e96769a32b,664647c9d56b9a0c822fcd07,,,,,,,,,,,,,,,,,,,,,,,,,,,,,,,,,,,,,,,,,,,,,,,,,,,,,,,,,,,,,,,,,,,,,,,,,,,,,,,,,,,,,,,,,,,,,,,,,,,,,,,,,,,,,,,,,,,,,,,,,,,,,,,,,,,,,,,,,,,,,,,,,,,,,,,,,,,,,,,,,,,2.864583333,19.0027,100,20.8317,space,20.7201,,red_gnome,dark_forest,yellow_basket,0,2,2,9,1,4,1,,,,,,,,
,,,,,,,,,,,,,,,,,,,,,,,,,,,,,,,,,,,,,,,,,,,,,,,,,,,,,,,,,,,,,,,,,016778,001,2024-05-16_18h54.20.045,experiment,2023.2.3,Win32,60.24096386,66415fdcc304dc7b28317cab,6644f019e4b599e96769a32b,664647c9d56b9a0c822fcd07,,,,,,,,,,,,,,,,,,,,,,,,,,,,,,,,,,,,,,,,,,,,,,,,,,,,,,,,,,,,,,,,,,,,,,,,,,,,,,,,,,,,,,,,,,,,,,,,,,,,,,,,,,,,,,,,,,,,,,,,,,,,,,,,,,,,,,,,,,,,,,,,,,,,,,,,,,,,,,,,,,,98.30729167,3.8449,100,5.9305,space,5.8217,,green_gnome,bright_forest,red_basket,0,3,3,4,1,2,0,,,,,,,,
,,,,,,,,,,,,,,,,,,,,,,,,,,,,,,,,,,,,,,,,,,,,,,,,,,,,,,,,,,,,,,,,,016778,001,2024-05-16_18h54.20.045,experiment,2023.2.3,Win32,60.24096386,66415fdcc304dc7b28317cab,6644f019e4b599e96769a32b,664647c9d56b9a0c822fcd07,,,,,,,,,,,,,,,,,,,,,,,,,,,,,,,,,,,,,,,,,,,,,,,,,,,,,,,,,,,,,,,,,,,,,,,,,,,,,,,,,,,,,,,,,,,,,,,,,,,,,,,,,,,,,,,,,,,,,,,,,,,,,,,,,,,,,,,,,,,,,,,,,,,,,,,,,,,,,,,,,,,99.47916667,9.2446,100,11.1388,space,11.0036,,yellow_gnome,dark_forest,yellow_basket,0,4,4,11,1,5,1,,,,,,,,
,,,,,,,,,,,,,,,,,,,,,,,,,,,,,,,,,,,,,,,,,,,,,,,,,,,,,,,,,,,,,,,,,016778,001,2024-05-16_18h54.20.045,experiment,2023.2.3,Win32,60.24096386,66415fdcc304dc7b28317cab,6644f019e4b599e96769a32b,664647c9d56b9a0c822fcd07,,,,,,,,,,,,,,,,,,,,,,,,,,,,,,,,,,,,,,,,,,,,,,,,,,,,,,,,,,,,,,,,,,,,,,,,,,,,,,,,,,,,,,,,,,,,,,,,,,,,,,,,,,,,,,,,,,,,,,,,,,,,,,,,,,,,,,,,,,,,,,,,,,,,,,,,,,,,,,,,,,,100,3.4948,100,5.7168,space,5.5676,,pink_gnome,dark_forest,yellow_basket,0,5,5,7,1,3,1,,,,,,,,
,,,,,,,,,,,,,,,,,,,,,,,,,,,,,,,,,,,,,,,,,,,,,,,,,,,,,,,,,,,,,,,,,016778,001,2024-05-16_18h54.20.045,experiment,2023.2.3,Win32,60.24096386,66415fdcc304dc7b28317cab,6644f019e4b599e96769a32b,664647c9d56b9a0c822fcd07,,,,,,,,,,,,,,,,,,,,,,,,,,,,,,,,,,,,,,,,,,,,,,,,,,,,,,,,,,,,,,,,,,,,,,,,,,,,,,,,,,,,,,,,,,,,,,,,,,,,,,,,,,,,,,,,,,,,,,,,,,,,,,,,,,,,,,,,,,,,,,,,,,,,,,,,,,,,,,,,,,,100,3.437,100,5.2308,space,5.054,,blue_gnome,bright_forest,red_basket,0,6,6,12,1,6,0,,,,,,,,
,,,,,,,,,,,,,,,,,,,,,,,,,,,,,,,,,,,,,,,,,,,,,,,,,,,,,,,,,,,,,,,,,016778,001,2024-05-16_18h54.20.045,experiment,2023.2.3,Win32,60.24096386,66415fdcc304dc7b28317cab,6644f019e4b599e96769a32b,664647c9d56b9a0c822fcd07,,,,,,,,,,,,,,,,,,,,,,,,,,,,,,,,,,,,,,,,,,,,,,,,,,,,,,,,,,,,,,,,,,,,,,,,,,,,,,,,,,,,,,,,,,,,,,,,,,,,,,,,,,,,,,,,,,,,,,,,,,,,,,,,,,,,,,,,,,,,,,,,,,,,,,,,,,,,,,,,,,,100,3.5478,98.4375,6.782,space,7.0371,,orange_gnome,bright_forest,red_basket,0,7,7,0,1,0,0,,,,,,,,
,,,,,,,,,,,,,,,,,,,,,,,,,,,,,,,,,,,,,,,,,,,,,,,,,,,,,,,,,,,,,,,,,016778,001,2024-05-16_18h54.20.045,experiment,2023.2.3,Win32,60.24096386,66415fdcc304dc7b28317cab,6644f019e4b599e96769a32b,664647c9d56b9a0c822fcd07,,,,,,,,,,,,,,,,,,,,,,,,,,,,,,,,,,,,,,,,,,,,,,,,,,,,,,,,,,,,,,,,,,,,,,,,,,,,,,,,,,,,,,,,,,,,,,,,,,,,,,,,,,,,,,,,,,,,,,,,,,,,,,,,,,,,,,,,,,,,,,,,,,,,,,,,,,,,,,,,,,,100,3.7845,99.21875,4.9811,space,5.1339,,brown_gnome,dark_forest,yellow_basket,0,8,8,3,1,1,1,,,,,,,,
,,,,,,,,,,,,,,,,,,,,,,,,,,,,,,,,,,,,,,,,,,,,,,,,,,,,,,,,,,,,,,,,,016778,001,2024-05-16_18h54.20.045,experiment,2023.2.3,Win32,60.24096386,66415fdcc304dc7b28317cab,6644f019e4b599e96769a32b,664647c9d56b9a0c822fcd07,,,,,,,,,,,,,,,,,,,,,,,,,,,,,,,,,,,,,,,,,,,,,,,,,,,,,,,,,,,,,,,,,,,,,,,,,,,,,,,,,,,,,,,,,,,,,,,,,,,,,,,,,,,,,,,,,,,,,,,,,,,,,,,,,,,,,,,,,,,,,,,,,,,,,,,,,,,,,,,,,,,0.911458333,4.4305,98.828125,6.8992,space,7.4322,,green_gnome,dark_forest,yellow_basket,0,9,9,5,1,2,1,,,,,,,,
,,,,,,,,,,,,,,,,,,,,,,,,,,,,,,,,,,,,,,,,,,,,,,,,,,,,,,,,,,,,,,,,,016778,001,2024-05-16_18h54.20.045,experiment,2023.2.3,Win32,60.24096386,66415fdcc304dc7b28317cab,6644f019e4b599e96769a32b,664647c9d56b9a0c822fcd07,,,,,,,,,,,,,,,,,,,,,,,,,,,,,,,,,,,,,,,,,,,,,,,,,,,,,,,,,,,,,,,,,,,,,,,,,,,,,,,,,,,,,,,,,,,,,,,,,,,,,,,,,,,,,,,,,,,,,,,,,,,,,,,,,,,,,,,,,,,,,,,,,,,,,,,,,,,,,,,,,,,0.78125,4.8506,98.30729167,6.8484,space,6.8008,,orange_gnome,dark_forest,yellow_basket,0,10,10,1,1,0,1,,,,,,,,
,,,,,,,,,,,,,,,,,,,,,,,,,,,,,,,,,,,,,,,,,,,,,,,,,,,,,,,,,,,,,,,,,016778,001,2024-05-16_18h54.20.045,experiment,2023.2.3,Win32,60.24096386,66415fdcc304dc7b28317cab,6644f019e4b599e96769a32b,664647c9d56b9a0c822fcd07,,,,,,,,,,,,,,,,,,,,,,,,,,,,,,,,,,,,,,,,,,,,,,,,,,,,,,,,,,,,,,,,,,,,,,,,,,,,,,,,,,,,,,,,,,,,,,,,,,,,,,,,,,,,,,,,,,,,,,,,,,,,,,,,,,,,,,,,,,,,,,,,,,,,,,,,,,,,,,,,,,,98.95833333,5.0173,98.828125,6.597,space,6.6967,,purple_gnome,dark_forest,yellow_basket,0,11,11,15,1,7,1,,,,,,,,
,,,,,,,,,,,,,,,,,,,,,,,,,,,,,,,,,,,,,,,,,,,,,,,,,,,,,,,,,,,,,,,,,016778,001,2024-05-16_18h54.20.045,experiment,2023.2.3,Win32,60.24096386,66415fdcc304dc7b28317cab,6644f019e4b599e96769a32b,664647c9d56b9a0c822fcd07,,,,,,,,,,,,,,,,,,,,,,,,,,,,,,,,,,,,,,,,,,,,,,,,,,,,,,,,,,,,,,,,,,,,,,,,,,,,,,,,,,,,,,,,,,,,,,,,,,,,,,,,,,,,,,,,,,,,,,,,,,,,,,,,,,,,,,,,,,,,,,,,,,,,,,,,,,,,,,,,,,,0,3.5802,99.73958333,5.4403,space,5.2518,,purple_gnome,bright_forest,red_basket,0,12,12,14,1,7,0,,,,,,,,
,,,,,,,,,,,,,,,,,,,,,,,,,,,,,,,,,,,,,,,,,,,,,,,,,,,,,,,,,,,,,,,,,016778,001,2024-05-16_18h54.20.045,experiment,2023.2.3,Win32,60.24096386,66415fdcc304dc7b28317cab,6644f019e4b599e96769a32b,664647c9d56b9a0c822fcd07,,,,,,,,,,,,,,,,,,,,,,,,,,,,,,,,,,,,,,,,,,,,,,,,,,,,,,,,,,,,,,,,,,,,,,,,,,,,,,,,,,,,,,,,,,,,,,,,,,,,,,,,,,,,,,,,,,,,,,,,,,,,,,,,,,,,,,,,,,,,,,,,,,,,,,,,,,,,,,,,,,,2.34375,3.5814,98.046875,4.9106,space,4.9188,,brown_gnome,bright_forest,red_basket,0,13,13,2,1,1,0,,,,,,,,
,,,,,,,,,,,,,,,,,,,,,,,,,,,,,,,,,,,,,,,,,,,,,,,,,,,,,,,,,,,,,,,,,016778,001,2024-05-16_18h54.20.045,experiment,2023.2.3,Win32,60.24096386,66415fdcc304dc7b28317cab,6644f019e4b599e96769a32b,664647c9d56b9a0c822fcd07,,,,,,,,,,,,,,,,,,,,,,,,,,,,,,,,,,,,,,,,,,,,,,,,,,,,,,,,,,,,,,,,,,,,,,,,,,,,,,,,,,,,,,,,,,,,,,,,,,,,,,,,,,,,,,,,,,,,,,,,,,,,,,,,,,,,,,,,,,,,,,,,,,,,,,,,,,,,,,,,,,,98.828125,4.0455,98.69791667,5.2788,space,5.2216,,red_gnome,bright_forest,red_basket,0,14,14,8,1,4,0,,,,,,,,
,,,,,,,,,,,,,,,,,,,,,,,,,,,,,,,,,,,,,,,,,,,,,,,,,,,,,,,,,,,,,,,,,016778,001,2024-05-16_18h54.20.045,experiment,2023.2.3,Win32,60.24096386,66415fdcc304dc7b28317cab,6644f019e4b599e96769a32b,664647c9d56b9a0c822fcd07,,,,,,,,,,,,,,,,,,,,,,,,,,,,,,,,,,,,,,,,,,,,,,,,,,,,,,,,,,,,,,,,,,,,,,,,,,,,,,,,,,,,,,,,,,,,,,,,,,,,,,,,,,,,,,,,,,,,,,,,,,,,,,,,,,,,,,,,,,,,,,,,,,,,,,,,,,,,,,,,,,,0.520833333,4.4677,99.08854167,6.0277,space,6.0036,,blue_gnome,dark_forest,yellow_basket,0,15,15,13,1,6,1,,,,,,,,
,,,,,,,,,,,,,,,,,,,,,,,,,,,,,,,,,,,,,,,,,,,,,,,,,,,,,,,,,,,,,,,,,016778,001,2024-05-16_18h54.20.045,experiment,2023.2.3,Win32,60.24096386,66415fdcc304dc7b28317cab,6644f019e4b599e96769a32b,664647c9d56b9a0c822fcd07,,,,,,,,,,,,,,,,,,,,,,,,,,,,,,,,,,,,,,,,,,,,,,,,,,,,,,,,,,,,,,,,,,,,,,,,,,,,,,,,,,,,,,,,,,,,,,,,,,,,,,,,,,,,,,,,,,,,,,,,,,,,,,,,,,,,,,,,,,,,,,,,,,,,,,,,,,,,,,,,,,,,,,,,,,,,,,,,,,,,space,31.6379,,0,0,0,0,1