parent_PID,stim1_name,stim1_file,stim1_pair,stim1_deact_file,stim1_step2_name,stim1_step2_file,stim1_step2_basket_name,stim1_step2_basket_file,stim2_name,stim2_file,stim2_pair,stim2_deact_file,stim2_step2_name,stim2_step2_file,stim2_step2_basket_name,stim2_step2_basket_file,stim3_name,stim3_file,stim3_pair,stim3_deact_file,stim3_step2_name,stim3_step2_file,stim3_step2_basket_name,stim3_step2_basket_file,stim4_name,stim4_file,stim4_pair,stim4_deact_file,stim4_step2_name,stim4_step2_file,stim4_step2_basket_name,stim4_step2_basket_file,stim5_name,stim5_file,stim5_pair,stim5_deact_file,stim5_step2_name,stim5_step2_file,stim5_step2_basket_name,stim5_step2_basket_file,stim6_name,stim6_file,stim6_pair,stim6_deact_file,stim6_step2_name,stim6_step2_file,stim6_step2_basket_name,stim6_step2_basket_file,stim7_name,stim7_file,stim7_pair,stim7_deact_file,stim7_step2_name,stim7_step2_file,stim7_step2_basket_name,stim7_step2_basket_file,stim8_name,stim8_file,stim8_pair,stim8_deact_file,stim8_step2_name,stim8_step2_file,stim8_step2_basket_name,stim8_step2_basket_file,obs_AC_trials,participant,session,date,expName,psychopyVersion,OS,frameRate,PROLIFIC_PID,STUDY_ID,SESSION_ID,consent_keyresp.keys,consent_keyresp.rt,consent_keyresp.duration,global_instructions1_key.keys,global_instructions1_key.rt,global_instructions1_key.duration,global_instructions2_key.keys,global_instructions2_key.rt,global_instructions2_key.duration,global_instructions3_key.keys,global_instructions3_key.rt,global_instructions3_key.duration,global_instructions4_key.keys,global_instructions4_key.rt,global_instructions4_key.duration,stake_instructions_key.keys,stake_instructions_key.rt,stake_instructions_key.duration,global_instructions5_key.keys,global_instructions5_key.rt,global_instructions5_key.duration,p_fixation_2.started,p_fixation_2.stopped,p_step1_keyresp.keys,p_step1_keyresp.rt,p_step1_keyresp.duration,p_step2_keyresp.keys,p_step2_keyresp.rt,p_step2_keyresp.duration,p_step1_pair_index,p_step1_stimLeft_name,p_step1_stimLeft_pair,p_step1_stimLeft_reward,p_step1_stimLeft_step2Stim,p_step1_stimLeft_step2Basket,p_step1_stimRight_name,p_step1_stimRight_pair,p_step1_stimRight_reward,p_step1_stimRight_step2Stim,p_step1_stimRight_step2Basket,p_points,t_mult,p_fail_step1,p_fail_step2,p_reward_flag,p_step1_choice,p_step2_stim,p_step2_basket,p_score,practice.thisRepN,practice.thisTrialN,practice.thisN,practice.thisIndex,practice.ran,pair_index,p_mult,p_failStep2_keyresp.keys,p_failStep2_keyresp.rt,p_failStep2_keyresp.duration,obs_instructions_1_key.keys,obs_instructions_1_key.rt,obs_instructions_1_key.duration,obs_instructions_2_key.keys,obs_instructions_2_key.rt,obs_instructions_2_key.duration,obs_stim_left,obs_stim_right,obs_step1_key,obs_step1_RT,obs_step2_forest,obs_step2_basket,obs_step2_RT,obs_mult,obs_points,obs_score,obs_AC_flag,obs_AC_step1_flag,obs_AC_step2_flag,obs_AC_mistake_flag,obs_AC_no_answer_flag,obs_AC_step2_no_answer_flag,obs_AC_counter,good_answer,obs_attention_check_fail,obs.thisRepN,obs.thisTrialN,obs.thisN,obs.thisIndex,obs.ran,obs_attention_check_step2_keyresp.keys,obs_attention_check_step2_keyresp.rt,obs_attention_check_step2_keyresp.duration,obs_attention_check_step1_keyresp.keys,obs_attention_check_step1_keyresp.rt,obs_attention_check_step1_keyresp.duration,t_instructions_keyresp.keys,t_instructions_keyresp.rt,t_instructions_keyresp.duration,t_instructions_2_keyresp.keys,t_instructions_2_keyresp.rt,t_instructions_2_keyresp.duration,t_step1_keyresp.keys,t_step1_keyresp.rt,t_step1_keyresp.duration,t_step2_keyresp.keys,t_step1_pair_index,t_step1_stimLeft_name,t_step1_stimLeft_pair,t_step1_stimLeft_reward,t_step1_stimLeft_step2Stim,t_step1_stimLeft_step2Basket,t_step1_stimRight_name,t_step1_stimRight_pair,t_step1_stimRight_reward,t_step1_stimRight_step2Stim,t_step1_stimRight_step2Basket,t_points,t_fail_step1,t_fail_step2,t_reward_flag,t_step1_choice,t_step2_stim,t_step2_basket,globa_score,t_data_stimWalk0,t_data_stimWalk1,trials.thisRepN,trials.thisTrialN,trials.thisN,trials.thisIndex,trials.ran,t_step2_keyresp.rt,t_step2_keyresp.duration,break_key_resp.keys,break_key_resp.rt,break_key_resp.duration,t_recording.started,t_recording.stopped,pl_global_instructions_keyresp.keys,pl_global_instructions_keyresp.rt,pl_global_instructions_keyresp.duration,pl1_instructions1_keyresp.keys,pl1_instructions1_keyresp.rt,pl1_instructions1_keyresp.duration,pl1_instructions2_keyresp.keys,pl1_instructions2_keyresp.rt,pl1_instructions2_keyresp.duration,pl1_instructions3_keyresp.keys,pl1_instructions3_keyresp.rt,pl1_instructions3_keyresp.duration,pl1_instructions4_keyresp.keys,pl1_instructions4_keyresp.rt,pl1_instructions4_keyresp.duration,pl1_task_lickert.response,pl1_task_lickert.rt,pl1_task_confidence_lickert.response,pl1_task_confidence_lickert.rt,pl1_task_keyresp.keys,pl1_task_keyresp.rt,pl1_task_keyresp.duration,pl1_task_stimLeft,pl1_task_stimRight,pl1_loop.thisRepN,pl1_loop.thisTrialN,pl1_loop.thisN,pl1_loop.thisIndex,pl1_loop.ran,stimLeft_index,stimRight_index,pl2_instructions_keyresp.keys,pl2_instructions_keyresp.rt,pl2_instructions_keyresp.duration,pl2_task_lickert.response,pl2_task_lickert.rt,pl2_task_confidence_lickert.response,pl2_task_confidence_lickert.rt,pl2_task_keyresp.keys,pl2_task_keyresp.rt,pl2_task_keyresp.duration,pl2_task_gnome,pl2_task_forest,pl2_task_basket,pl2_loop.thisRepN,pl2_loop.thisTrialN,pl2_loop.thisN,pl2_loop.thisIndex,pl2_loop.ran,gnome_id,forest_id,end_keyresp.keys,end_keyresp.rt,end_keyresp.duration,passed_attention_check_loop.thisRepN,passed_attention_check_loop.thisTrialN,passed_attention_check_loop.thisN,passed_attention_check_loop.thisIndex,passed_attention_check_loop.ran,show_trials.thisRepN,show_trials.thisTrialN,show_trials.thisN,show_trials.thisIndex,show_trials.ran
667bf6ac2a011549876ca80e,brown_gnome,ressources/step1_stim1.png,2,ressources/step1_tallGnome_deact.png,dark_forest,ressources/step2_background2.png,yellow_basket,ressources/step2_stim1.png,purple_gnome,ressources/step1_stim2.png,3,ressources/step1_tallGnome_deact.png,dark_forest,ressources/step2_background2.png,yellow_basket,ressources/step2_stim1.png,pink_gnome,ressources/step1_stim3.png,4,ressources/step1_tallGnome_deact.png,dark_forest,ressources/step2_background2.png,yellow_basket,ressources/step2_stim1.png,blue_gnome,ressources/step1_stim4.png,2,ressources/step1_tallGnome_deact.png,bright_forest,ressources/step2_background1.png,red_basket,ressources/step2_stim2.png,green_gnome,ressources/step1_stim5.png,3,ressources/step1_smallGnome_deact.png,bright_forest,ressources/step2_background1.png,red_basket,ressources/step2_stim2.png,red_gnome,ressources/step1_stim6.png,4,ressources/step1_smallGnome_deact.png,bright_forest,ressources/step2_background1.png,red_basket,ressources/step2_stim2.png,yellow_gnome,ressources/step1_stim7.png,1,ressources/step1_smallGnome_deact.png,bright_forest,ressources/step2_background1.png,red_basket,ressources/step2_stim2.png,orange_gnome,ressources/step1_stim8.png,1,ressources/step1_smallGnome_deact.png,dark_forest,ressources/step2_background2.png,yellow_basket,ressources/step2_stim1.png,"[34,70,63,47,14,4,7,2,50,3]",138517,001,2024-11-19_12h27.45.750,experiment,2023.2.3,Win32,50,61084dbab48ab21fce452554,673c6e3c1bdcd7f14d4497df,673cca33eee1f86dff640056,,,,,,,,,,,,,,,,,,,,,,,,,,,,,,,,,,,,,,,,,,,,,,,,,,,,,,,,,,,,,,,,,,,,,,,,,,,,,,,,,,,,,,,,,,,,,,,,,,,,,,,,,,,,,,,,,,,,,,,,,,,,,,,,,,,,,,,,,,,,,,,,,,,,,,,,,,,,,,,,,,,,,,,,,,,,,,,,,,,,,,,,,,,,,,,,,,,,,,,,,,
,,,,,,,,,,,,,,,,,,,,,,,,,,,,,,,,,,,,,,,,,,,,,,,,,,,,,,,,,,,,,,,,,,138517,001,2024-11-19_12h27.45.750,experiment,2023.2.3,Win32,50,61084dbab48ab21fce452554,673c6e3c1bdcd7f14d4497df,673cca33eee1f86dff640056,y,39.5061,0.0005,,,,,,,,,,,,,,,,,,,,,,,,,,,,,,,,,,,,,,,,,,,,,,,,,,,,,,,,,,,,,,,,,,,,,,,,,,,,,,,,,,,,,,,,,,,,,,,,,,,,,,,,,,,,,,,,,,,,,,,,,,,,,,,,,,,,,,,,,,,,,,,,,,,,,,,,,,,,,,,,,,,,,,,,,,,,,,,,,,,,,,,,,,,,,,,,,,,,,,,
,,,,,,,,,,,,,,,,,,,,,,,,,,,,,,,,,,,,,,,,,,,,,,,,,,,,,,,,,,,,,,,,,,138517,001,2024-11-19_12h27.45.750,experiment,2023.2.3,Win32,50,61084dbab48ab21fce452554,673c6e3c1bdcd7f14d4497df,673cca33eee1f86dff640056,,,,space,14.3758,,space,66.724,,space,15.1851,,space,19.8174,,space,27.3595,,space,58.3389,,242.8834,243.3978,s,0.8861,,space,1.2178,,2,p_pink_gnome,2,0,p_green_forest,p_blue_basket,p_blue_gnome,2,5,p_yellow_forest,p_green_basket,0,1,0,0,1,p_pink_gnome,p_green_forest,p_blue_basket,0,0,0,0,1,1,2,1,,,,,,,,,,,,,,,,,,,,,,,,,,,,,,,,,,,,,,,,,,,,,,,,,,,,,,,,,,,,,,,,,,,,,,,,,,,,,,,,,,,,,,,,,,,,,,,,,,,,,,,,,,,,,,,,,,,,,,,,,,,,,,,,,,,,,,,,,,,,,,,,,,
,,,,,,,,,,,,,,,,,,,,,,,,,,,,,,,,,,,,,,,,,,,,,,,,,,,,,,,,,,,,,,,,,,138517,001,2024-11-19_12h27.45.750,experiment,2023.2.3,Win32,50,61084dbab48ab21fce452554,673c6e3c1bdcd7f14d4497df,673cca33eee1f86dff640056,,,,,,,,,,,,,,,,,,,,,,249.9456,250.4584,k,0.3758,,space,0.0346,,1,p_green_gnome,1,0,p_green_forest,p_blue_basket,p_orange_gnome,1,5,p_yellow_forest,p_green_basket,5,1,0,0,1,p_orange_gnome,p_yellow_forest,p_green_basket,5,0,1,1,0,1,1,1,,,,,,,,,,,,,,,,,,,,,,,,,,,,,,,,,,,,,,,,,,,,,,,,,,,,,,,,,,,,,,,,,,,,,,,,,,,,,,,,,,,,,,,,,,,,,,,,,,,,,,,,,,,,,,,,,,,,,,,,,,,,,,,,,,,,,,,,,,,,,,,,,,
,,,,,,,,,,,,,,,,,,,,,,,,,,,,,,,,,,,,,,,,,,,,,,,,,,,,,,,,,,,,,,,,,,138517,001,2024-11-19_12h27.45.750,experiment,2023.2.3,Win32,50,61084dbab48ab21fce452554,673c6e3c1bdcd7f14d4497df,673cca33eee1f86dff640056,,,,,,,,,,,,,,,,,,,,,,257.0242,257.5387,k,0.9467,,space,1.3677,,1,p_green_gnome,1,0,p_green_forest,p_blue_basket,p_orange_gnome,1,5,p_yellow_forest,p_green_basket,25,5,0,0,1,p_orange_gnome,p_yellow_forest,p_green_basket,30,0,2,2,2,1,1,5,,,,,,,,,,,,,,,,,,,,,,,,,,,,,,,,,,,,,,,,,,,,,,,,,,,,,,,,,,,,,,,,,,,,,,,,,,,,,,,,,,,,,,,,,,,,,,,,,,,,,,,,,,,,,,,,,,,,,,,,,,,,,,,,,,,,,,,,,,,,,,,,,,
,,,,,,,,,,,,,,,,,,,,,,,,,,,,,,,,,,,,,,,,,,,,,,,,,,,,,,,,,,,,,,,,,,138517,001,2024-11-19_12h27.45.750,experiment,2023.2.3,Win32,50,61084dbab48ab21fce452554,673c6e3c1bdcd7f14d4497df,673cca33eee1f86dff640056,,,,,,,,,,,,,,,,,,,,,,264.0723,264.578,s,0.7431,,space,0.3068,,2,p_pink_gnome,2,0,p_green_forest,p_blue_basket,p_blue_gnome,2,5,p_yellow_forest,p_green_basket,0,5,0,0,1,p_pink_gnome,p_green_forest,p_blue_basket,30,0,3,3,3,1,2,5,,,,,,,,,,,,,,,,,,,,,,,,,,,,,,,,,,,,,,,,,,,,,,,,,,,,,,,,,,,,,,,,,,,,,,,,,,,,,,,,,,,,,,,,,,,,,,,,,,,,,,,,,,,,,,,,,,,,,,,,,,,,,,,,,,,,,,,,,,,,,,,,,,
,,,,,,,,,,,,,,,,,,,,,,,,,,,,,,,,,,,,,,,,,,,,,,,,,,,,,,,,,,,,,,,,,,138517,001,2024-11-19_12h27.45.750,experiment,2023.2.3,Win32,50,61084dbab48ab21fce452554,673c6e3c1bdcd7f14d4497df,673cca33eee1f86dff640056,,,,,,,,,,,,,,,,,,,,,,271.1454,271.6581,k,0.9156,,space,0.4268,,2,p_pink_gnome,2,1,p_green_forest,p_blue_basket,p_blue_gnome,2,6,p_yellow_forest,p_green_basket,6,1,0,0,1,p_blue_gnome,p_yellow_forest,p_green_basket,36,1,0,4,1,1,2,1,,,,,,,,,,,,,,,,,,,,,,,,,,,,,,,,,,,,,,,,,,,,,,,,,,,,,,,,,,,,,,,,,,,,,,,,,,,,,,,,,,,,,,,,,,,,,,,,,,,,,,,,,,,,,,,,,,,,,,,,,,,,,,,,,,,,,,,,,,,,,,,,,,
,,,,,,,,,,,,,,,,,,,,,,,,,,,,,,,,,,,,,,,,,,,,,,,,,,,,,,,,,,,,,,,,,,138517,001,2024-11-19_12h27.45.750,experiment,2023.2.3,Win32,50,61084dbab48ab21fce452554,673c6e3c1bdcd7f14d4497df,673cca33eee1f86dff640056,,,,,,,,,,,,,,,,,,,,,,278.1654,278.6782,s,0.7018,,space,0.0857,,1,p_orange_gnome,1,6,p_yellow_forest,p_green_basket,p_green_gnome,1,1,p_green_forest,p_blue_basket,6,1,0,0,1,p_orange_gnome,p_yellow_forest,p_green_basket,42,1,1,5,0,1,1,1,,,,,,,,,,,,,,,,,,,,,,,,,,,,,,,,,,,,,,,,,,,,,,,,,,,,,,,,,,,,,,,,,,,,,,,,,,,,,,,,,,,,,,,,,,,,,,,,,,,,,,,,,,,,,,,,,,,,,,,,,,,,,,,,,,,,,,,,,,,,,,,,,,
,,,,,,,,,,,,,,,,,,,,,,,,,,,,,,,,,,,,,,,,,,,,,,,,,,,,,,,,,,,,,,,,,,138517,001,2024-11-19_12h27.45.750,experiment,2023.2.3,Win32,50,61084dbab48ab21fce452554,673c6e3c1bdcd7f14d4497df,673cca33eee1f86dff640056,,,,,,,,,,,,,,,,,,,,,,285.2437,285.7586,s,0.7464,,space,0.1159,,1,p_orange_gnome,1,6,p_yellow_forest,p_green_basket,p_green_gnome,1,1,p_green_forest,p_blue_basket,30,5,0,0,1,p_orange_gnome,p_yellow_forest,p_green_basket,72,1,2,6,2,1,1,5,,,,,,,,,,,,,,,,,,,,,,,,,,,,,,,,,,,,,,,,,,,,,,,,,,,,,,,,,,,,,,,,,,,,,,,,,,,,,,,,,,,,,,,,,,,,,,,,,,,,,,,,,,,,,,,,,,,,,,,,,,,,,,,,,,,,,,,,,,,,,,,,,,
,,,,,,,,,,,,,,,,,,,,,,,,,,,,,,,,,,,,,,,,,,,,,,,,,,,,,,,,,,,,,,,,,,138517,001,2024-11-19_12h27.45.750,experiment,2023.2.3,Win32,50,61084dbab48ab21fce452554,673c6e3c1bdcd7f14d4497df,673cca33eee1f86dff640056,,,,,,,,,,,,,,,,,,,,,,292.3016,292.8042,k,0.4593,,space,0.219,,2,p_pink_gnome,2,1,p_green_forest,p_blue_basket,p_blue_gnome,2,6,p_yellow_forest,p_green_basket,30,5,0,0,1,p_blue_gnome,p_yellow_forest,p_green_basket,102,1,3,7,3,1,2,5,,,,,,,,,,,,,,,,,,,,,,,,,,,,,,,,,,,,,,,,,,,,,,,,,,,,,,,,,,,,,,,,,,,,,,,,,,,,,,,,,,,,,,,,,,,,,,,,,,,,,,,,,,,,,,,,,,,,,,,,,,,,,,,,,,,,,,,,,,,,,,,,,,
,,,,,,,,,,,,,,,,,,,,,,,,,,,,,,,,,,,,,,,,,,,,,,,,,,,,,,,,,,,,,,,,,,138517,001,2024-11-19_12h27.45.750,experiment,2023.2.3,Win32,50,61084dbab48ab21fce452554,673c6e3c1bdcd7f14d4497df,673cca33eee1f86dff640056,,,,,,,,,,,,,,,,,,,,,,299.3223,299.8443,k,0.7452,,space,0.2989,,2,p_blue_gnome,2,7,p_yellow_forest,p_green_basket,p_pink_gnome,2,2,p_green_forest,p_blue_basket,2,1,0,0,1,p_pink_gnome,p_green_forest,p_blue_basket,104,2,0,8,1,1,2,1,,,,,,,,,,,,,,,,,,,,,,,,,,,,,,,,,,,,,,,,,,,,,,,,,,,,,,,,,,,,,,,,,,,,,,,,,,,,,,,,,,,,,,,,,,,,,,,,,,,,,,,,,,,,,,,,,,,,,,,,,,,,,,,,,,,,,,,,,,,,,,,,,,
,,,,,,,,,,,,,,,,,,,,,,,,,,,,,,,,,,,,,,,,,,,,,,,,,,,,,,,,,,,,,,,,,,138517,001,2024-11-19_12h27.45.750,experiment,2023.2.3,Win32,50,61084dbab48ab21fce452554,673c6e3c1bdcd7f14d4497df,673cca33eee1f86dff640056,,,,,,,,,,,,,,,,,,,,,,306.3824,306.8982,k,0.6887,,space,0.3269,,1,p_orange_gnome,1,7,p_yellow_forest,p_green_basket,p_green_gnome,1,2,p_green_forest,p_blue_basket,2,1,0,0,1,p_green_gnome,p_green_forest,p_blue_basket,106,2,1,9,0,1,1,1,,,,,,,,,,,,,,,,,,,,,,,,,,,,,,,,,,,,,,,,,,,,,,,,,,,,,,,,,,,,,,,,,,,,,,,,,,,,,,,,,,,,,,,,,,,,,,,,,,,,,,,,,,,,,,,,,,,,,,,,,,,,,,,,,,,,,,,,,,,,,,,,,,
,,,,,,,,,,,,,,,,,,,,,,,,,,,,,,,,,,,,,,,,,,,,,,,,,,,,,,,,,,,,,,,,,,138517,001,2024-11-19_12h27.45.750,experiment,2023.2.3,Win32,50,61084dbab48ab21fce452554,673c6e3c1bdcd7f14d4497df,673cca33eee1f86dff640056,,,,,,,,,,,,,,,,,,,,,,313.4653,313.978,s,1.0323,,space,0.3074,,2,p_blue_gnome,2,7,p_yellow_forest,p_green_basket,p_pink_gnome,2,2,p_green_forest,p_blue_basket,7,1,0,0,1,p_blue_gnome,p_yellow_forest,p_green_basket,113,2,2,10,1,1,2,1,,,,,,,,,,,,,,,,,,,,,,,,,,,,,,,,,,,,,,,,,,,,,,,,,,,,,,,,,,,,,,,,,,,,,,,,,,,,,,,,,,,,,,,,,,,,,,,,,,,,,,,,,,,,,,,,,,,,,,,,,,,,,,,,,,,,,,,,,,,,,,,,,,
,,,,,,,,,,,,,,,,,,,,,,,,,,,,,,,,,,,,,,,,,,,,,,,,,,,,,,,,,,,,,,,,,,138517,001,2024-11-19_12h27.45.750,experiment,2023.2.3,Win32,50,61084dbab48ab21fce452554,673c6e3c1bdcd7f14d4497df,673cca33eee1f86dff640056,,,,,,,,,,,,,,,,,,,,,,320.5438,321.0576,k,0.6595,,,,,1,p_green_gnome,1,2,p_green_forest,p_blue_basket,p_orange_gnome,1,7,p_yellow_forest,p_green_basket,0,5,0,1,0,p_orange_gnome,p_yellow_forest,p_green_basket,113,2,3,11,2,1,1,5,space,1.1109,,,,,,,,,,,,,,,,,,,,,,,,,,,,,,,,,,,,,,,,,,,,,,,,,,,,,,,,,,,,,,,,,,,,,,,,,,,,,,,,,,,,,,,,,,,,,,,,,,,,,,,,,,,,,,,,,,,,,,,,,,,,,,,,,,,,,,,,,,,,,,,,
,,,,,,,,,,,,,,,,,,,,,,,,,,,,,,,,,,,,,,,,,,,,,,,,,,,,,,,,,,,,,,,,,,138517,001,2024-11-19_12h27.45.750,experiment,2023.2.3,Win32,50,61084dbab48ab21fce452554,673c6e3c1bdcd7f14d4497df,673cca33eee1f86dff640056,,,,,,,,,,,,,,,,,,,,,,326.7044,327.2184,s,0.6863,,space,0.0306,,2,p_pink_gnome,2,3,p_green_forest,p_blue_basket,p_blue_gnome,2,8,p_yellow_forest,p_green_basket,15,5,0,0,1,p_pink_gnome,p_green_forest,p_blue_basket,128,3,0,12,3,1,2,5,,,,,,,,,,,,,,,,,,,,,,,,,,,,,,,,,,,,,,,,,,,,,,,,,,,,,,,,,,,,,,,,,,,,,,,,,,,,,,,,,,,,,,,,,,,,,,,,,,,,,,,,,,,,,,,,,,,,,,,,,,,,,,,,,,,,,,,,,,,,,,,,,,
,,,,,,,,,,,,,,,,,,,,,,,,,,,,,,,,,,,,,,,,,,,,,,,,,,,,,,,,,,,,,,,,,,138517,001,2024-11-19_12h27.45.750,experiment,2023.2.3,Win32,50,61084dbab48ab21fce452554,673c6e3c1bdcd7f14d4497df,673cca33eee1f86dff640056,,,,,,,,,,,,,,,,,,,,,,333.764,334.2783,k,0.3487,,space,0.2849,,1,p_green_gnome,1,3,p_green_forest,p_blue_basket,p_orange_gnome,1,8,p_yellow_forest,p_green_basket,8,1,0,0,1,p_orange_gnome,p_yellow_forest,p_green_basket,136,3,1,13,0,1,1,1,,,,,,,,,,,,,,,,,,,,,,,,,,,,,,,,,,,,,,,,,,,,,,,,,,,,,,,,,,,,,,,,,,,,,,,,,,,,,,,,,,,,,,,,,,,,,,,,,,,,,,,,,,,,,,,,,,,,,,,,,,,,,,,,,,,,,,,,,,,,,,,,,,
,,,,,,,,,,,,,,,,,,,,,,,,,,,,,,,,,,,,,,,,,,,,,,,,,,,,,,,,,,,,,,,,,,138517,001,2024-11-19_12h27.45.750,experiment,2023.2.3,Win32,50,61084dbab48ab21fce452554,673c6e3c1bdcd7f14d4497df,673cca33eee1f86dff640056,,,,,,,,,,,,,,,,,,,,,,340.8435,341.3581,s,0.4364,,space,0.295,,1,p_orange_gnome,1,8,p_yellow_forest,p_green_basket,p_green_gnome,1,3,p_green_forest,p_blue_basket,8,1,0,0,1,p_orange_gnome,p_yellow_forest,p_green_basket,144,3,2,14,0,1,1,1,,,,,,,,,,,,,,,,,,,,,,,,,,,,,,,,,,,,,,,,,,,,,,,,,,,,,,,,,,,,,,,,,,,,,,,,,,,,,,,,,,,,,,,,,,,,,,,,,,,,,,,,,,,,,,,,,,,,,,,,,,,,,,,,,,,,,,,,,,,,,,,,,,
,,,,,,,,,,,,,,,,,,,,,,,,,,,,,,,,,,,,,,,,,,,,,,,,,,,,,,,,,,,,,,,,,,138517,001,2024-11-19_12h27.45.750,experiment,2023.2.3,Win32,50,61084dbab48ab21fce452554,673c6e3c1bdcd7f14d4497df,673cca33eee1f86dff640056,,,,,,,,,,,,,,,,,,,,,,347.9215,348.4379,k,0.5721,,space,0.3103,,1,p_orange_gnome,1,8,p_yellow_forest,p_green_basket,p_green_gnome,1,3,p_green_forest,p_blue_basket,15,5,0,0,1,p_green_gnome,p_green_forest,p_blue_basket,159,3,3,15,2,1,1,5,,,,,,,,,,,,,,,,,,,,,,,,,,,,,,,,,,,,,,,,,,,,,,,,,,,,,,,,,,,,,,,,,,,,,,,,,,,,,,,,,,,,,,,,,,,,,,,,,,,,,,,,,,,,,,,,,,,,,,,,,,,,,,,,,,,,,,,,,,,,,,,,,,
,,,,,,,,,,,,,,,,,,,,,,,,,,,,,,,,,,,,,,,,,,,,,,,,,,,,,,,,,,,,,,,,,,138517,001,2024-11-19_12h27.45.750,experiment,2023.2.3,Win32,50,61084dbab48ab21fce452554,673c6e3c1bdcd7f14d4497df,673cca33eee1f86dff640056,,,,,,,,,,,,,,,,,,,,,,355.0046,355.5185,s,0.268,,space,0.1504,,1,p_orange_gnome,1,9,p_yellow_forest,p_green_basket,p_green_gnome,1,4,p_green_forest,p_blue_basket,45,5,0,0,1,p_orange_gnome,p_yellow_forest,p_green_basket,204,4,0,16,2,1,1,5,,,,,,,,,,,,,,,,,,,,,,,,,,,,,,,,,,,,,,,,,,,,,,,,,,,,,,,,,,,,,,,,,,,,,,,,,,,,,,,,,,,,,,,,,,,,,,,,,,,,,,,,,,,,,,,,,,,,,,,,,,,,,,,,,,,,,,,,,,,,,,,,,,
,,,,,,,,,,,,,,,,,,,,,,,,,,,,,,,,,,,,,,,,,,,,,,,,,,,,,,,,,,,,,,,,,,138517,001,2024-11-19_12h27.45.750,experiment,2023.2.3,Win32,50,61084dbab48ab21fce452554,673c6e3c1bdcd7f14d4497df,673cca33eee1f86dff640056,,,,,,,,,,,,,,,,,,,,,,362.0867,362.5979,s,0.8759,,space,1.1288,,2,p_blue_gnome,2,9,p_yellow_forest,p_green_basket,p_pink_gnome,2,4,p_green_forest,p_blue_basket,9,1,0,0,1,p_blue_gnome,p_yellow_forest,p_green_basket,213,4,1,17,1,1,2,1,,,,,,,,,,,,,,,,,,,,,,,,,,,,,,,,,,,,,,,,,,,,,,,,,,,,,,,,,,,,,,,,,,,,,,,,,,,,,,,,,,,,,,,,,,,,,,,,,,,,,,,,,,,,,,,,,,,,,,,,,,,,,,,,,,,,,,,,,,,,,,,,,,
,,,,,,,,,,,,,,,,,,,,,,,,,,,,,,,,,,,,,,,,,,,,,,,,,,,,,,,,,,,,,,,,,,138517,001,2024-11-19_12h27.45.750,experiment,2023.2.3,Win32,50,61084dbab48ab21fce452554,673c6e3c1bdcd7f14d4497df,673cca33eee1f86dff640056,,,,,,,,,,,,,,,,,,,,,,369.1653,369.6787,k,0.7956,,space,0.2049,,2,p_blue_gnome,2,9,p_yellow_forest,p_green_basket,p_pink_gnome,2,4,p_green_forest,p_blue_basket,20,5,0,0,1,p_pink_gnome,p_green_forest,p_blue_basket,233,4,2,18,3,1,2,5,,,,,,,,,,,,,,,,,,,,,,,,,,,,,,,,,,,,,,,,,,,,,,,,,,,,,,,,,,,,,,,,,,,,,,,,,,,,,,,,,,,,,,,,,,,,,,,,,,,,,,,,,,,,,,,,,,,,,,,,,,,,,,,,,,,,,,,,,,,,,,,,,,
,,,,,,,,,,,,,,,,,,,,,,,,,,,,,,,,,,,,,,,,,,,,,,,,,,,,,,,,,,,,,,,,,,138517,001,2024-11-19_12h27.45.750,experiment,2023.2.3,Win32,50,61084dbab48ab21fce452554,673c6e3c1bdcd7f14d4497df,673cca33eee1f86dff640056,,,,,,,,,,,,,,,,,,,,,,376.2423,376.7582,k,0.8889,,space,0.0899,,2,p_blue_gnome,2,9,p_yellow_forest,p_green_basket,p_pink_gnome,2,4,p_green_forest,p_blue_basket,20,5,0,0,1,p_pink_gnome,p_green_forest,p_blue_basket,253,4,3,19,3,1,2,5,,,,,,,,,,,,,,,,,,,,,,,,,,,,,,,,,,,,,,,,,,,,,,,,,,,,,,,,,,,,,,,,,,,,,,,,,,,,,,,,,,,,,,,,,,,,,,,,,,,,,,,,,,,,,,,,,,,,,,,,,,,,,,,,,,,,,,,,,,,,,,,,,,
,,,,,,,,,,,,,,,,,,,,,,,,,,,,,,,,,,,,,,,,,,,,,,,,,,,,,,,,,,,,,,,,,,138517,001,2024-11-19_12h27.45.750,experiment,2023.2.3,Win32,50,61084dbab48ab21fce452554,673c6e3c1bdcd7f14d4497df,673cca33eee1f86dff640056,,,,,,,,,,,,,,,,,,,,,,,,,,,,,,,,,,,,,,,,,,,,,,,,,,,,,,,,,,,,space,251.1362,,space,41.0166,,ressources/step1_stim1.png,ressources/step1_stim4.png,s,0.733,ressources/step2_background2.png,ressources/step2_stim1.png,0.64,5,5,1922,0,0,0,0,0,0,0,s,0,0,0,0,0,1,,,,,,,,,,,,,,,,,,,,,,,,,,,,,,,,,,,,,,,,,,,,,,,,,,,,,,,,,,,,,,,,,,,,,,,,,,,,,,,,,,,,,,,,,,,,,,,,,,,,,,,,,,,,,,,,,
,,,,,,,,,,,,,,,,,,,,,,,,,,,,,,,,,,,,,,,,,,,,,,,,,,,,,,,,,,,,,,,,,,138517,001,2024-11-19_12h27.45.750,experiment,2023.2.3,Win32,50,61084dbab48ab21fce452554,673c6e3c1bdcd7f14d4497df,673cca33eee1f86dff640056,,,,,,,,,,,,,,,,,,,,,,,,,,,,,,,,,,,,,,,,,,,,,,,,,,,,,,,,,,,,,,,,,,ressources/step1_stim8.png,ressources/step1_stim7.png,s,0.85,ressources/step2_background2.png,ressources/step2_stim1.png,0.45,1,2,1924,0,0,0,0,0,0,0,s,0,1,0,1,0,1,,,,,,,,,,,,,,,,,,,,,,,,,,,,,,,,,,,,,,,,,,,,,,,,,,,,,,,,,,,,,,,,,,,,,,,,,,,,,,,,,,,,,,,,,,,,,,,,,,,,,,,,,,,,,,,,,
,,,,,,,,,,,,,,,,,,,,,,,,,,,,,,,,,,,,,,,,,,,,,,,,,,,,,,,,,,,,,,,,,,138517,001,2024-11-19_12h27.45.750,experiment,2023.2.3,Win32,50,61084dbab48ab21fce452554,673c6e3c1bdcd7f14d4497df,673cca33eee1f86dff640056,,,,,,,,,,,,,,,,,,,,,,,,,,,,,,,,,,,,,,,,,,,,,,,,,,,,,,,,,,,,,,,,,,ressources/step1_stim6.png,ressources/step1_stim3.png,s,0.482,ressources/step2_background1.png,ressources/step2_stim2.png,0.241,1,2,1926,1,0,1,0,0,0,1,s,0,2,0,2,0,1,s,4.3637,,,,,,,,,,,,,,,,,,,,,,,,,,,,,,,,,,,,,,,,,,,,,,,,,,,,,,,,,,,,,,,,,,,,,,,,,,,,,,,,,,,,,,,,,,,,,,,,,,,,,,,,,,,,,,,
,,,,,,,,,,,,,,,,,,,,,,,,,,,,,,,,,,,,,,,,,,,,,,,,,,,,,,,,,,,,,,,,,,138517,001,2024-11-19_12h27.45.750,experiment,2023.2.3,Win32,50,61084dbab48ab21fce452554,673c6e3c1bdcd7f14d4497df,673cca33eee1f86dff640056,,,,,,,,,,,,,,,,,,,,,,,,,,,,,,,,,,,,,,,,,,,,,,,,,,,,,,,,,,,,,,,,,,ressources/step1_stim4.png,ressources/step1_stim1.png,k,0.537,ressources/step2_background2.png,ressources/step2_stim1.png,0.167,1,2,1928,1,1,0,0,0,0,2,s,0,3,0,3,0,1,,,,k,1.2003,,,,,,,,,,,,,,,,,,,,,,,,,,,,,,,,,,,,,,,,,,,,,,,,,,,,,,,,,,,,,,,,,,,,,,,,,,,,,,,,,,,,,,,,,,,,,,,,,,,,,,,,,,,,
,,,,,,,,,,,,,,,,,,,,,,,,,,,,,,,,,,,,,,,,,,,,,,,,,,,,,,,,,,,,,,,,,,138517,001,2024-11-19_12h27.45.750,experiment,2023.2.3,Win32,50,61084dbab48ab21fce452554,673c6e3c1bdcd7f14d4497df,673cca33eee1f86dff640056,,,,,,,,,,,,,,,,,,,,,,,,,,,,,,,,,,,,,,,,,,,,,,,,,,,,,,,,,,,,,,,,,,ressources/step1_stim5.png,ressources/step1_stim2.png,k,0.884,ressources/step2_background2.png,ressources/step2_stim1.png,0.266,5,20,1948,1,0,1,0,0,0,3,k,1,4,0,4,0,1,s,2.7638,,,,,,,,,,,,,,,,,,,,,,,,,,,,,,,,,,,,,,,,,,,,,,,,,,,,,,,,,,,,,,,,,,,,,,,,,,,,,,,,,,,,,,,,,,,,,,,,,,,,,,,,,,,,,,,
,,,,,,,,,,,,,,,,,,,,,,,,,,,,,,,,,,,,,,,,,,,,,,,,,,,,,,,,,,,,,,,,,,138517,001,2024-11-19_12h27.45.750,experiment,2023.2.3,Win32,50,61084dbab48ab21fce452554,673c6e3c1bdcd7f14d4497df,673cca33eee1f86dff640056,,,,,,,,,,,,,,,,,,,,,,,,,,,,,,,,,,,,,,,,,,,,,,,,,,,,,,,,,,,,,,,,,,ressources/step1_stim7.png,ressources/step1_stim8.png,k,0.596,ressources/step2_background2.png,ressources/step2_stim1.png,0.26,1,7,1955,0,0,0,0,0,0,3,k,1,5,0,5,0,1,,,,,,,,,,,,,,,,,,,,,,,,,,,,,,,,,,,,,,,,,,,,,,,,,,,,,,,,,,,,,,,,,,,,,,,,,,,,,,,,,,,,,,,,,,,,,,,,,,,,,,,,,,,,,,,,,
,,,,,,,,,,,,,,,,,,,,,,,,,,,,,,,,,,,,,,,,,,,,,,,,,,,,,,,,,,,,,,,,,,138517,001,2024-11-19_12h27.45.750,experiment,2023.2.3,Win32,50,61084dbab48ab21fce452554,673c6e3c1bdcd7f14d4497df,673cca33eee1f86dff640056,,,,,,,,,,,,,,,,,,,,,,,,,,,,,,,,,,,,,,,,,,,,,,,,,,,,,,,,,,,,,,,,,,ressources/step1_stim3.png,ressources/step1_stim6.png,k,0.953,ressources/step2_background1.png,ressources/step2_stim2.png,0.276,5,15,1970,0,0,0,0,0,0,3,k,1,6,0,6,0,1,,,,,,,,,,,,,,,,,,,,,,,,,,,,,,,,,,,,,,,,,,,,,,,,,,,,,,,,,,,,,,,,,,,,,,,,,,,,,,,,,,,,,,,,,,,,,,,,,,,,,,,,,,,,,,,,,
,,,,,,,,,,,,,,,,,,,,,,,,,,,,,,,,,,,,,,,,,,,,,,,,,,,,,,,,,,,,,,,,,,138517,001,2024-11-19_12h27.45.750,experiment,2023.2.3,Win32,50,61084dbab48ab21fce452554,673c6e3c1bdcd7f14d4497df,673cca33eee1f86dff640056,,,,,,,,,,,,,,,,,,,,,,,,,,,,,,,,,,,,,,,,,,,,,,,,,,,,,,,,,,,,,,,,,,ressources/step1_stim7.png,ressources/step1_stim8.png,k,0.807,ressources/step2_background2.png,ressources/step2_stim1.png,0.05,5,40,2010,1,0,1,0,0,0,4,k,1,7,0,7,0,1,k,1.8832,,,,,,,,,,,,,,,,,,,,,,,,,,,,,,,,,,,,,,,,,,,,,,,,,,,,,,,,,,,,,,,,,,,,,,,,,,,,,,,,,,,,,,,,,,,,,,,,,,,,,,,,,,,,,,,
,,,,,,,,,,,,,,,,,,,,,,,,,,,,,,,,,,,,,,,,,,,,,,,,,,,,,,,,,,,,,,,,,,138517,001,2024-11-19_12h27.45.750,experiment,2023.2.3,Win32,50,61084dbab48ab21fce452554,673c6e3c1bdcd7f14d4497df,673cca33eee1f86dff640056,,,,,,,,,,,,,,,,,,,,,,,,,,,,,,,,,,,,,,,,,,,,,,,,,,,,,,,,,,,,,,,,,,ressources/step1_stim5.png,ressources/step1_stim2.png,k,0.911,ressources/step2_background2.png,ressources/step2_stim1.png,0.105,5,35,2045,0,0,0,0,0,0,4,k,1,8,0,8,0,1,,,,,,,,,,,,,,,,,,,,,,,,,,,,,,,,,,,,,,,,,,,,,,,,,,,,,,,,,,,,,,,,,,,,,,,,,,,,,,,,,,,,,,,,,,,,,,,,,,,,,,,,,,,,,,,,,
,,,,,,,,,,,,,,,,,,,,,,,,,,,,,,,,,,,,,,,,,,,,,,,,,,,,,,,,,,,,,,,,,,138517,001,2024-11-19_12h27.45.750,experiment,2023.2.3,Win32,50,61084dbab48ab21fce452554,673c6e3c1bdcd7f14d4497df,673cca33eee1f86dff640056,,,,,,,,,,,,,,,,,,,,,,,,,,,,,,,,,,,,,,,,,,,,,,,,,,,,,,,,,,,,,,,,,,ressources/step1_stim2.png,ressources/step1_stim5.png,k,0.82,ressources/step2_background1.png,ressources/step2_stim2.png,0.138,5,0,2045,0,0,0,0,0,0,4,s,1,9,0,9,0,1,,,,,,,,,,,,,,,,,,,,,,,,,,,,,,,,,,,,,,,,,,,,,,,,,,,,,,,,,,,,,,,,,,,,,,,,,,,,,,,,,,,,,,,,,,,,,,,,,,,,,,,,,,,,,,,,,
,,,,,,,,,,,,,,,,,,,,,,,,,,,,,,,,,,,,,,,,,,,,,,,,,,,,,,,,,,,,,,,,,,138517,001,2024-11-19_12h27.45.750,experiment,2023.2.3,Win32,50,61084dbab48ab21fce452554,673c6e3c1bdcd7f14d4497df,673cca33eee1f86dff640056,,,,,,,,,,,,,,,,,,,,,,,,,,,,,,,,,,,,,,,,,,,,,,,,,,,,,,,,,,,,,,,,,,ressources/step1_stim3.png,ressources/step1_stim6.png,k,0.908,ressources/step2_background1.png,ressources/step2_stim2.png,0.086,1,1,2046,0,0,0,0,0,0,4,s,1,10,0,10,0,1,,,,,,,,,,,,,,,,,,,,,,,,,,,,,,,,,,,,,,,,,,,,,,,,,,,,,,,,,,,,,,,,,,,,,,,,,,,,,,,,,,,,,,,,,,,,,,,,,,,,,,,,,,,,,,,,,
,,,,,,,,,,,,,,,,,,,,,,,,,,,,,,,,,,,,,,,,,,,,,,,,,,,,,,,,,,,,,,,,,,138517,001,2024-11-19_12h27.45.750,experiment,2023.2.3,Win32,50,61084dbab48ab21fce452554,673c6e3c1bdcd7f14d4497df,673cca33eee1f86dff640056,,,,,,,,,,,,,,,,,,,,,,,,,,,,,,,,,,,,,,,,,,,,,,,,,,,,,,,,,,,,,,,,,,ressources/step1_stim5.png,ressources/step1_stim2.png,k,0.876,ressources/step2_background2.png,ressources/step2_stim1.png,0.318,1,4,2050,0,0,0,0,0,0,4,s,1,11,0,11,0,1,,,,,,,,,,,,,,,,,,,,,,,,,,,,,,,,,,,,,,,,,,,,,,,,,,,,,,,,,,,,,,,,,,,,,,,,,,,,,,,,,,,,,,,,,,,,,,,,,,,,,,,,,,,,,,,,,
,,,,,,,,,,,,,,,,,,,,,,,,,,,,,,,,,,,,,,,,,,,,,,,,,,,,,,,,,,,,,,,,,,138517,001,2024-11-19_12h27.45.750,experiment,2023.2.3,Win32,50,61084dbab48ab21fce452554,673c6e3c1bdcd7f14d4497df,673cca33eee1f86dff640056,,,,,,,,,,,,,,,,,,,,,,,,,,,,,,,,,,,,,,,,,,,,,,,,,,,,,,,,,,,,,,,,,,ressources/step1_stim1.png,ressources/step1_stim4.png,s,0.662,ressources/step2_background2.png,ressources/step2_stim1.png,0.168,5,20,2070,0,0,0,0,0,0,4,k,1,12,0,12,0,1,,,,,,,,,,,,,,,,,,,,,,,,,,,,,,,,,,,,,,,,,,,,,,,,,,,,,,,,,,,,,,,,,,,,,,,,,,,,,,,,,,,,,,,,,,,,,,,,,,,,,,,,,,,,,,,,,
,,,,,,,,,,,,,,,,,,,,,,,,,,,,,,,,,,,,,,,,,,,,,,,,,,,,,,,,,,,,,,,,,,138517,001,2024-11-19_12h27.45.750,experiment,2023.2.3,Win32,50,61084dbab48ab21fce452554,673c6e3c1bdcd7f14d4497df,673cca33eee1f86dff640056,,,,,,,,,,,,,,,,,,,,,,,,,,,,,,,,,,,,,,,,,,,,,,,,,,,,,,,,,,,,,,,,,,ressources/step1_stim2.png,ressources/step1_stim5.png,s,1.402,ressources/step2_background2.png,ressources/step2_stim1.png,0.238,5,20,2090,0,0,0,0,0,0,4,k,1,13,0,13,0,1,,,,,,,,,,,,,,,,,,,,,,,,,,,,,,,,,,,,,,,,,,,,,,,,,,,,,,,,,,,,,,,,,,,,,,,,,,,,,,,,,,,,,,,,,,,,,,,,,,,,,,,,,,,,,,,,,
,,,,,,,,,,,,,,,,,,,,,,,,,,,,,,,,,,,,,,,,,,,,,,,,,,,,,,,,,,,,,,,,,,138517,001,2024-11-19_12h27.45.750,experiment,2023.2.3,Win32,50,61084dbab48ab21fce452554,673c6e3c1bdcd7f14d4497df,673cca33eee1f86dff640056,,,,,,,,,,,,,,,,,,,,,,,,,,,,,,,,,,,,,,,,,,,,,,,,,,,,,,,,,,,,,,,,,,ressources/step1_stim2.png,ressources/step1_stim5.png,s,0.733,ressources/step2_background2.png,ressources/step2_stim1.png,0.355,5,25,2115,1,1,0,0,0,0,5,k,1,14,0,14,0,1,,,,s,1.1261,,,,,,,,,,,,,,,,,,,,,,,,,,,,,,,,,,,,,,,,,,,,,,,,,,,,,,,,,,,,,,,,,,,,,,,,,,,,,,,,,,,,,,,,,,,,,,,,,,,,,,,,,,,,
,,,,,,,,,,,,,,,,,,,,,,,,,,,,,,,,,,,,,,,,,,,,,,,,,,,,,,,,,,,,,,,,,,138517,001,2024-11-19_12h27.45.750,experiment,2023.2.3,Win32,50,61084dbab48ab21fce452554,673c6e3c1bdcd7f14d4497df,673cca33eee1f86dff640056,,,,,,,,,,,,,,,,,,,,,,,,,,,,,,,,,,,,,,,,,,,,,,,,,,,,,,,,,,,,,,,,,,ressources/step1_stim4.png,ressources/step1_stim1.png,k,0.616,ressources/step2_background2.png,ressources/step2_stim1.png,0.114,5,15,2130,0,0,0,0,0,0,5,k,1,15,0,15,0,1,,,,,,,,,,,,,,,,,,,,,,,,,,,,,,,,,,,,,,,,,,,,,,,,,,,,,,,,,,,,,,,,,,,,,,,,,,,,,,,,,,,,,,,,,,,,,,,,,,,,,,,,,,,,,,,,,
,,,,,,,,,,,,,,,,,,,,,,,,,,,,,,,,,,,,,,,,,,,,,,,,,,,,,,,,,,,,,,,,,,138517,001,2024-11-19_12h27.45.750,experiment,2023.2.3,Win32,50,61084dbab48ab21fce452554,673c6e3c1bdcd7f14d4497df,673cca33eee1f86dff640056,,,,,,,,,,,,,,,,,,,,,,,,,,,,,,,,,,,,,,,,,,,,,,,,,,,,,,,,,,,,,,,,,,ressources/step1_stim1.png,ressources/step1_stim4.png,s,0.474,ressources/step2_background2.png,ressources/step2_stim1.png,0.011,5,10,2140,0,0,0,0,0,0,5,k,1,16,0,16,0,1,,,,,,,,,,,,,,,,,,,,,,,,,,,,,,,,,,,,,,,,,,,,,,,,,,,,,,,,,,,,,,,,,,,,,,,,,,,,,,,,,,,,,,,,,,,,,,,,,,,,,,,,,,,,,,,,,
,,,,,,,,,,,,,,,,,,,,,,,,,,,,,,,,,,,,,,,,,,,,,,,,,,,,,,,,,,,,,,,,,,138517,001,2024-11-19_12h27.45.750,experiment,2023.2.3,Win32,50,61084dbab48ab21fce452554,673c6e3c1bdcd7f14d4497df,673cca33eee1f86dff640056,,,,,,,,,,,,,,,,,,,,,,,,,,,,,,,,,,,,,,,,,,,,,,,,,,,,,,,,,,,,,,,,,,ressources/step1_stim8.png,ressources/step1_stim7.png,s,0.669,ressources/step2_background2.png,ressources/step2_stim1.png,0.296,5,10,2150,0,0,0,0,0,0,5,k,1,17,0,17,0,1,,,,,,,,,,,,,,,,,,,,,,,,,,,,,,,,,,,,,,,,,,,,,,,,,,,,,,,,,,,,,,,,,,,,,,,,,,,,,,,,,,,,,,,,,,,,,,,,,,,,,,,,,,,,,,,,,
,,,,,,,,,,,,,,,,,,,,,,,,,,,,,,,,,,,,,,,,,,,,,,,,,,,,,,,,,,,,,,,,,,138517,001,2024-11-19_12h27.45.750,experiment,2023.2.3,Win32,50,61084dbab48ab21fce452554,673c6e3c1bdcd7f14d4497df,673cca33eee1f86dff640056,,,,,,,,,,,,,,,,,,,,,,,,,,,,,,,,,,,,,,,,,,,,,,,,,,,,,,,,,,,,,,,,,,ressources/step1_stim1.png,ressources/step1_stim4.png,s,0.448,ressources/step2_background2.png,ressources/step2_stim1.png,0.194,5,20,2170,0,0,0,0,0,0,5,k,1,18,0,18,0,1,,,,,,,,,,,,,,,,,,,,,,,,,,,,,,,,,,,,,,,,,,,,,,,,,,,,,,,,,,,,,,,,,,,,,,,,,,,,,,,,,,,,,,,,,,,,,,,,,,,,,,,,,,,,,,,,,
,,,,,,,,,,,,,,,,,,,,,,,,,,,,,,,,,,,,,,,,,,,,,,,,,,,,,,,,,,,,,,,,,,138517,001,2024-11-19_12h27.45.750,experiment,2023.2.3,Win32,50,61084dbab48ab21fce452554,673c6e3c1bdcd7f14d4497df,673cca33eee1f86dff640056,,,,,,,,,,,,,,,,,,,,,,,,,,,,,,,,,,,,,,,,,,,,,,,,,,,,,,,,,,,,,,,,,,ressources/step1_stim6.png,ressources/step1_stim3.png,s,0.637,ressources/step2_background1.png,ressources/step2_stim2.png,0.62,1,4,2174,0,0,0,0,0,0,5,s,1,19,0,19,0,1,,,,,,,,,,,,,,,,,,,,,,,,,,,,,,,,,,,,,,,,,,,,,,,,,,,,,,,,,,,,,,,,,,,,,,,,,,,,,,,,,,,,,,,,,,,,,,,,,,,,,,,,,,,,,,,,,
,,,,,,,,,,,,,,,,,,,,,,,,,,,,,,,,,,,,,,,,,,,,,,,,,,,,,,,,,,,,,,,,,,138517,001,2024-11-19_12h27.45.750,experiment,2023.2.3,Win32,50,61084dbab48ab21fce452554,673c6e3c1bdcd7f14d4497df,673cca33eee1f86dff640056,,,,,,,,,,,,,,,,,,,,,,,,,,,,,,,,,,,,,,,,,,,,,,,,,,,,,,,,,,,,,,,,,,ressources/step1_stim6.png,ressources/step1_stim3.png,s,0.768,ressources/step2_background1.png,ressources/step2_stim2.png,0.239,1,3,2177,0,0,0,0,0,0,5,s,1,20,0,20,0,1,,,,,,,,,,,,,,,,,,,,,,,,,,,,,,,,,,,,,,,,,,,,,,,,,,,,,,,,,,,,,,,,,,,,,,,,,,,,,,,,,,,,,,,,,,,,,,,,,,,,,,,,,,,,,,,,,
,,,,,,,,,,,,,,,,,,,,,,,,,,,,,,,,,,,,,,,,,,,,,,,,,,,,,,,,,,,,,,,,,,138517,001,2024-11-19_12h27.45.750,experiment,2023.2.3,Win32,50,61084dbab48ab21fce452554,673c6e3c1bdcd7f14d4497df,673cca33eee1f86dff640056,,,,,,,,,,,,,,,,,,,,,,,,,,,,,,,,,,,,,,,,,,,,,,,,,,,,,,,,,,,,,,,,,,ressources/step1_stim1.png,ressources/step1_stim4.png,s,0.531,ressources/step2_background2.png,ressources/step2_stim1.png,0.301,1,1,2178,0,0,0,0,0,0,5,s,1,21,0,21,0,1,,,,,,,,,,,,,,,,,,,,,,,,,,,,,,,,,,,,,,,,,,,,,,,,,,,,,,,,,,,,,,,,,,,,,,,,,,,,,,,,,,,,,,,,,,,,,,,,,,,,,,,,,,,,,,,,,
,,,,,,,,,,,,,,,,,,,,,,,,,,,,,,,,,,,,,,,,,,,,,,,,,,,,,,,,,,,,,,,,,,138517,001,2024-11-19_12h27.45.750,experiment,2023.2.3,Win32,50,61084dbab48ab21fce452554,673c6e3c1bdcd7f14d4497df,673cca33eee1f86dff640056,,,,,,,,,,,,,,,,,,,,,,,,,,,,,,,,,,,,,,,,,,,,,,,,,,,,,,,,,,,,,,,,,,ressources/step1_stim3.png,ressources/step1_stim6.png,k,0.836,ressources/step2_background1.png,ressources/step2_stim2.png,0.123,1,3,2181,0,0,0,0,0,0,5,s,1,22,0,22,0,1,,,,,,,,,,,,,,,,,,,,,,,,,,,,,,,,,,,,,,,,,,,,,,,,,,,,,,,,,,,,,,,,,,,,,,,,,,,,,,,,,,,,,,,,,,,,,,,,,,,,,,,,,,,,,,,,,
,,,,,,,,,,,,,,,,,,,,,,,,,,,,,,,,,,,,,,,,,,,,,,,,,,,,,,,,,,,,,,,,,,138517,001,2024-11-19_12h27.45.750,experiment,2023.2.3,Win32,50,61084dbab48ab21fce452554,673c6e3c1bdcd7f14d4497df,673cca33eee1f86dff640056,,,,,,,,,,,,,,,,,,,,,,,,,,,,,,,,,,,,,,,,,,,,,,,,,,,,,,,,,,,,,,,,,,ressources/step1_stim7.png,ressources/step1_stim8.png,k,0.911,ressources/step2_background2.png,ressources/step2_stim1.png,0.286,5,10,2191,0,0,0,0,0,0,5,k,1,23,0,23,0,1,,,,,,,,,,,,,,,,,,,,,,,,,,,,,,,,,,,,,,,,,,,,,,,,,,,,,,,,,,,,,,,,,,,,,,,,,,,,,,,,,,,,,,,,,,,,,,,,,,,,,,,,,,,,,,,,,
,,,,,,,,,,,,,,,,,,,,,,,,,,,,,,,,,,,,,,,,,,,,,,,,,,,,,,,,,,,,,,,,,,138517,001,2024-11-19_12h27.45.750,experiment,2023.2.3,Win32,50,61084dbab48ab21fce452554,673c6e3c1bdcd7f14d4497df,673cca33eee1f86dff640056,,,,,,,,,,,,,,,,,,,,,,,,,,,,,,,,,,,,,,,,,,,,,,,,,,,,,,,,,,,,,,,,,,ressources/step1_stim2.png,ressources/step1_stim5.png,s,1.086,ressources/step2_background2.png,ressources/step2_stim1.png,0.153,1,0,2191,0,0,0,0,0,0,5,s,1,24,0,24,0,1,,,,,,,,,,,,,,,,,,,,,,,,,,,,,,,,,,,,,,,,,,,,,,,,,,,,,,,,,,,,,,,,,,,,,,,,,,,,,,,,,,,,,,,,,,,,,,,,,,,,,,,,,,,,,,,,,
,,,,,,,,,,,,,,,,,,,,,,,,,,,,,,,,,,,,,,,,,,,,,,,,,,,,,,,,,,,,,,,,,,138517,001,2024-11-19_12h27.45.750,experiment,2023.2.3,Win32,50,61084dbab48ab21fce452554,673c6e3c1bdcd7f14d4497df,673cca33eee1f86dff640056,,,,,,,,,,,,,,,,,,,,,,,,,,,,,,,,,,,,,,,,,,,,,,,,,,,,,,,,,,,,,,,,,,ressources/step1_stim4.png,ressources/step1_stim1.png,k,0.959,ressources/step2_background2.png,ressources/step2_stim1.png,0.156,1,1,2192,0,0,0,0,0,0,5,s,1,25,0,25,0,1,,,,,,,,,,,,,,,,,,,,,,,,,,,,,,,,,,,,,,,,,,,,,,,,,,,,,,,,,,,,,,,,,,,,,,,,,,,,,,,,,,,,,,,,,,,,,,,,,,,,,,,,,,,,,,,,,
,,,,,,,,,,,,,,,,,,,,,,,,,,,,,,,,,,,,,,,,,,,,,,,,,,,,,,,,,,,,,,,,,,138517,001,2024-11-19_12h27.45.750,experiment,2023.2.3,Win32,50,61084dbab48ab21fce452554,673c6e3c1bdcd7f14d4497df,673cca33eee1f86dff640056,,,,,,,,,,,,,,,,,,,,,,,,,,,,,,,,,,,,,,,,,,,,,,,,,,,,,,,,,,,,,,,,,,ressources/step1_stim7.png,ressources/step1_stim8.png,k,0.598,ressources/step2_background2.png,ressources/step2_stim1.png,0.19,1,1,2193,0,0,0,0,0,0,5,s,1,26,0,26,0,1,,,,,,,,,,,,,,,,,,,,,,,,,,,,,,,,,,,,,,,,,,,,,,,,,,,,,,,,,,,,,,,,,,,,,,,,,,,,,,,,,,,,,,,,,,,,,,,,,,,,,,,,,,,,,,,,,
,,,,,,,,,,,,,,,,,,,,,,,,,,,,,,,,,,,,,,,,,,,,,,,,,,,,,,,,,,,,,,,,,,138517,001,2024-11-19_12h27.45.750,experiment,2023.2.3,Win32,50,61084dbab48ab21fce452554,673c6e3c1bdcd7f14d4497df,673cca33eee1f86dff640056,,,,,,,,,,,,,,,,,,,,,,,,,,,,,,,,,,,,,,,,,,,,,,,,,,,,,,,,,,,,,,,,,,ressources/step1_stim7.png,ressources/step1_stim8.png,k,0.578,ressources/step2_background2.png,ressources/step2_stim1.png,0.474,1,1,2194,0,0,0,0,0,0,5,s,1,27,0,27,0,1,,,,,,,,,,,,,,,,,,,,,,,,,,,,,,,,,,,,,,,,,,,,,,,,,,,,,,,,,,,,,,,,,,,,,,,,,,,,,,,,,,,,,,,,,,,,,,,,,,,,,,,,,,,,,,,,,
,,,,,,,,,,,,,,,,,,,,,,,,,,,,,,,,,,,,,,,,,,,,,,,,,,,,,,,,,,,,,,,,,,138517,001,2024-11-19_12h27.45.750,experiment,2023.2.3,Win32,50,61084dbab48ab21fce452554,673c6e3c1bdcd7f14d4497df,673cca33eee1f86dff640056,,,,,,,,,,,,,,,,,,,,,,,,,,,,,,,,,,,,,,,,,,,,,,,,,,,,,,,,,,,,,,,,,,ressources/step1_stim5.png,ressources/step1_stim2.png,s,0.605,ressources/step2_background1.png,ressources/step2_stim2.png,0.128,1,2,2196,0,0,0,0,0,0,5,s,1,28,0,28,0,1,,,,,,,,,,,,,,,,,,,,,,,,,,,,,,,,,,,,,,,,,,,,,,,,,,,,,,,,,,,,,,,,,,,,,,,,,,,,,,,,,,,,,,,,,,,,,,,,,,,,,,,,,,,,,,,,,
,,,,,,,,,,,,,,,,,,,,,,,,,,,,,,,,,,,,,,,,,,,,,,,,,,,,,,,,,,,,,,,,,,138517,001,2024-11-19_12h27.45.750,experiment,2023.2.3,Win32,50,61084dbab48ab21fce452554,673c6e3c1bdcd7f14d4497df,673cca33eee1f86dff640056,,,,,,,,,,,,,,,,,,,,,,,,,,,,,,,,,,,,,,,,,,,,,,,,,,,,,,,,,,,,,,,,,,ressources/step1_stim5.png,ressources/step1_stim2.png,k,0.789,ressources/step2_background2.png,ressources/step2_stim1.png,0.235,1,3,2199,0,0,0,0,0,0,5,s,1,29,0,29,0,1,,,,,,,,,,,,,,,,,,,,,,,,,,,,,,,,,,,,,,,,,,,,,,,,,,,,,,,,,,,,,,,,,,,,,,,,,,,,,,,,,,,,,,,,,,,,,,,,,,,,,,,,,,,,,,,,,
,,,,,,,,,,,,,,,,,,,,,,,,,,,,,,,,,,,,,,,,,,,,,,,,,,,,,,,,,,,,,,,,,,138517,001,2024-11-19_12h27.45.750,experiment,2023.2.3,Win32,50,61084dbab48ab21fce452554,673c6e3c1bdcd7f14d4497df,673cca33eee1f86dff640056,,,,,,,,,,,,,,,,,,,,,,,,,,,,,,,,,,,,,,,,,,,,,,,,,,,,,,,,,,,,,,,,,,ressources/step1_stim3.png,ressources/step1_stim6.png,k,0.93,ressources/step2_background1.png,ressources/step2_stim2.png,0.206,5,15,2214,0,0,0,0,0,0,5,k,1,30,0,30,0,1,,,,,,,,,,,,,,,,,,,,,,,,,,,,,,,,,,,,,,,,,,,,,,,,,,,,,,,,,,,,,,,,,,,,,,,,,,,,,,,,,,,,,,,,,,,,,,,,,,,,,,,,,,,,,,,,,
,,,,,,,,,,,,,,,,,,,,,,,,,,,,,,,,,,,,,,,,,,,,,,,,,,,,,,,,,,,,,,,,,,138517,001,2024-11-19_12h27.45.750,experiment,2023.2.3,Win32,50,61084dbab48ab21fce452554,673c6e3c1bdcd7f14d4497df,673cca33eee1f86dff640056,,,,,,,,,,,,,,,,,,,,,,,,,,,,,,,,,,,,,,,,,,,,,,,,,,,,,,,,,,,,,,,,,,ressources/step1_stim7.png,ressources/step1_stim8.png,k,0.633,ressources/step2_background2.png,ressources/step2_stim1.png,0.061,5,5,2219,0,0,0,0,0,0,5,s,1,31,0,31,0,1,,,,,,,,,,,,,,,,,,,,,,,,,,,,,,,,,,,,,,,,,,,,,,,,,,,,,,,,,,,,,,,,,,,,,,,,,,,,,,,,,,,,,,,,,,,,,,,,,,,,,,,,,,,,,,,,,
,,,,,,,,,,,,,,,,,,,,,,,,,,,,,,,,,,,,,,,,,,,,,,,,,,,,,,,,,,,,,,,,,,138517,001,2024-11-19_12h27.45.750,experiment,2023.2.3,Win32,50,61084dbab48ab21fce452554,673c6e3c1bdcd7f14d4497df,673cca33eee1f86dff640056,,,,,,,,,,,,,,,,,,,,,,,,,,,,,,,,,,,,,,,,,,,,,,,,,,,,,,,,,,,,,,,,,,ressources/step1_stim6.png,ressources/step1_stim3.png,k,1.093,ressources/step2_background2.png,ressources/step2_stim1.png,0.283,5,10,2229,0,0,0,0,0,0,5,k,1,32,0,32,0,1,,,,,,,,,,,,,,,,,,,,,,,,,,,,,,,,,,,,,,,,,,,,,,,,,,,,,,,,,,,,,,,,,,,,,,,,,,,,,,,,,,,,,,,,,,,,,,,,,,,,,,,,,,,,,,,,,
,,,,,,,,,,,,,,,,,,,,,,,,,,,,,,,,,,,,,,,,,,,,,,,,,,,,,,,,,,,,,,,,,,138517,001,2024-11-19_12h27.45.750,experiment,2023.2.3,Win32,50,61084dbab48ab21fce452554,673c6e3c1bdcd7f14d4497df,673cca33eee1f86dff640056,,,,,,,,,,,,,,,,,,,,,,,,,,,,,,,,,,,,,,,,,,,,,,,,,,,,,,,,,,,,,,,,,,ressources/step1_stim6.png,ressources/step1_stim3.png,k,0.849,ressources/step2_background2.png,ressources/step2_stim1.png,0.503,5,5,2234,0,0,0,0,0,0,5,s,1,33,0,33,0,1,,,,,,,,,,,,,,,,,,,,,,,,,,,,,,,,,,,,,,,,,,,,,,,,,,,,,,,,,,,,,,,,,,,,,,,,,,,,,,,,,,,,,,,,,,,,,,,,,,,,,,,,,,,,,,,,,
,,,,,,,,,,,,,,,,,,,,,,,,,,,,,,,,,,,,,,,,,,,,,,,,,,,,,,,,,,,,,,,,,,138517,001,2024-11-19_12h27.45.750,experiment,2023.2.3,Win32,50,61084dbab48ab21fce452554,673c6e3c1bdcd7f14d4497df,673cca33eee1f86dff640056,,,,,,,,,,,,,,,,,,,,,,,,,,,,,,,,,,,,,,,,,,,,,,,,,,,,,,,,,,,,,,,,,,ressources/step1_stim1.png,ressources/step1_stim4.png,s,0.64,ressources/step2_background2.png,ressources/step2_stim1.png,0.362,1,1,2235,1,0,1,0,0,0,6,s,1,34,0,34,0,1,s,1.8339,,,,,,,,,,,,,,,,,,,,,,,,,,,,,,,,,,,,,,,,,,,,,,,,,,,,,,,,,,,,,,,,,,,,,,,,,,,,,,,,,,,,,,,,,,,,,,,,,,,,,,,,,,,,,,,
,,,,,,,,,,,,,,,,,,,,,,,,,,,,,,,,,,,,,,,,,,,,,,,,,,,,,,,,,,,,,,,,,,138517,001,2024-11-19_12h27.45.750,experiment,2023.2.3,Win32,50,61084dbab48ab21fce452554,673c6e3c1bdcd7f14d4497df,673cca33eee1f86dff640056,,,,,,,,,,,,,,,,,,,,,,,,,,,,,,,,,,,,,,,,,,,,,,,,,,,,,,,,,,,,,,,,,,ressources/step1_stim6.png,ressources/step1_stim3.png,s,0.676,ressources/step2_background1.png,ressources/step2_stim2.png,0.168,1,1,2236,0,0,0,0,0,0,6,s,1,35,0,35,0,1,,,,,,,,,,,,,,,,,,,,,,,,,,,,,,,,,,,,,,,,,,,,,,,,,,,,,,,,,,,,,,,,,,,,,,,,,,,,,,,,,,,,,,,,,,,,,,,,,,,,,,,,,,,,,,,,,
,,,,,,,,,,,,,,,,,,,,,,,,,,,,,,,,,,,,,,,,,,,,,,,,,,,,,,,,,,,,,,,,,,138517,001,2024-11-19_12h27.45.750,experiment,2023.2.3,Win32,50,61084dbab48ab21fce452554,673c6e3c1bdcd7f14d4497df,673cca33eee1f86dff640056,,,,,,,,,,,,,,,,,,,,,,,,,,,,,,,,,,,,,,,,,,,,,,,,,,,,,,,,,,,,,,,,,,ressources/step1_stim1.png,ressources/step1_stim4.png,s,0.543,ressources/step2_background2.png,ressources/step2_stim1.png,0.511,1,1,2237,0,0,0,0,0,0,6,s,1,36,0,36,0,1,,,,,,,,,,,,,,,,,,,,,,,,,,,,,,,,,,,,,,,,,,,,,,,,,,,,,,,,,,,,,,,,,,,,,,,,,,,,,,,,,,,,,,,,,,,,,,,,,,,,,,,,,,,,,,,,,
,,,,,,,,,,,,,,,,,,,,,,,,,,,,,,,,,,,,,,,,,,,,,,,,,,,,,,,,,,,,,,,,,,138517,001,2024-11-19_12h27.45.750,experiment,2023.2.3,Win32,50,61084dbab48ab21fce452554,673c6e3c1bdcd7f14d4497df,673cca33eee1f86dff640056,,,,,,,,,,,,,,,,,,,,,,,,,,,,,,,,,,,,,,,,,,,,,,,,,,,,,,,,,,,,,,,,,,ressources/step1_stim6.png,ressources/step1_stim3.png,s,0.93,ressources/step2_background1.png,ressources/step2_stim2.png,0.117,5,0,2237,0,0,0,0,0,0,6,s,1,37,0,37,0,1,,,,,,,,,,,,,,,,,,,,,,,,,,,,,,,,,,,,,,,,,,,,,,,,,,,,,,,,,,,,,,,,,,,,,,,,,,,,,,,,,,,,,,,,,,,,,,,,,,,,,,,,,,,,,,,,,
,,,,,,,,,,,,,,,,,,,,,,,,,,,,,,,,,,,,,,,,,,,,,,,,,,,,,,,,,,,,,,,,,,138517,001,2024-11-19_12h27.45.750,experiment,2023.2.3,Win32,50,61084dbab48ab21fce452554,673c6e3c1bdcd7f14d4497df,673cca33eee1f86dff640056,,,,,,,,,,,,,,,,,,,,,,,,,,,,,,,,,,,,,,,,,,,,,,,,,,,,,,,,,,,,,,,,,,ressources/step1_stim8.png,ressources/step1_stim7.png,s,0.937,ressources/step2_background2.png,ressources/step2_stim1.png,0.765,5,10,2247,0,0,0,0,0,0,6,k,1,38,0,38,0,1,,,,,,,,,,,,,,,,,,,,,,,,,,,,,,,,,,,,,,,,,,,,,,,,,,,,,,,,,,,,,,,,,,,,,,,,,,,,,,,,,,,,,,,,,,,,,,,,,,,,,,,,,,,,,,,,,
,,,,,,,,,,,,,,,,,,,,,,,,,,,,,,,,,,,,,,,,,,,,,,,,,,,,,,,,,,,,,,,,,,138517,001,2024-11-19_12h27.45.750,experiment,2023.2.3,Win32,50,61084dbab48ab21fce452554,673c6e3c1bdcd7f14d4497df,673cca33eee1f86dff640056,,,,,,,,,,,,,,,,,,,,,,,,,,,,,,,,,,,,,,,,,,,,,,,,,,,,,,,,,,,,,,,,,,ressources/step1_stim8.png,ressources/step1_stim7.png,s,0.689,ressources/step2_background2.png,ressources/step2_stim1.png,0.047,1,4,2251,0,0,0,0,0,0,6,s,1,39,0,39,0,1,,,,,,,,,,,,,,,,,,,,,,,,,,,,,,,,,,,,,,,,,,,,,,,,,,,,,,,,,,,,,,,,,,,,,,,,,,,,,,,,,,,,,,,,,,,,,,,,,,,,,,,,,,,,,,,,,
,,,,,,,,,,,,,,,,,,,,,,,,,,,,,,,,,,,,,,,,,,,,,,,,,,,,,,,,,,,,,,,,,,138517,001,2024-11-19_12h27.45.750,experiment,2023.2.3,Win32,50,61084dbab48ab21fce452554,673c6e3c1bdcd7f14d4497df,673cca33eee1f86dff640056,,,,,,,,,,,,,,,,,,,,,,,,,,,,,,,,,,,,,,,,,,,,,,,,,,,,,,,,,,,,,,,,,,ressources/step1_stim6.png,ressources/step1_stim3.png,s,0.721,ressources/step2_background1.png,ressources/step2_stim2.png,0.807,5,5,2256,0,0,0,0,0,0,6,s,1,40,0,40,0,1,,,,,,,,,,,,,,,,,,,,,,,,,,,,,,,,,,,,,,,,,,,,,,,,,,,,,,,,,,,,,,,,,,,,,,,,,,,,,,,,,,,,,,,,,,,,,,,,,,,,,,,,,,,,,,,,,
,,,,,,,,,,,,,,,,,,,,,,,,,,,,,,,,,,,,,,,,,,,,,,,,,,,,,,,,,,,,,,,,,,138517,001,2024-11-19_12h27.45.750,experiment,2023.2.3,Win32,50,61084dbab48ab21fce452554,673c6e3c1bdcd7f14d4497df,673cca33eee1f86dff640056,,,,,,,,,,,,,,,,,,,,,,,,,,,,,,,,,,,,,,,,,,,,,,,,,,,,,,,,,,,,,,,,,,ressources/step1_stim1.png,ressources/step1_stim4.png,s,0.606,ressources/step2_background2.png,ressources/step2_stim1.png,0.543,5,40,2296,0,0,0,0,0,0,6,k,1,41,0,41,0,1,,,,,,,,,,,,,,,,,,,,,,,,,,,,,,,,,,,,,,,,,,,,,,,,,,,,,,,,,,,,,,,,,,,,,,,,,,,,,,,,,,,,,,,,,,,,,,,,,,,,,,,,,,,,,,,,,
,,,,,,,,,,,,,,,,,,,,,,,,,,,,,,,,,,,,,,,,,,,,,,,,,,,,,,,,,,,,,,,,,,138517,001,2024-11-19_12h27.45.750,experiment,2023.2.3,Win32,50,61084dbab48ab21fce452554,673c6e3c1bdcd7f14d4497df,673cca33eee1f86dff640056,,,,,,,,,,,,,,,,,,,,,,,,,,,,,,,,,,,,,,,,,,,,,,,,,,,,,,,,,,,,,,,,,,ressources/step1_stim3.png,ressources/step1_stim6.png,k,0.672,ressources/step2_background1.png,ressources/step2_stim2.png,1.026,1,3,2299,0,0,0,0,0,0,6,s,1,42,0,42,0,1,,,,,,,,,,,,,,,,,,,,,,,,,,,,,,,,,,,,,,,,,,,,,,,,,,,,,,,,,,,,,,,,,,,,,,,,,,,,,,,,,,,,,,,,,,,,,,,,,,,,,,,,,,,,,,,,,
,,,,,,,,,,,,,,,,,,,,,,,,,,,,,,,,,,,,,,,,,,,,,,,,,,,,,,,,,,,,,,,,,,138517,001,2024-11-19_12h27.45.750,experiment,2023.2.3,Win32,50,61084dbab48ab21fce452554,673c6e3c1bdcd7f14d4497df,673cca33eee1f86dff640056,,,,,,,,,,,,,,,,,,,,,,,,,,,,,,,,,,,,,,,,,,,,,,,,,,,,,,,,,,,,,,,,,,ressources/step1_stim3.png,ressources/step1_stim6.png,s,0.565,ressources/step2_background2.png,ressources/step2_stim1.png,0.124,5,40,2339,0,0,0,0,0,0,6,k,1,43,0,43,0,1,,,,,,,,,,,,,,,,,,,,,,,,,,,,,,,,,,,,,,,,,,,,,,,,,,,,,,,,,,,,,,,,,,,,,,,,,,,,,,,,,,,,,,,,,,,,,,,,,,,,,,,,,,,,,,,,,
,,,,,,,,,,,,,,,,,,,,,,,,,,,,,,,,,,,,,,,,,,,,,,,,,,,,,,,,,,,,,,,,,,138517,001,2024-11-19_12h27.45.750,experiment,2023.2.3,Win32,50,61084dbab48ab21fce452554,673c6e3c1bdcd7f14d4497df,673cca33eee1f86dff640056,,,,,,,,,,,,,,,,,,,,,,,,,,,,,,,,,,,,,,,,,,,,,,,,,,,,,,,,,,,,,,,,,,ressources/step1_stim5.png,ressources/step1_stim2.png,k,0.899,ressources/step2_background2.png,ressources/step2_stim1.png,0.192,1,7,2346,0,0,0,0,0,0,6,k,1,44,0,44,0,1,,,,,,,,,,,,,,,,,,,,,,,,,,,,,,,,,,,,,,,,,,,,,,,,,,,,,,,,,,,,,,,,,,,,,,,,,,,,,,,,,,,,,,,,,,,,,,,,,,,,,,,,,,,,,,,,,
,,,,,,,,,,,,,,,,,,,,,,,,,,,,,,,,,,,,,,,,,,,,,,,,,,,,,,,,,,,,,,,,,,138517,001,2024-11-19_12h27.45.750,experiment,2023.2.3,Win32,50,61084dbab48ab21fce452554,673c6e3c1bdcd7f14d4497df,673cca33eee1f86dff640056,,,,,,,,,,,,,,,,,,,,,,,,,,,,,,,,,,,,,,,,,,,,,,,,,,,,,,,,,,,,,,,,,,ressources/step1_stim1.png,ressources/step1_stim4.png,s,0.467,ressources/step2_background2.png,ressources/step2_stim1.png,0.249,1,6,2352,0,0,0,0,0,0,6,k,1,45,0,45,0,1,,,,,,,,,,,,,,,,,,,,,,,,,,,,,,,,,,,,,,,,,,,,,,,,,,,,,,,,,,,,,,,,,,,,,,,,,,,,,,,,,,,,,,,,,,,,,,,,,,,,,,,,,,,,,,,,,
,,,,,,,,,,,,,,,,,,,,,,,,,,,,,,,,,,,,,,,,,,,,,,,,,,,,,,,,,,,,,,,,,,138517,001,2024-11-19_12h27.45.750,experiment,2023.2.3,Win32,50,61084dbab48ab21fce452554,673c6e3c1bdcd7f14d4497df,673cca33eee1f86dff640056,,,,,,,,,,,,,,,,,,,,,,,,,,,,,,,,,,,,,,,,,,,,,,,,,,,,,,,,,,,,,,,,,,ressources/step1_stim1.png,ressources/step1_stim4.png,s,0.621,ressources/step2_background2.png,ressources/step2_stim1.png,0.269,1,7,2359,0,0,0,0,0,0,6,k,1,46,0,46,0,1,,,,,,,,,,,,,,,,,,,,,,,,,,,,,,,,,,,,,,,,,,,,,,,,,,,,,,,,,,,,,,,,,,,,,,,,,,,,,,,,,,,,,,,,,,,,,,,,,,,,,,,,,,,,,,,,,
,,,,,,,,,,,,,,,,,,,,,,,,,,,,,,,,,,,,,,,,,,,,,,,,,,,,,,,,,,,,,,,,,,138517,001,2024-11-19_12h27.45.750,experiment,2023.2.3,Win32,50,61084dbab48ab21fce452554,673c6e3c1bdcd7f14d4497df,673cca33eee1f86dff640056,,,,,,,,,,,,,,,,,,,,,,,,,,,,,,,,,,,,,,,,,,,,,,,,,,,,,,,,,,,,,,,,,,ressources/step1_stim3.png,ressources/step1_stim6.png,k,1.056,ressources/step2_background1.png,ressources/step2_stim2.png,0.307,1,0,2359,1,0,1,0,0,0,7,s,1,47,0,47,0,1,s,1.3872,,,,,,,,,,,,,,,,,,,,,,,,,,,,,,,,,,,,,,,,,,,,,,,,,,,,,,,,,,,,,,,,,,,,,,,,,,,,,,,,,,,,,,,,,,,,,,,,,,,,,,,,,,,,,,,
,,,,,,,,,,,,,,,,,,,,,,,,,,,,,,,,,,,,,,,,,,,,,,,,,,,,,,,,,,,,,,,,,,138517,001,2024-11-19_12h27.45.750,experiment,2023.2.3,Win32,50,61084dbab48ab21fce452554,673c6e3c1bdcd7f14d4497df,673cca33eee1f86dff640056,,,,,,,,,,,,,,,,,,,,,,,,,,,,,,,,,,,,,,,,,,,,,,,,,,,,,,,,,,,,,,,,,,ressources/step1_stim8.png,ressources/step1_stim7.png,s,0.6,ressources/step2_background2.png,ressources/step2_stim1.png,0.565,1,8,2367,0,0,0,0,0,0,7,k,1,48,0,48,0,1,,,,,,,,,,,,,,,,,,,,,,,,,,,,,,,,,,,,,,,,,,,,,,,,,,,,,,,,,,,,,,,,,,,,,,,,,,,,,,,,,,,,,,,,,,,,,,,,,,,,,,,,,,,,,,,,,
,,,,,,,,,,,,,,,,,,,,,,,,,,,,,,,,,,,,,,,,,,,,,,,,,,,,,,,,,,,,,,,,,,138517,001,2024-11-19_12h27.45.750,experiment,2023.2.3,Win32,50,61084dbab48ab21fce452554,673c6e3c1bdcd7f14d4497df,673cca33eee1f86dff640056,,,,,,,,,,,,,,,,,,,,,,,,,,,,,,,,,,,,,,,,,,,,,,,,,,,,,,,,,,,,,,,,,,ressources/step1_stim7.png,ressources/step1_stim8.png,k,1.28,ressources/step2_background2.png,ressources/step2_stim1.png,0.106,5,40,2407,0,0,0,0,0,0,7,k,1,49,0,49,0,1,,,,,,,,,,,,,,,,,,,,,,,,,,,,,,,,,,,,,,,,,,,,,,,,,,,,,,,,,,,,,,,,,,,,,,,,,,,,,,,,,,,,,,,,,,,,,,,,,,,,,,,,,,,,,,,,,
,,,,,,,,,,,,,,,,,,,,,,,,,,,,,,,,,,,,,,,,,,,,,,,,,,,,,,,,,,,,,,,,,,138517,001,2024-11-19_12h27.45.750,experiment,2023.2.3,Win32,50,61084dbab48ab21fce452554,673c6e3c1bdcd7f14d4497df,673cca33eee1f86dff640056,,,,,,,,,,,,,,,,,,,,,,,,,,,,,,,,,,,,,,,,,,,,,,,,,,,,,,,,,,,,,,,,,,ressources/step1_stim5.png,ressources/step1_stim2.png,k,1.172,ressources/step2_background2.png,ressources/step2_stim1.png,0.095,5,20,2427,1,1,0,0,0,0,8,k,1,50,0,50,0,1,,,,k,1.5668,,,,,,,,,,,,,,,,,,,,,,,,,,,,,,,,,,,,,,,,,,,,,,,,,,,,,,,,,,,,,,,,,,,,,,,,,,,,,,,,,,,,,,,,,,,,,,,,,,,,,,,,,,,,
,,,,,,,,,,,,,,,,,,,,,,,,,,,,,,,,,,,,,,,,,,,,,,,,,,,,,,,,,,,,,,,,,,138517,001,2024-11-19_12h27.45.750,experiment,2023.2.3,Win32,50,61084dbab48ab21fce452554,673c6e3c1bdcd7f14d4497df,673cca33eee1f86dff640056,,,,,,,,,,,,,,,,,,,,,,,,,,,,,,,,,,,,,,,,,,,,,,,,,,,,,,,,,,,,,,,,,,ressources/step1_stim4.png,ressources/step1_stim1.png,k,0.541,ressources/step2_background2.png,ressources/step2_stim1.png,0.461,1,3,2430,0,0,0,0,0,0,8,s,1,51,0,51,0,1,,,,,,,,,,,,,,,,,,,,,,,,,,,,,,,,,,,,,,,,,,,,,,,,,,,,,,,,,,,,,,,,,,,,,,,,,,,,,,,,,,,,,,,,,,,,,,,,,,,,,,,,,,,,,,,,,
,,,,,,,,,,,,,,,,,,,,,,,,,,,,,,,,,,,,,,,,,,,,,,,,,,,,,,,,,,,,,,,,,,138517,001,2024-11-19_12h27.45.750,experiment,2023.2.3,Win32,50,61084dbab48ab21fce452554,673c6e3c1bdcd7f14d4497df,673cca33eee1f86dff640056,,,,,,,,,,,,,,,,,,,,,,,,,,,,,,,,,,,,,,,,,,,,,,,,,,,,,,,,,,,,,,,,,,ressources/step1_stim2.png,ressources/step1_stim5.png,s,0.917,ressources/step2_background2.png,ressources/step2_stim1.png,0.655,5,35,2465,0,0,0,0,0,0,8,k,1,52,0,52,0,1,,,,,,,,,,,,,,,,,,,,,,,,,,,,,,,,,,,,,,,,,,,,,,,,,,,,,,,,,,,,,,,,,,,,,,,,,,,,,,,,,,,,,,,,,,,,,,,,,,,,,,,,,,,,,,,,,
,,,,,,,,,,,,,,,,,,,,,,,,,,,,,,,,,,,,,,,,,,,,,,,,,,,,,,,,,,,,,,,,,,138517,001,2024-11-19_12h27.45.750,experiment,2023.2.3,Win32,50,61084dbab48ab21fce452554,673c6e3c1bdcd7f14d4497df,673cca33eee1f86dff640056,,,,,,,,,,,,,,,,,,,,,,,,,,,,,,,,,,,,,,,,,,,,,,,,,,,,,,,,,,,,,,,,,,ressources/step1_stim7.png,ressources/step1_stim8.png,k,0.606,ressources/step2_background2.png,ressources/step2_stim1.png,0.37,5,25,2490,0,0,0,0,0,0,8,k,1,53,0,53,0,1,,,,,,,,,,,,,,,,,,,,,,,,,,,,,,,,,,,,,,,,,,,,,,,,,,,,,,,,,,,,,,,,,,,,,,,,,,,,,,,,,,,,,,,,,,,,,,,,,,,,,,,,,,,,,,,,,
,,,,,,,,,,,,,,,,,,,,,,,,,,,,,,,,,,,,,,,,,,,,,,,,,,,,,,,,,,,,,,,,,,138517,001,2024-11-19_12h27.45.750,experiment,2023.2.3,Win32,50,61084dbab48ab21fce452554,673c6e3c1bdcd7f14d4497df,673cca33eee1f86dff640056,,,,,,,,,,,,,,,,,,,,,,,,,,,,,,,,,,,,,,,,,,,,,,,,,,,,,,,,,,,,,,,,,,ressources/step1_stim1.png,ressources/step1_stim4.png,s,0.446,ressources/step2_background2.png,ressources/step2_stim1.png,0.32,1,8,2498,0,0,0,0,0,0,8,k,1,54,0,54,0,1,,,,,,,,,,,,,,,,,,,,,,,,,,,,,,,,,,,,,,,,,,,,,,,,,,,,,,,,,,,,,,,,,,,,,,,,,,,,,,,,,,,,,,,,,,,,,,,,,,,,,,,,,,,,,,,,,
,,,,,,,,,,,,,,,,,,,,,,,,,,,,,,,,,,,,,,,,,,,,,,,,,,,,,,,,,,,,,,,,,,138517,001,2024-11-19_12h27.45.750,experiment,2023.2.3,Win32,50,61084dbab48ab21fce452554,673c6e3c1bdcd7f14d4497df,673cca33eee1f86dff640056,,,,,,,,,,,,,,,,,,,,,,,,,,,,,,,,,,,,,,,,,,,,,,,,,,,,,,,,,,,,,,,,,,ressources/step1_stim2.png,ressources/step1_stim5.png,s,1.149,ressources/step2_background2.png,ressources/step2_stim1.png,0.642,5,40,2538,0,0,0,0,0,0,8,k,1,55,0,55,0,1,,,,,,,,,,,,,,,,,,,,,,,,,,,,,,,,,,,,,,,,,,,,,,,,,,,,,,,,,,,,,,,,,,,,,,,,,,,,,,,,,,,,,,,,,,,,,,,,,,,,,,,,,,,,,,,,,
,,,,,,,,,,,,,,,,,,,,,,,,,,,,,,,,,,,,,,,,,,,,,,,,,,,,,,,,,,,,,,,,,,138517,001,2024-11-19_12h27.45.750,experiment,2023.2.3,Win32,50,61084dbab48ab21fce452554,673c6e3c1bdcd7f14d4497df,673cca33eee1f86dff640056,,,,,,,,,,,,,,,,,,,,,,,,,,,,,,,,,,,,,,,,,,,,,,,,,,,,,,,,,,,,,,,,,,ressources/step1_stim8.png,ressources/step1_stim7.png,s,0.64,ressources/step2_background2.png,ressources/step2_stim1.png,0.037,1,8,2546,0,0,0,0,0,0,8,k,1,56,0,56,0,1,,,,,,,,,,,,,,,,,,,,,,,,,,,,,,,,,,,,,,,,,,,,,,,,,,,,,,,,,,,,,,,,,,,,,,,,,,,,,,,,,,,,,,,,,,,,,,,,,,,,,,,,,,,,,,,,,
,,,,,,,,,,,,,,,,,,,,,,,,,,,,,,,,,,,,,,,,,,,,,,,,,,,,,,,,,,,,,,,,,,138517,001,2024-11-19_12h27.45.750,experiment,2023.2.3,Win32,50,61084dbab48ab21fce452554,673c6e3c1bdcd7f14d4497df,673cca33eee1f86dff640056,,,,,,,,,,,,,,,,,,,,,,,,,,,,,,,,,,,,,,,,,,,,,,,,,,,,,,,,,,,,,,,,,,ressources/step1_stim8.png,ressources/step1_stim7.png,s,0.577,ressources/step2_background2.png,ressources/step2_stim1.png,0.026,5,20,2566,0,0,0,0,0,0,8,k,1,57,0,57,0,1,,,,,,,,,,,,,,,,,,,,,,,,,,,,,,,,,,,,,,,,,,,,,,,,,,,,,,,,,,,,,,,,,,,,,,,,,,,,,,,,,,,,,,,,,,,,,,,,,,,,,,,,,,,,,,,,,
,,,,,,,,,,,,,,,,,,,,,,,,,,,,,,,,,,,,,,,,,,,,,,,,,,,,,,,,,,,,,,,,,,138517,001,2024-11-19_12h27.45.750,experiment,2023.2.3,Win32,50,61084dbab48ab21fce452554,673c6e3c1bdcd7f14d4497df,673cca33eee1f86dff640056,,,,,,,,,,,,,,,,,,,,,,,,,,,,,,,,,,,,,,,,,,,,,,,,,,,,,,,,,,,,,,,,,,ressources/step1_stim2.png,ressources/step1_stim5.png,s,0.774,ressources/step2_background2.png,ressources/step2_stim1.png,1.144,5,20,2586,0,0,0,0,0,0,8,k,1,58,0,58,0,1,,,,,,,,,,,,,,,,,,,,,,,,,,,,,,,,,,,,,,,,,,,,,,,,,,,,,,,,,,,,,,,,,,,,,,,,,,,,,,,,,,,,,,,,,,,,,,,,,,,,,,,,,,,,,,,,,
,,,,,,,,,,,,,,,,,,,,,,,,,,,,,,,,,,,,,,,,,,,,,,,,,,,,,,,,,,,,,,,,,,138517,001,2024-11-19_12h27.45.750,experiment,2023.2.3,Win32,50,61084dbab48ab21fce452554,673c6e3c1bdcd7f14d4497df,673cca33eee1f86dff640056,,,,,,,,,,,,,,,,,,,,,,,,,,,,,,,,,,,,,,,,,,,,,,,,,,,,,,,,,,,,,,,,,,ressources/step1_stim8.png,ressources/step1_stim7.png,s,0.713,ressources/step2_background2.png,ressources/step2_stim1.png,0.722,1,2,2588,0,0,0,0,0,0,8,s,1,59,0,59,0,1,,,,,,,,,,,,,,,,,,,,,,,,,,,,,,,,,,,,,,,,,,,,,,,,,,,,,,,,,,,,,,,,,,,,,,,,,,,,,,,,,,,,,,,,,,,,,,,,,,,,,,,,,,,,,,,,,
,,,,,,,,,,,,,,,,,,,,,,,,,,,,,,,,,,,,,,,,,,,,,,,,,,,,,,,,,,,,,,,,,,138517,001,2024-11-19_12h27.45.750,experiment,2023.2.3,Win32,50,61084dbab48ab21fce452554,673c6e3c1bdcd7f14d4497df,673cca33eee1f86dff640056,,,,,,,,,,,,,,,,,,,,,,,,,,,,,,,,,,,,,,,,,,,,,,,,,,,,,,,,,,,,,,,,,,ressources/step1_stim2.png,ressources/step1_stim5.png,s,0.652,ressources/step2_background2.png,ressources/step2_stim1.png,1.162,5,15,2603,0,0,0,0,0,0,8,k,1,60,0,60,0,1,,,,,,,,,,,,,,,,,,,,,,,,,,,,,,,,,,,,,,,,,,,,,,,,,,,,,,,,,,,,,,,,,,,,,,,,,,,,,,,,,,,,,,,,,,,,,,,,,,,,,,,,,,,,,,,,,
,,,,,,,,,,,,,,,,,,,,,,,,,,,,,,,,,,,,,,,,,,,,,,,,,,,,,,,,,,,,,,,,,,138517,001,2024-11-19_12h27.45.750,experiment,2023.2.3,Win32,50,61084dbab48ab21fce452554,673c6e3c1bdcd7f14d4497df,673cca33eee1f86dff640056,,,,,,,,,,,,,,,,,,,,,,,,,,,,,,,,,,,,,,,,,,,,,,,,,,,,,,,,,,,,,,,,,,ressources/step1_stim8.png,ressources/step1_stim7.png,s,0.543,ressources/step2_background2.png,ressources/step2_stim1.png,0.644,1,2,2605,0,0,0,0,0,0,8,s,1,61,0,61,0,1,,,,,,,,,,,,,,,,,,,,,,,,,,,,,,,,,,,,,,,,,,,,,,,,,,,,,,,,,,,,,,,,,,,,,,,,,,,,,,,,,,,,,,,,,,,,,,,,,,,,,,,,,,,,,,,,,
,,,,,,,,,,,,,,,,,,,,,,,,,,,,,,,,,,,,,,,,,,,,,,,,,,,,,,,,,,,,,,,,,,138517,001,2024-11-19_12h27.45.750,experiment,2023.2.3,Win32,50,61084dbab48ab21fce452554,673c6e3c1bdcd7f14d4497df,673cca33eee1f86dff640056,,,,,,,,,,,,,,,,,,,,,,,,,,,,,,,,,,,,,,,,,,,,,,,,,,,,,,,,,,,,,,,,,,ressources/step1_stim6.png,ressources/step1_stim3.png,s,0.879,ressources/step2_background1.png,ressources/step2_stim2.png,1.175,5,5,2610,0,0,0,0,0,0,8,s,1,62,0,62,0,1,,,,,,,,,,,,,,,,,,,,,,,,,,,,,,,,,,,,,,,,,,,,,,,,,,,,,,,,,,,,,,,,,,,,,,,,,,,,,,,,,,,,,,,,,,,,,,,,,,,,,,,,,,,,,,,,,
,,,,,,,,,,,,,,,,,,,,,,,,,,,,,,,,,,,,,,,,,,,,,,,,,,,,,,,,,,,,,,,,,,138517,001,2024-11-19_12h27.45.750,experiment,2023.2.3,Win32,50,61084dbab48ab21fce452554,673c6e3c1bdcd7f14d4497df,673cca33eee1f86dff640056,,,,,,,,,,,,,,,,,,,,,,,,,,,,,,,,,,,,,,,,,,,,,,,,,,,,,,,,,,,,,,,,,,ressources/step1_stim1.png,ressources/step1_stim4.png,s,0.523,ressources/step2_background2.png,ressources/step2_stim1.png,0.74,1,6,2616,1,1,0,0,0,0,9,k,1,63,0,63,0,1,,,,s,0.848,,,,,,,,,,,,,,,,,,,,,,,,,,,,,,,,,,,,,,,,,,,,,,,,,,,,,,,,,,,,,,,,,,,,,,,,,,,,,,,,,,,,,,,,,,,,,,,,,,,,,,,,,,,,
,,,,,,,,,,,,,,,,,,,,,,,,,,,,,,,,,,,,,,,,,,,,,,,,,,,,,,,,,,,,,,,,,,138517,001,2024-11-19_12h27.45.750,experiment,2023.2.3,Win32,50,61084dbab48ab21fce452554,673c6e3c1bdcd7f14d4497df,673cca33eee1f86dff640056,,,,,,,,,,,,,,,,,,,,,,,,,,,,,,,,,,,,,,,,,,,,,,,,,,,,,,,,,,,,,,,,,,ressources/step1_stim5.png,ressources/step1_stim2.png,s,1.238,ressources/step2_background1.png,ressources/step2_stim2.png,0.022,5,10,2626,0,0,0,0,0,0,9,k,1,64,0,64,0,1,,,,,,,,,,,,,,,,,,,,,,,,,,,,,,,,,,,,,,,,,,,,,,,,,,,,,,,,,,,,,,,,,,,,,,,,,,,,,,,,,,,,,,,,,,,,,,,,,,,,,,,,,,,,,,,,,
,,,,,,,,,,,,,,,,,,,,,,,,,,,,,,,,,,,,,,,,,,,,,,,,,,,,,,,,,,,,,,,,,,138517,001,2024-11-19_12h27.45.750,experiment,2023.2.3,Win32,50,61084dbab48ab21fce452554,673c6e3c1bdcd7f14d4497df,673cca33eee1f86dff640056,,,,,,,,,,,,,,,,,,,,,,,,,,,,,,,,,,,,,,,,,,,,,,,,,,,,,,,,,,,,,,,,,,ressources/step1_stim1.png,ressources/step1_stim4.png,s,0.674,ressources/step2_background2.png,ressources/step2_stim1.png,0.294,1,6,2632,0,0,0,0,0,0,9,k,1,65,0,65,0,1,,,,,,,,,,,,,,,,,,,,,,,,,,,,,,,,,,,,,,,,,,,,,,,,,,,,,,,,,,,,,,,,,,,,,,,,,,,,,,,,,,,,,,,,,,,,,,,,,,,,,,,,,,,,,,,,,
,,,,,,,,,,,,,,,,,,,,,,,,,,,,,,,,,,,,,,,,,,,,,,,,,,,,,,,,,,,,,,,,,,138517,001,2024-11-19_12h27.45.750,experiment,2023.2.3,Win32,50,61084dbab48ab21fce452554,673c6e3c1bdcd7f14d4497df,673cca33eee1f86dff640056,,,,,,,,,,,,,,,,,,,,,,,,,,,,,,,,,,,,,,,,,,,,,,,,,,,,,,,,,,,,,,,,,,ressources/step1_stim5.png,ressources/step1_stim2.png,k,0.911,ressources/step2_background2.png,ressources/step2_stim1.png,0.398,1,5,2637,0,0,0,0,0,0,9,s,1,66,0,66,0,1,,,,,,,,,,,,,,,,,,,,,,,,,,,,,,,,,,,,,,,,,,,,,,,,,,,,,,,,,,,,,,,,,,,,,,,,,,,,,,,,,,,,,,,,,,,,,,,,,,,,,,,,,,,,,,,,,
,,,,,,,,,,,,,,,,,,,,,,,,,,,,,,,,,,,,,,,,,,,,,,,,,,,,,,,,,,,,,,,,,,138517,001,2024-11-19_12h27.45.750,experiment,2023.2.3,Win32,50,61084dbab48ab21fce452554,673c6e3c1bdcd7f14d4497df,673cca33eee1f86dff640056,,,,,,,,,,,,,,,,,,,,,,,,,,,,,,,,,,,,,,,,,,,,,,,,,,,,,,,,,,,,,,,,,,ressources/step1_stim5.png,ressources/step1_stim2.png,k,1.073,ressources/step2_background2.png,ressources/step2_stim1.png,1.259,1,2,2639,0,0,0,0,0,0,9,s,1,67,0,67,0,1,,,,,,,,,,,,,,,,,,,,,,,,,,,,,,,,,,,,,,,,,,,,,,,,,,,,,,,,,,,,,,,,,,,,,,,,,,,,,,,,,,,,,,,,,,,,,,,,,,,,,,,,,,,,,,,,,
,,,,,,,,,,,,,,,,,,,,,,,,,,,,,,,,,,,,,,,,,,,,,,,,,,,,,,,,,,,,,,,,,,138517,001,2024-11-19_12h27.45.750,experiment,2023.2.3,Win32,50,61084dbab48ab21fce452554,673c6e3c1bdcd7f14d4497df,673cca33eee1f86dff640056,,,,,,,,,,,,,,,,,,,,,,,,,,,,,,,,,,,,,,,,,,,,,,,,,,,,,,,,,,,,,,,,,,ressources/step1_stim4.png,ressources/step1_stim1.png,k,1.057,ressources/step2_background2.png,ressources/step2_stim1.png,0.288,5,5,2644,0,0,0,0,0,0,9,s,1,68,0,68,0,1,,,,,,,,,,,,,,,,,,,,,,,,,,,,,,,,,,,,,,,,,,,,,,,,,,,,,,,,,,,,,,,,,,,,,,,,,,,,,,,,,,,,,,,,,,,,,,,,,,,,,,,,,,,,,,,,,
,,,,,,,,,,,,,,,,,,,,,,,,,,,,,,,,,,,,,,,,,,,,,,,,,,,,,,,,,,,,,,,,,,138517,001,2024-11-19_12h27.45.750,experiment,2023.2.3,Win32,50,61084dbab48ab21fce452554,673c6e3c1bdcd7f14d4497df,673cca33eee1f86dff640056,,,,,,,,,,,,,,,,,,,,,,,,,,,,,,,,,,,,,,,,,,,,,,,,,,,,,,,,,,,,,,,,,,ressources/step1_stim3.png,ressources/step1_stim6.png,k,0.829,ressources/step2_background1.png,ressources/step2_stim2.png,0.332,1,6,2650,0,0,0,0,0,0,9,k,1,69,0,69,0,1,,,,,,,,,,,,,,,,,,,,,,,,,,,,,,,,,,,,,,,,,,,,,,,,,,,,,,,,,,,,,,,,,,,,,,,,,,,,,,,,,,,,,,,,,,,,,,,,,,,,,,,,,,,,,,,,,
,,,,,,,,,,,,,,,,,,,,,,,,,,,,,,,,,,,,,,,,,,,,,,,,,,,,,,,,,,,,,,,,,,138517,001,2024-11-19_12h27.45.750,experiment,2023.2.3,Win32,50,61084dbab48ab21fce452554,673c6e3c1bdcd7f14d4497df,673cca33eee1f86dff640056,,,,,,,,,,,,,,,,,,,,,,,,,,,,,,,,,,,,,,,,,,,,,,,,,,,,,,,,,,,,,,,,,,ressources/step1_stim1.png,ressources/step1_stim4.png,s,0.598,ressources/step2_background2.png,ressources/step2_stim1.png,0.738,1,2,2652,1,1,0,0,0,0,10,s,1,70,0,70,0,1,,,,s,0.905,,,,,,,,,,,,,,,,,,,,,,,,,,,,,,,,,,,,,,,,,,,,,,,,,,,,,,,,,,,,,,,,,,,,,,,,,,,,,,,,,,,,,,,,,,,,,,,,,,,,,,,,,,,,
,,,,,,,,,,,,,,,,,,,,,,,,,,,,,,,,,,,,,,,,,,,,,,,,,,,,,,,,,,,,,,,,,,138517,001,2024-11-19_12h27.45.750,experiment,2023.2.3,Win32,50,61084dbab48ab21fce452554,673c6e3c1bdcd7f14d4497df,673cca33eee1f86dff640056,,,,,,,,,,,,,,,,,,,,,,,,,,,,,,,,,,,,,,,,,,,,,,,,,,,,,,,,,,,,,,,,,,ressources/step1_stim3.png,ressources/step1_stim6.png,k,0.629,ressources/step2_background1.png,ressources/step2_stim2.png,0.681,5,40,2692,0,0,0,0,0,0,10,k,1,71,0,71,0,1,,,,,,,,,,,,,,,,,,,,,,,,,,,,,,,,,,,,,,,,,,,,,,,,,,,,,,,,,,,,,,,,,,,,,,,,,,,,,,,,,,,,,,,,,,,,,,,,,,,,,,,,,,,,,,,,,
,,,,,,,,,,,,,,,,,,,,,,,,,,,,,,,,,,,,,,,,,,,,,,,,,,,,,,,,,,,,,,,,,,138517,001,2024-11-19_12h27.45.750,experiment,2023.2.3,Win32,50,61084dbab48ab21fce452554,673c6e3c1bdcd7f14d4497df,673cca33eee1f86dff640056,,,,,,,,,,,,,,,,,,,,,,,,,,,,,,,,,,,,,,,,,,,,,,,,,,,,,,,,,,,,,,,,,,ressources/step1_stim3.png,ressources/step1_stim6.png,k,0.806,ressources/step2_background1.png,ressources/step2_stim2.png,0.303,5,45,2737,0,0,0,0,0,0,10,k,1,72,0,72,0,1,,,,,,,,,,,,,,,,,,,,,,,,,,,,,,,,,,,,,,,,,,,,,,,,,,,,,,,,,,,,,,,,,,,,,,,,,,,,,,,,,,,,,,,,,,,,,,,,,,,,,,,,,,,,,,,,,
,,,,,,,,,,,,,,,,,,,,,,,,,,,,,,,,,,,,,,,,,,,,,,,,,,,,,,,,,,,,,,,,,,138517,001,2024-11-19_12h27.45.750,experiment,2023.2.3,Win32,50,61084dbab48ab21fce452554,673c6e3c1bdcd7f14d4497df,673cca33eee1f86dff640056,,,,,,,,,,,,,,,,,,,,,,,,,,,,,,,,,,,,,,,,,,,,,,,,,,,,,,,,,,,,,,,,,,ressources/step1_stim2.png,ressources/step1_stim5.png,s,1.347,ressources/step2_background2.png,ressources/step2_stim1.png,0.858,1,2,2739,0,0,0,0,0,0,10,s,1,73,0,73,0,1,,,,,,,,,,,,,,,,,,,,,,,,,,,,,,,,,,,,,,,,,,,,,,,,,,,,,,,,,,,,,,,,,,,,,,,,,,,,,,,,,,,,,,,,,,,,,,,,,,,,,,,,,,,,,,,,,
,,,,,,,,,,,,,,,,,,,,,,,,,,,,,,,,,,,,,,,,,,,,,,,,,,,,,,,,,,,,,,,,,,138517,001,2024-11-19_12h27.45.750,experiment,2023.2.3,Win32,50,61084dbab48ab21fce452554,673c6e3c1bdcd7f14d4497df,673cca33eee1f86dff640056,,,,,,,,,,,,,,,,,,,,,,,,,,,,,,,,,,,,,,,,,,,,,,,,,,,,,,,,,,,,,,,,,,ressources/step1_stim3.png,ressources/step1_stim6.png,k,0.904,ressources/step2_background1.png,ressources/step2_stim2.png,0.742,1,2,2741,0,0,0,0,0,0,10,s,1,74,0,74,0,1,,,,,,,,,,,,,,,,,,,,,,,,,,,,,,,,,,,,,,,,,,,,,,,,,,,,,,,,,,,,,,,,,,,,,,,,,,,,,,,,,,,,,,,,,,,,,,,,,,,,,,,,,,,,,,,,,
,,,,,,,,,,,,,,,,,,,,,,,,,,,,,,,,,,,,,,,,,,,,,,,,,,,,,,,,,,,,,,,,,,138517,001,2024-11-19_12h27.45.750,experiment,2023.2.3,Win32,50,61084dbab48ab21fce452554,673c6e3c1bdcd7f14d4497df,673cca33eee1f86dff640056,,,,,,,,,,,,,,,,,,,,,,,,,,,,,,,,,,,,,,,,,,,,,,,,,,,,,,,,,,,,,,,,,,ressources/step1_stim5.png,ressources/step1_stim2.png,s,0.645,ressources/step2_background1.png,ressources/step2_stim2.png,0.575,1,4,2745,0,0,0,0,0,0,10,s,1,75,0,75,0,1,,,,,,,,,,,,,,,,,,,,,,,,,,,,,,,,,,,,,,,,,,,,,,,,,,,,,,,,,,,,,,,,,,,,,,,,,,,,,,,,,,,,,,,,,,,,,,,,,,,,,,,,,,,,,,,,,
,,,,,,,,,,,,,,,,,,,,,,,,,,,,,,,,,,,,,,,,,,,,,,,,,,,,,,,,,,,,,,,,,,138517,001,2024-11-19_12h27.45.750,experiment,2023.2.3,Win32,50,61084dbab48ab21fce452554,673c6e3c1bdcd7f14d4497df,673cca33eee1f86dff640056,,,,,,,,,,,,,,,,,,,,,,,,,,,,,,,,,,,,,,,,,,,,,,,,,,,,,,,,,,,,,,,,,,ressources/step1_stim7.png,ressources/step1_stim8.png,k,0.977,ressources/step2_background2.png,ressources/step2_stim1.png,0.455,5,30,2775,0,0,0,0,0,0,10,k,1,76,0,76,0,1,,,,,,,,,,,,,,,,,,,,,,,,,,,,,,,,,,,,,,,,,,,,,,,,,,,,,,,,,,,,,,,,,,,,,,,,,,,,,,,,,,,,,,,,,,,,,,,,,,,,,,,,,,,,,,,,,
,,,,,,,,,,,,,,,,,,,,,,,,,,,,,,,,,,,,,,,,,,,,,,,,,,,,,,,,,,,,,,,,,,138517,001,2024-11-19_12h27.45.750,experiment,2023.2.3,Win32,50,61084dbab48ab21fce452554,673c6e3c1bdcd7f14d4497df,673cca33eee1f86dff640056,,,,,,,,,,,,,,,,,,,,,,,,,,,,,,,,,,,,,,,,,,,,,,,,,,,,,,,,,,,,,,,,,,ressources/step1_stim2.png,ressources/step1_stim5.png,s,0.661,ressources/step2_background2.png,ressources/step2_stim1.png,0.376,5,40,2815,0,0,0,0,0,0,10,k,1,77,0,77,0,1,,,,,,,,,,,,,,,,,,,,,,,,,,,,,,,,,,,,,,,,,,,,,,,,,,,,,,,,,,,,,,,,,,,,,,,,,,,,,,,,,,,,,,,,,,,,,,,,,,,,,,,,,,,,,,,,,
,,,,,,,,,,,,,,,,,,,,,,,,,,,,,,,,,,,,,,,,,,,,,,,,,,,,,,,,,,,,,,,,,,138517,001,2024-11-19_12h27.45.750,experiment,2023.2.3,Win32,50,61084dbab48ab21fce452554,673c6e3c1bdcd7f14d4497df,673cca33eee1f86dff640056,,,,,,,,,,,,,,,,,,,,,,,,,,,,,,,,,,,,,,,,,,,,,,,,,,,,,,,,,,,,,,,,,,ressources/step1_stim5.png,ressources/step1_stim2.png,k,1.048,ressources/step2_background2.png,ressources/step2_stim1.png,0.277,5,35,2850,0,0,0,0,0,0,10,k,1,78,0,78,0,1,,,,,,,,,,,,,,,,,,,,,,,,,,,,,,,,,,,,,,,,,,,,,,,,,,,,,,,,,,,,,,,,,,,,,,,,,,,,,,,,,,,,,,,,,,,,,,,,,,,,,,,,,,,,,,,,,
,,,,,,,,,,,,,,,,,,,,,,,,,,,,,,,,,,,,,,,,,,,,,,,,,,,,,,,,,,,,,,,,,,138517,001,2024-11-19_12h27.45.750,experiment,2023.2.3,Win32,50,61084dbab48ab21fce452554,673c6e3c1bdcd7f14d4497df,673cca33eee1f86dff640056,,,,,,,,,,,,,,,,,,,,,,,,,,,,,,,,,,,,,,,,,,,,,,,,,,,,,,,,,,,,,,,,,,ressources/step1_stim3.png,ressources/step1_stim6.png,s,1.227,ressources/step2_background2.png,ressources/step2_stim1.png,0.175,1,6,2856,0,0,0,0,0,0,10,k,1,79,0,79,0,1,,,,,,,,,,,,,,,,,,,,,,,,,,,,,,,,,,,,,,,,,,,,,,,,,,,,,,,,,,,,,,,,,,,,,,,,,,,,,,,,,,,,,,,,,,,,,,,,,,,,,,,,,,,,,,,,,
,,,,,,,,,,,,,,,,,,,,,,,,,,,,,,,,,,,,,,,,,,,,,,,,,,,,,,,,,,,,,,,,,,138517,001,2024-11-19_12h27.45.750,experiment,2023.2.3,Win32,50,61084dbab48ab21fce452554,673c6e3c1bdcd7f14d4497df,673cca33eee1f86dff640056,,,,,,,,,,,,,,,,,,,,,,,,,,,,,,,,,,,,,,,,,,5,,,,,,,,,,,,,2,,,,,,,,,,,,,,,,,,,,,,,,,,,,,,,,,,,,,,,,,space,60.1929,,space,44.339,,s,0.8959,,,2,blue_gnome,2,8,bright_forest,red_basket,brown_gnome,2,1,dark_forest,yellow_basket,0,0,1,0,blue_gnome,bright_forest,red_basket,0,-2,-1,0,0,0,5,1,,,,,,,,,,,,,,,,,,,,,,,,,,,,,,,,,,,,,,,,,,,,,,,,,,,,,,,,,,,,,,,,,,,,,,,
,,,,,,,,,,,,,,,,,,,,,,,,,,,,,,,,,,,,,,,,,,,,,,,,,,,,,,,,,,,,,,,,,,138517,001,2024-11-19_12h27.45.750,experiment,2023.2.3,Win32,50,61084dbab48ab21fce452554,673c6e3c1bdcd7f14d4497df,673cca33eee1f86dff640056,,,,,,,,,,,,,,,,,,,,,,,,,,,,,,,,,,,,,,,,,,5,,,,,,,,,,,,,2,,,,,,,,,,,,,,,,,,,,,,,,,,,,,,,,,,,,,,,,,,,,,,,k,0.3291,,space,2,blue_gnome,2,6,bright_forest,red_basket,brown_gnome,2,0,dark_forest,yellow_basket,0,0,0,1,brown_gnome,dark_forest,yellow_basket,0,0,2,0,1,1,5,1,0.3156,,,,,,,,,,,,,,,,,,,,,,,,,,,,,,,,,,,,,,,,,,,,,,,,,,,,,,,,,,,,,,,,,,,,,,
,,,,,,,,,,,,,,,,,,,,,,,,,,,,,,,,,,,,,,,,,,,,,,,,,,,,,,,,,,,,,,,,,,138517,001,2024-11-19_12h27.45.750,experiment,2023.2.3,Win32,50,61084dbab48ab21fce452554,673c6e3c1bdcd7f14d4497df,673cca33eee1f86dff640056,,,,,,,,,,,,,,,,,,,,,,,,,,,,,,,,,,,,,,,,,,1,,,,,,,,,,,,,3,,,,,,,,,,,,,,,,,,,,,,,,,,,,,,,,,,,,,,,,,,,,,,,k,0.6874,,space,3,green_gnome,3,6,bright_forest,red_basket,purple_gnome,3,2,dark_forest,yellow_basket,2,0,0,1,purple_gnome,dark_forest,yellow_basket,2,-1,2,0,2,2,2,1,0.065,,,,,,,,,,,,,,,,,,,,,,,,,,,,,,,,,,,,,,,,,,,,,,,,,,,,,,,,,,,,,,,,,,,,,,
,,,,,,,,,,,,,,,,,,,,,,,,,,,,,,,,,,,,,,,,,,,,,,,,,,,,,,,,,,,,,,,,,,138517,001,2024-11-19_12h27.45.750,experiment,2023.2.3,Win32,50,61084dbab48ab21fce452554,673c6e3c1bdcd7f14d4497df,673cca33eee1f86dff640056,,,,,,,,,,,,,,,,,,,,,,,,,,,,,,,,,,,,,,,,,,1,,,,,,,,,,,,,2,,,,,,,,,,,,,,,,,,,,,,,,,,,,,,,,,,,,,,,,,,,,,,,k,0.7047,,space,2,brown_gnome,2,4,dark_forest,yellow_basket,blue_gnome,2,5,bright_forest,red_basket,5,0,0,1,blue_gnome,bright_forest,red_basket,7,1,2,0,3,3,1,1,0.2944,,,,,,,,,,,,,,,,,,,,,,,,,,,,,,,,,,,,,,,,,,,,,,,,,,,,,,,,,,,,,,,,,,,,,,
,,,,,,,,,,,,,,,,,,,,,,,,,,,,,,,,,,,,,,,,,,,,,,,,,,,,,,,,,,,,,,,,,,138517,001,2024-11-19_12h27.45.750,experiment,2023.2.3,Win32,50,61084dbab48ab21fce452554,673c6e3c1bdcd7f14d4497df,673cca33eee1f86dff640056,,,,,,,,,,,,,,,,,,,,,,,,,,,,,,,,,,,,,,,,,,5,,,,,,,,,,,,,4,,,,,,,,,,,,,,,,,,,,,,,,,,,,,,,,,,,,,,,,,,,,,,,s,0.6481,,space,4,red_gnome,4,6,bright_forest,red_basket,pink_gnome,4,6,dark_forest,yellow_basket,30,0,0,1,red_gnome,bright_forest,red_basket,37,1,0,0,4,4,7,1,0.3062,,,,,,,,,,,,,,,,,,,,,,,,,,,,,,,,,,,,,,,,,,,,,,,,,,,,,,,,,,,,,,,,,,,,,,
,,,,,,,,,,,,,,,,,,,,,,,,,,,,,,,,,,,,,,,,,,,,,,,,,,,,,,,,,,,,,,,,,,138517,001,2024-11-19_12h27.45.750,experiment,2023.2.3,Win32,50,61084dbab48ab21fce452554,673c6e3c1bdcd7f14d4497df,673cca33eee1f86dff640056,,,,,,,,,,,,,,,,,,,,,,,,,,,,,,,,,,,,,,,,,,5,,,,,,,,,,,,,4,,,,,,,,,,,,,,,,,,,,,,,,,,,,,,,,,,,,,,,,,,,,,,,k,0.5763,,space,4,pink_gnome,4,6,dark_forest,yellow_basket,red_gnome,4,7,bright_forest,red_basket,35,0,0,1,red_gnome,bright_forest,red_basket,72,0,4,0,5,5,7,1,0.0438,,,,,,,,,,,,,,,,,,,,,,,,,,,,,,,,,,,,,,,,,,,,,,,,,,,,,,,,,,,,,,,,,,,,,,
,,,,,,,,,,,,,,,,,,,,,,,,,,,,,,,,,,,,,,,,,,,,,,,,,,,,,,,,,,,,,,,,,,138517,001,2024-11-19_12h27.45.750,experiment,2023.2.3,Win32,50,61084dbab48ab21fce452554,673c6e3c1bdcd7f14d4497df,673cca33eee1f86dff640056,,,,,,,,,,,,,,,,,,,,,,,,,,,,,,,,,,,,,,,,,,5,,,,,,,,,,,,,2,,,,,,,,,,,,,,,,,,,,,,,,,,,,,,,,,,,,,,,,,,,,,,,k,0.3687,,space,2,brown_gnome,2,8,dark_forest,yellow_basket,blue_gnome,2,7,bright_forest,red_basket,35,0,0,1,blue_gnome,bright_forest,red_basket,107,1,0,0,6,6,5,1,0.1083,,,,,,,,,,,,,,,,,,,,,,,,,,,,,,,,,,,,,,,,,,,,,,,,,,,,,,,,,,,,,,,,,,,,,,
,,,,,,,,,,,,,,,,,,,,,,,,,,,,,,,,,,,,,,,,,,,,,,,,,,,,,,,,,,,,,,,,,,138517,001,2024-11-19_12h27.45.750,experiment,2023.2.3,Win32,50,61084dbab48ab21fce452554,673c6e3c1bdcd7f14d4497df,673cca33eee1f86dff640056,,,,,,,,,,,,,,,,,,,,,,,,,,,,,,,,,,,,,,,,,,5,,,,,,,,,,,,,1,,,,,,,,,,,,,,,,,,,,,,,,,,,,,,,,,,,,,,,,,,,,,,,k,0.3405,,space,1,orange_gnome,1,8,dark_forest,yellow_basket,yellow_gnome,1,8,bright_forest,red_basket,40,0,0,1,yellow_gnome,bright_forest,red_basket,147,3,3,0,7,7,4,1,0.3318,,,,,,,,,,,,,,,,,,,,,,,,,,,,,,,,,,,,,,,,,,,,,,,,,,,,,,,,,,,,,,,,,,,,,,
,,,,,,,,,,,,,,,,,,,,,,,,,,,,,,,,,,,,,,,,,,,,,,,,,,,,,,,,,,,,,,,,,,138517,001,2024-11-19_12h27.45.750,experiment,2023.2.3,Win32,50,61084dbab48ab21fce452554,673c6e3c1bdcd7f14d4497df,673cca33eee1f86dff640056,,,,,,,,,,,,,,,,,,,,,,,,,,,,,,,,,,,,,,,,,,1,,,,,,,,,,,,,4,,,,,,,,,,,,,,,,,,,,,,,,,,,,,,,,,,,,,,,,,,,,,,,k,0.3656,,space,4,pink_gnome,4,7,dark_forest,yellow_basket,red_gnome,4,7,bright_forest,red_basket,7,0,0,1,red_gnome,bright_forest,red_basket,154,-3,1,1,0,8,3,1,0.2838,,,,,,,,,,,,,,,,,,,,,,,,,,,,,,,,,,,,,,,,,,,,,,,,,,,,,,,,,,,,,,,,,,,,,,
,,,,,,,,,,,,,,,,,,,,,,,,,,,,,,,,,,,,,,,,,,,,,,,,,,,,,,,,,,,,,,,,,,138517,001,2024-11-19_12h27.45.750,experiment,2023.2.3,Win32,50,61084dbab48ab21fce452554,673c6e3c1bdcd7f14d4497df,673cca33eee1f86dff640056,,,,,,,,,,,,,,,,,,,,,,,,,,,,,,,,,,,,,,,,,,5,,,,,,,,,,,,,3,,,,,,,,,,,,,,,,,,,,,,,,,,,,,,,,,,,,,,,,,,,,,,,k,0.4731,,space,3,purple_gnome,3,8,dark_forest,yellow_basket,green_gnome,3,4,bright_forest,red_basket,20,0,0,1,green_gnome,bright_forest,red_basket,174,1,-2,1,1,9,6,1,0.4064,,,,,,,,,,,,,,,,,,,,,,,,,,,,,,,,,,,,,,,,,,,,,,,,,,,,,,,,,,,,,,,,,,,,,,
,,,,,,,,,,,,,,,,,,,,,,,,,,,,,,,,,,,,,,,,,,,,,,,,,,,,,,,,,,,,,,,,,,138517,001,2024-11-19_12h27.45.750,experiment,2023.2.3,Win32,50,61084dbab48ab21fce452554,673c6e3c1bdcd7f14d4497df,673cca33eee1f86dff640056,,,,,,,,,,,,,,,,,,,,,,,,,,,,,,,,,,,,,,,,,,1,,,,,,,,,,,,,4,,,,,,,,,,,,,,,,,,,,,,,,,,,,,,,,,,,,,,,,,,,,,,,s,0.3252,,space,4,red_gnome,4,5,bright_forest,red_basket,pink_gnome,4,6,dark_forest,yellow_basket,5,0,0,1,red_gnome,bright_forest,red_basket,179,-3,0,1,2,10,3,1,0.2488,,,,,,,,,,,,,,,,,,,,,,,,,,,,,,,,,,,,,,,,,,,,,,,,,,,,,,,,,,,,,,,,,,,,,,
,,,,,,,,,,,,,,,,,,,,,,,,,,,,,,,,,,,,,,,,,,,,,,,,,,,,,,,,,,,,,,,,,,138517,001,2024-11-19_12h27.45.750,experiment,2023.2.3,Win32,50,61084dbab48ab21fce452554,673c6e3c1bdcd7f14d4497df,673cca33eee1f86dff640056,,,,,,,,,,,,,,,,,,,,,,,,,,,,,,,,,,,,,,,,,,1,,,,,,,,,,,,,2,,,,,,,,,,,,,,,,,,,,,,,,,,,,,,,,,,,,,,,,,,,,,,,s,0.3287,,space,2,brown_gnome,2,6,dark_forest,yellow_basket,blue_gnome,2,2,bright_forest,red_basket,6,0,0,1,brown_gnome,dark_forest,yellow_basket,185,1,3,1,3,11,1,1,0.2568,,,,,,,,,,,,,,,,,,,,,,,,,,,,,,,,,,,,,,,,,,,,,,,,,,,,,,,,,,,,,,,,,,,,,,
,,,,,,,,,,,,,,,,,,,,,,,,,,,,,,,,,,,,,,,,,,,,,,,,,,,,,,,,,,,,,,,,,,138517,001,2024-11-19_12h27.45.750,experiment,2023.2.3,Win32,50,61084dbab48ab21fce452554,673c6e3c1bdcd7f14d4497df,673cca33eee1f86dff640056,,,,,,,,,,,,,,,,,,,,,,,,,,,,,,,,,,,,,,,,,,1,,,,,,,,,,,,,4,,,,,,,,,,,,,,,,,,,,,,,,,,,,,,,,,,,,,,,,,,,,,,,s,0.3467,,space,4,red_gnome,4,3,bright_forest,red_basket,pink_gnome,4,9,dark_forest,yellow_basket,3,0,0,1,red_gnome,bright_forest,red_basket,188,0,2,1,4,12,3,1,0.348,,,,,,,,,,,,,,,,,,,,,,,,,,,,,,,,,,,,,,,,,,,,,,,,,,,,,,,,,,,,,,,,,,,,,,
,,,,,,,,,,,,,,,,,,,,,,,,,,,,,,,,,,,,,,,,,,,,,,,,,,,,,,,,,,,,,,,,,,138517,001,2024-11-19_12h27.45.750,experiment,2023.2.3,Win32,50,61084dbab48ab21fce452554,673c6e3c1bdcd7f14d4497df,673cca33eee1f86dff640056,,,,,,,,,,,,,,,,,,,,,,,,,,,,,,,,,,,,,,,,,,5,,,,,,,,,,,,,3,,,,,,,,,,,,,,,,,,,,,,,,,,,,,,,,,,,,,,,,,,,,,,,k,0.4097,,space,3,green_gnome,3,3,bright_forest,red_basket,purple_gnome,3,7,dark_forest,yellow_basket,35,0,0,1,purple_gnome,dark_forest,yellow_basket,223,1,0,1,5,13,6,1,0.2762,,,,,,,,,,,,,,,,,,,,,,,,,,,,,,,,,,,,,,,,,,,,,,,,,,,,,,,,,,,,,,,,,,,,,,
,,,,,,,,,,,,,,,,,,,,,,,,,,,,,,,,,,,,,,,,,,,,,,,,,,,,,,,,,,,,,,,,,,138517,001,2024-11-19_12h27.45.750,experiment,2023.2.3,Win32,50,61084dbab48ab21fce452554,673c6e3c1bdcd7f14d4497df,673cca33eee1f86dff640056,,,,,,,,,,,,,,,,,,,,,,,,,,,,,,,,,,,,,,,,,,5,,,,,,,,,,,,,2,,,,,,,,,,,,,,,,,,,,,,,,,,,,,,,,,,,,,,,,,,,,,,,k,0.3257,,space,2,brown_gnome,2,7,dark_forest,yellow_basket,blue_gnome,2,4,bright_forest,red_basket,20,0,0,1,blue_gnome,bright_forest,red_basket,243,3,2,1,6,14,5,1,0.2791,,,,,,,,,,,,,,,,,,,,,,,,,,,,,,,,,,,,,,,,,,,,,,,,,,,,,,,,,,,,,,,,,,,,,,
,,,,,,,,,,,,,,,,,,,,,,,,,,,,,,,,,,,,,,,,,,,,,,,,,,,,,,,,,,,,,,,,,,138517,001,2024-11-19_12h27.45.750,experiment,2023.2.3,Win32,50,61084dbab48ab21fce452554,673c6e3c1bdcd7f14d4497df,673cca33eee1f86dff640056,,,,,,,,,,,,,,,,,,,,,,,,,,,,,,,,,,,,,,,,,,5,,,,,,,,,,,,,3,,,,,,,,,,,,,,,,,,,,,,,,,,,,,,,,,,,,,,,,,,,,,,,k,0.345,,space,3,green_gnome,3,7,bright_forest,red_basket,purple_gnome,3,9,dark_forest,yellow_basket,45,0,0,1,purple_gnome,dark_forest,yellow_basket,288,0,0,1,7,15,6,1,0.3222,,,,,,,,,,,,,,,,,,,,,,,,,,,,,,,,,,,,,,,,,,,,,,,,,,,,,,,,,,,,,,,,,,,,,,
,,,,,,,,,,,,,,,,,,,,,,,,,,,,,,,,,,,,,,,,,,,,,,,,,,,,,,,,,,,,,,,,,,138517,001,2024-11-19_12h27.45.750,experiment,2023.2.3,Win32,50,61084dbab48ab21fce452554,673c6e3c1bdcd7f14d4497df,673cca33eee1f86dff640056,,,,,,,,,,,,,,,,,,,,,,,,,,,,,,,,,,,,,,,,,,5,,,,,,,,,,,,,4,,,,,,,,,,,,,,,,,,,,,,,,,,,,,,,,,,,,,,,,,,,,,,,k,0.623,,space,4,pink_gnome,4,9,dark_forest,yellow_basket,red_gnome,4,7,bright_forest,red_basket,35,0,0,1,red_gnome,bright_forest,red_basket,323,2,1,2,0,16,7,1,0.2224,,,,,,,,,,,,,,,,,,,,,,,,,,,,,,,,,,,,,,,,,,,,,,,,,,,,,,,,,,,,,,,,,,,,,,
,,,,,,,,,,,,,,,,,,,,,,,,,,,,,,,,,,,,,,,,,,,,,,,,,,,,,,,,,,,,,,,,,,138517,001,2024-11-19_12h27.45.750,experiment,2023.2.3,Win32,50,61084dbab48ab21fce452554,673c6e3c1bdcd7f14d4497df,673cca33eee1f86dff640056,,,,,,,,,,,,,,,,,,,,,,,,,,,,,,,,,,,,,,,,,,1,,,,,,,,,,,,,2,,,,,,,,,,,,,,,,,,,,,,,,,,,,,,,,,,,,,,,,,,,,,,,s,0.3721,,space,2,brown_gnome,2,8,dark_forest,yellow_basket,blue_gnome,2,9,bright_forest,red_basket,8,0,0,1,brown_gnome,dark_forest,yellow_basket,331,1,1,2,1,17,1,1,0.191,,,,,,,,,,,,,,,,,,,,,,,,,,,,,,,,,,,,,,,,,,,,,,,,,,,,,,,,,,,,,,,,,,,,,,
,,,,,,,,,,,,,,,,,,,,,,,,,,,,,,,,,,,,,,,,,,,,,,,,,,,,,,,,,,,,,,,,,,138517,001,2024-11-19_12h27.45.750,experiment,2023.2.3,Win32,50,61084dbab48ab21fce452554,673c6e3c1bdcd7f14d4497df,673cca33eee1f86dff640056,,,,,,,,,,,,,,,,,,,,,,,,,,,,,,,,,,,,,,,,,,5,,,,,,,,,,,,,2,,,,,,,,,,,,,,,,,,,,,,,,,,,,,,,,,,,,,,,,,,,,,,,k,0.9159,,space,2,blue_gnome,2,8,bright_forest,red_basket,brown_gnome,2,9,dark_forest,yellow_basket,45,0,0,1,brown_gnome,dark_forest,yellow_basket,376,1,-4,2,2,18,5,1,0.3692,,,,,,,,,,,,,,,,,,,,,,,,,,,,,,,,,,,,,,,,,,,,,,,,,,,,,,,,,,,,,,,,,,,,,,
,,,,,,,,,,,,,,,,,,,,,,,,,,,,,,,,,,,,,,,,,,,,,,,,,,,,,,,,,,,,,,,,,,138517,001,2024-11-19_12h27.45.750,experiment,2023.2.3,Win32,50,61084dbab48ab21fce452554,673c6e3c1bdcd7f14d4497df,673cca33eee1f86dff640056,,,,,,,,,,,,,,,,,,,,,,,,,,,,,,,,,,,,,,,,,,1,,,,,,,,,,,,,4,,,,,,,,,,,,,,,,,,,,,,,,,,,,,,,,,,,,,,,,,,,,,,,s,0.5361,,space,4,pink_gnome,4,5,dark_forest,yellow_basket,red_gnome,4,9,bright_forest,red_basket,5,0,0,1,pink_gnome,dark_forest,yellow_basket,381,1,-2,2,3,19,3,1,0.2873,,,,,,,,,,,,,,,,,,,,,,,,,,,,,,,,,,,,,,,,,,,,,,,,,,,,,,,,,,,,,,,,,,,,,,
,,,,,,,,,,,,,,,,,,,,,,,,,,,,,,,,,,,,,,,,,,,,,,,,,,,,,,,,,,,,,,,,,,138517,001,2024-11-19_12h27.45.750,experiment,2023.2.3,Win32,50,61084dbab48ab21fce452554,673c6e3c1bdcd7f14d4497df,673cca33eee1f86dff640056,,,,,,,,,,,,,,,,,,,,,,,,,,,,,,,,,,,,,,,,,,5,,,,,,,,,,,,,3,,,,,,,,,,,,,,,,,,,,,,,,,,,,,,,,,,,,,,,,,,,,,,,k,0.3964,,space,3,purple_gnome,3,3,dark_forest,yellow_basket,green_gnome,3,8,bright_forest,red_basket,40,0,0,1,green_gnome,bright_forest,red_basket,421,3,-1,2,4,20,6,1,0.1508,,,,,,,,,,,,,,,,,,,,,,,,,,,,,,,,,,,,,,,,,,,,,,,,,,,,,,,,,,,,,,,,,,,,,,
,,,,,,,,,,,,,,,,,,,,,,,,,,,,,,,,,,,,,,,,,,,,,,,,,,,,,,,,,,,,,,,,,,138517,001,2024-11-19_12h27.45.750,experiment,2023.2.3,Win32,50,61084dbab48ab21fce452554,673c6e3c1bdcd7f14d4497df,673cca33eee1f86dff640056,,,,,,,,,,,,,,,,,,,,,,,,,,,,,,,,,,,,,,,,,,1,,,,,,,,,,,,,3,,,,,,,,,,,,,,,,,,,,,,,,,,,,,,,,,,,,,,,,,,,,,,,s,0.3505,,space,3,purple_gnome,3,2,dark_forest,yellow_basket,green_gnome,3,7,bright_forest,red_basket,2,0,0,1,purple_gnome,dark_forest,yellow_basket,423,1,1,2,5,21,2,1,0.2961,,,,,,,,,,,,,,,,,,,,,,,,,,,,,,,,,,,,,,,,,,,,,,,,,,,,,,,,,,,,,,,,,,,,,,
,,,,,,,,,,,,,,,,,,,,,,,,,,,,,,,,,,,,,,,,,,,,,,,,,,,,,,,,,,,,,,,,,,138517,001,2024-11-19_12h27.45.750,experiment,2023.2.3,Win32,50,61084dbab48ab21fce452554,673c6e3c1bdcd7f14d4497df,673cca33eee1f86dff640056,,,,,,,,,,,,,,,,,,,,,,,,,,,,,,,,,,,,,,,,,,5,,,,,,,,,,,,,1,,,,,,,,,,,,,,,,,,,,,,,,,,,,,,,,,,,,,,,,,,,,,,,k,1.0678,,space,1,yellow_gnome,1,8,bright_forest,red_basket,orange_gnome,1,3,dark_forest,yellow_basket,15,0,0,1,orange_gnome,dark_forest,yellow_basket,438,1,0,2,6,22,4,1,0.0274,,,,,,,,,,,,,,,,,,,,,,,,,,,,,,,,,,,,,,,,,,,,,,,,,,,,,,,,,,,,,,,,,,,,,,
,,,,,,,,,,,,,,,,,,,,,,,,,,,,,,,,,,,,,,,,,,,,,,,,,,,,,,,,,,,,,,,,,,138517,001,2024-11-19_12h27.45.750,experiment,2023.2.3,Win32,50,61084dbab48ab21fce452554,673c6e3c1bdcd7f14d4497df,673cca33eee1f86dff640056,,,,,,,,,,,,,,,,,,,,,,,,,,,,,,,,,,,,,,,,,,1,,,,,,,,,,,,,4,,,,,,,,,,,,,,,,,,,,,,,,,,,,,,,,,,,,,,,,,,,,,,,s,0.1988,,space,4,pink_gnome,4,3,dark_forest,yellow_basket,red_gnome,4,9,bright_forest,red_basket,3,0,0,1,pink_gnome,dark_forest,yellow_basket,441,-1,2,2,7,23,3,1,0.1464,,,,,,,,,,,,,,,,,,,,,,,,,,,,,,,,,,,,,,,,,,,,,,,,,,,,,,,,,,,,,,,,,,,,,,
,,,,,,,,,,,,,,,,,,,,,,,,,,,,,,,,,,,,,,,,,,,,,,,,,,,,,,,,,,,,,,,,,,138517,001,2024-11-19_12h27.45.750,experiment,2023.2.3,Win32,50,61084dbab48ab21fce452554,673c6e3c1bdcd7f14d4497df,673cca33eee1f86dff640056,,,,,,,,,,,,,,,,,,,,,,,,,,,,,,,,,,,,,,,,,,5,,,,,,,,,,,,,3,,,,,,,,,,,,,,,,,,,,,,,,,,,,,,,,,,,,,,,,,,,,,,,k,0.2887,,,3,green_gnome,3,8,bright_forest,red_basket,purple_gnome,3,5,dark_forest,yellow_basket,0,0,1,0,purple_gnome,dark_forest,yellow_basket,441,0,1,3,0,24,6,1,,,,,,,,,,,,,,,,,,,,,,,,,,,,,,,,,,,,,,,,,,,,,,,,,,,,,,,,,,,,,,,,,,,,,,,
,,,,,,,,,,,,,,,,,,,,,,,,,,,,,,,,,,,,,,,,,,,,,,,,,,,,,,,,,,,,,,,,,,138517,001,2024-11-19_12h27.45.750,experiment,2023.2.3,Win32,50,61084dbab48ab21fce452554,673c6e3c1bdcd7f14d4497df,673cca33eee1f86dff640056,,,,,,,,,,,,,,,,,,,,,,,,,,,,,,,,,,,,,,,,,,1,,,,,,,,,,,,,4,,,,,,,,,,,,,,,,,,,,,,,,,,,,,,,,,,,,,,,,,,,,,,,s,0.4646,,space,4,pink_gnome,4,6,dark_forest,yellow_basket,red_gnome,4,8,bright_forest,red_basket,6,0,0,1,pink_gnome,dark_forest,yellow_basket,447,2,-3,3,1,25,3,1,0.0254,,,,,,,,,,,,,,,,,,,,,,,,,,,,,,,,,,,,,,,,,,,,,,,,,,,,,,,,,,,,,,,,,,,,,,
,,,,,,,,,,,,,,,,,,,,,,,,,,,,,,,,,,,,,,,,,,,,,,,,,,,,,,,,,,,,,,,,,,138517,001,2024-11-19_12h27.45.750,experiment,2023.2.3,Win32,50,61084dbab48ab21fce452554,673c6e3c1bdcd7f14d4497df,673cca33eee1f86dff640056,,,,,,,,,,,,,,,,,,,,,,,,,,,,,,,,,,,,,,,,,,5,,,,,,,,,,,,,4,,,,,,,,,,,,,,,,,,,,,,,,,,,,,,,,,,,,,,,,,,,,,,,k,0.429,,space,4,red_gnome,4,8,bright_forest,red_basket,pink_gnome,4,3,dark_forest,yellow_basket,15,0,0,1,pink_gnome,dark_forest,yellow_basket,462,-6,-1,3,2,26,7,1,0.3246,,,,,,,,,,,,,,,,,,,,,,,,,,,,,,,,,,,,,,,,,,,,,,,,,,,,,,,,,,,,,,,,,,,,,,
,,,,,,,,,,,,,,,,,,,,,,,,,,,,,,,,,,,,,,,,,,,,,,,,,,,,,,,,,,,,,,,,,,138517,001,2024-11-19_12h27.45.750,experiment,2023.2.3,Win32,50,61084dbab48ab21fce452554,673c6e3c1bdcd7f14d4497df,673cca33eee1f86dff640056,,,,,,,,,,,,,,,,,,,,,,,,,,,,,,,,,,,,,,,,,,1,,,,,,,,,,,,,2,,,,,,,,,,,,,,,,,,,,,,,,,,,,,,,,,,,,,,,,,,,,,,,s,0.3994,,space,2,brown_gnome,2,2,dark_forest,yellow_basket,blue_gnome,2,2,bright_forest,red_basket,2,0,0,1,brown_gnome,dark_forest,yellow_basket,464,-4,-3,3,3,27,1,1,0.2803,,,,,,,,,,,,,,,,,,,,,,,,,,,,,,,,,,,,,,,,,,,,,,,,,,,,,,,,,,,,,,,,,,,,,,
,,,,,,,,,,,,,,,,,,,,,,,,,,,,,,,,,,,,,,,,,,,,,,,,,,,,,,,,,,,,,,,,,,138517,001,2024-11-19_12h27.45.750,experiment,2023.2.3,Win32,50,61084dbab48ab21fce452554,673c6e3c1bdcd7f14d4497df,673cca33eee1f86dff640056,,,,,,,,,,,,,,,,,,,,,,,,,,,,,,,,,,,,,,,,,,5,,,,,,,,,,,,,2,,,,,,,,,,,,,,,,,,,,,,,,,,,,,,,,,,,,,,,,,,,,,,,s,0.2822,,space,2,brown_gnome,2,1,dark_forest,yellow_basket,blue_gnome,2,2,bright_forest,red_basket,5,0,0,1,brown_gnome,dark_forest,yellow_basket,469,-1,-1,3,4,28,5,1,0.3061,,,,,,,,,,,,,,,,,,,,,,,,,,,,,,,,,,,,,,,,,,,,,,,,,,,,,,,,,,,,,,,,,,,,,,
,,,,,,,,,,,,,,,,,,,,,,,,,,,,,,,,,,,,,,,,,,,,,,,,,,,,,,,,,,,,,,,,,,138517,001,2024-11-19_12h27.45.750,experiment,2023.2.3,Win32,50,61084dbab48ab21fce452554,673c6e3c1bdcd7f14d4497df,673cca33eee1f86dff640056,,,,,,,,,,,,,,,,,,,,,,,,,,,,,,,,,,,,,,,,,,5,,,,,,,,,,,,,4,,,,,,,,,,,,,,,,,,,,,,,,,,,,,,,,,,,,,,,,,,,,,,,k,0.2671,,space,4,red_gnome,4,1,bright_forest,red_basket,pink_gnome,4,0,dark_forest,yellow_basket,0,0,0,1,pink_gnome,dark_forest,yellow_basket,469,-1,0,3,5,29,7,1,0.2191,,,,,,,,,,,,,,,,,,,,,,,,,,,,,,,,,,,,,,,,,,,,,,,,,,,,,,,,,,,,,,,,,,,,,,
,,,,,,,,,,,,,,,,,,,,,,,,,,,,,,,,,,,,,,,,,,,,,,,,,,,,,,,,,,,,,,,,,,138517,001,2024-11-19_12h27.45.750,experiment,2023.2.3,Win32,50,61084dbab48ab21fce452554,673c6e3c1bdcd7f14d4497df,673cca33eee1f86dff640056,,,,,,,,,,,,,,,,,,,,,,,,,,,,,,,,,,,,,,,,,,5,,,,,,,,,,,,,1,,,,,,,,,,,,,,,,,,,,,,,,,,,,,,,,,,,,,,,,,,,,,,,k,0.3995,,space,1,orange_gnome,1,0,dark_forest,yellow_basket,yellow_gnome,1,0,bright_forest,red_basket,0,0,0,1,yellow_gnome,bright_forest,red_basket,469,0,1,3,6,30,4,1,0.9883,,,,,,,,,,,,,,,,,,,,,,,,,,,,,,,,,,,,,,,,,,,,,,,,,,,,,,,,,,,,,,,,,,,,,,
,,,,,,,,,,,,,,,,,,,,,,,,,,,,,,,,,,,,,,,,,,,,,,,,,,,,,,,,,,,,,,,,,,138517,001,2024-11-19_12h27.45.750,experiment,2023.2.3,Win32,50,61084dbab48ab21fce452554,673c6e3c1bdcd7f14d4497df,673cca33eee1f86dff640056,,,,,,,,,,,,,,,,,,,,,,,,,,,,,,,,,,,,,,,,,,1,,,,,,,,,,,,,2,,,,,,,,,,,,,,,,,,,,,,,,,,,,,,,,,,,,,,,,,,,,,,,s,0.2563,,space,2,brown_gnome,2,1,dark_forest,yellow_basket,blue_gnome,2,0,bright_forest,red_basket,1,0,0,1,brown_gnome,dark_forest,yellow_basket,470,0,-3,3,7,31,1,1,0.2847,,,,,,,,,,,,,,,,,,,,,,,,,,,,,,,,,,,,,,,,,,,,,,,,,,,,,,,,,,,,,,,,,,,,,,
,,,,,,,,,,,,,,,,,,,,,,,,,,,,,,,,,,,,,,,,,,,,,,,,,,,,,,,,,,,,,,,,,,138517,001,2024-11-19_12h27.45.750,experiment,2023.2.3,Win32,50,61084dbab48ab21fce452554,673c6e3c1bdcd7f14d4497df,673cca33eee1f86dff640056,,,,,,,,,,,,,,,,,,,,,,,,,,,,,,,,,,,,,,,,,,5,,,,,,,,,,,,,2,,,,,,,,,,,,,,,,,,,,,,,,,,,,,,,,,,,,,,,,,,,,,,,k,0.3255,,space,2,blue_gnome,2,0,bright_forest,red_basket,brown_gnome,2,2,dark_forest,yellow_basket,10,0,0,1,brown_gnome,dark_forest,yellow_basket,480,-2,-1,4,0,32,5,1,0.064,,,,,,,,,,,,,,,,,,,,,,,,,,,,,,,,,,,,,,,,,,,,,,,,,,,,,,,,,,,,,,,,,,,,,,
,,,,,,,,,,,,,,,,,,,,,,,,,,,,,,,,,,,,,,,,,,,,,,,,,,,,,,,,,,,,,,,,,,138517,001,2024-11-19_12h27.45.750,experiment,2023.2.3,Win32,50,61084dbab48ab21fce452554,673c6e3c1bdcd7f14d4497df,673cca33eee1f86dff640056,,,,,,,,,,,,,,,,,,,,,,,,,,,,,,,,,,,,,,,,,,5,,,,,,,,,,,,,3,,,,,,,,,,,,,,,,,,,,,,,,,,,,,,,,,,,,,,,,,,,,,,,s,0.306,,space,3,purple_gnome,3,1,dark_forest,yellow_basket,green_gnome,3,2,bright_forest,red_basket,5,0,0,1,purple_gnome,dark_forest,yellow_basket,485,1,1,4,1,33,6,1,0.2212,,,,,,,,,,,,,,,,,,,,,,,,,,,,,,,,,,,,,,,,,,,,,,,,,,,,,,,,,,,,,,,,,,,,,,
,,,,,,,,,,,,,,,,,,,,,,,,,,,,,,,,,,,,,,,,,,,,,,,,,,,,,,,,,,,,,,,,,,138517,001,2024-11-19_12h27.45.750,experiment,2023.2.3,Win32,50,61084dbab48ab21fce452554,673c6e3c1bdcd7f14d4497df,673cca33eee1f86dff640056,,,,,,,,,,,,,,,,,,,,,,,,,,,,,,,,,,,,,,,,,,5,,,,,,,,,,,,,2,,,,,,,,,,,,,,,,,,,,,,,,,,,,,,,,,,,,,,,,,,,,,,,k,0.2811,,space,2,blue_gnome,2,3,bright_forest,red_basket,brown_gnome,2,2,dark_forest,yellow_basket,10,0,0,1,brown_gnome,dark_forest,yellow_basket,495,-2,-2,4,2,34,5,1,0.0255,,,,,,,,,,,,,,,,,,,,,,,,,,,,,,,,,,,,,,,,,,,,,,,,,,,,,,,,,,,,,,,,,,,,,,
,,,,,,,,,,,,,,,,,,,,,,,,,,,,,,,,,,,,,,,,,,,,,,,,,,,,,,,,,,,,,,,,,,138517,001,2024-11-19_12h27.45.750,experiment,2023.2.3,Win32,50,61084dbab48ab21fce452554,673c6e3c1bdcd7f14d4497df,673cca33eee1f86dff640056,,,,,,,,,,,,,,,,,,,,,,,,,,,,,,,,,,,,,,,,,,5,,,,,,,,,,,,,1,,,,,,,,,,,,,,,,,,,,,,,,,,,,,,,,,,,,,,,,,,,,,,,s,0.5251,,space,1,orange_gnome,1,0,dark_forest,yellow_basket,yellow_gnome,1,1,bright_forest,red_basket,0,0,0,1,orange_gnome,dark_forest,yellow_basket,495,2,-1,4,3,35,4,1,0.1386,,,,,,,,,,,,,,,,,,,,,,,,,,,,,,,,,,,,,,,,,,,,,,,,,,,,,,,,,,,,,,,,,,,,,,
,,,,,,,,,,,,,,,,,,,,,,,,,,,,,,,,,,,,,,,,,,,,,,,,,,,,,,,,,,,,,,,,,,138517,001,2024-11-19_12h27.45.750,experiment,2023.2.3,Win32,50,61084dbab48ab21fce452554,673c6e3c1bdcd7f14d4497df,673cca33eee1f86dff640056,,,,,,,,,,,,,,,,,,,,,,,,,,,,,,,,,,,,,,,,,,5,,,,,,,,,,,,,4,,,,,,,,,,,,,,,,,,,,,,,,,,,,,,,,,,,,,,,,,,,,,,,k,0.2686,,space,4,pink_gnome,4,1,dark_forest,yellow_basket,red_gnome,4,3,bright_forest,red_basket,15,0,0,1,red_gnome,bright_forest,red_basket,510,3,1,4,4,36,7,1,0.3225,,,,,,,,,,,,,,,,,,,,,,,,,,,,,,,,,,,,,,,,,,,,,,,,,,,,,,,,,,,,,,,,,,,,,,
,,,,,,,,,,,,,,,,,,,,,,,,,,,,,,,,,,,,,,,,,,,,,,,,,,,,,,,,,,,,,,,,,,138517,001,2024-11-19_12h27.45.750,experiment,2023.2.3,Win32,50,61084dbab48ab21fce452554,673c6e3c1bdcd7f14d4497df,673cca33eee1f86dff640056,,,,,,,,,,,,,,,,,,,,,,,,,,,,,,,,,,,,,,,,,,1,,,,,,,,,,,,,1,,,,,,,,,,,,,,,,,,,,,,,,,,,,,,,,,,,,,,,,,,,,,,,k,0.5046,,space,1,yellow_gnome,1,6,bright_forest,red_basket,orange_gnome,1,2,dark_forest,yellow_basket,2,0,0,1,orange_gnome,dark_forest,yellow_basket,512,-3,-1,4,5,37,0,1,0.2708,,,,,,,,,,,,,,,,,,,,,,,,,,,,,,,,,,,,,,,,,,,,,,,,,,,,,,,,,,,,,,,,,,,,,,
,,,,,,,,,,,,,,,,,,,,,,,,,,,,,,,,,,,,,,,,,,,,,,,,,,,,,,,,,,,,,,,,,,138517,001,2024-11-19_12h27.45.750,experiment,2023.2.3,Win32,50,61084dbab48ab21fce452554,673c6e3c1bdcd7f14d4497df,673cca33eee1f86dff640056,,,,,,,,,,,,,,,,,,,,,,,,,,,,,,,,,,,,,,,,,,1,,,,,,,,,,,,,3,,,,,,,,,,,,,,,,,,,,,,,,,,,,,,,,,,,,,,,,,,,,,,,s,0.2997,,space,3,green_gnome,3,3,bright_forest,red_basket,purple_gnome,3,1,dark_forest,yellow_basket,3,0,0,1,green_gnome,bright_forest,red_basket,515,1,-2,4,6,38,2,1,0.3885,,,,,,,,,,,,,,,,,,,,,,,,,,,,,,,,,,,,,,,,,,,,,,,,,,,,,,,,,,,,,,,,,,,,,,
,,,,,,,,,,,,,,,,,,,,,,,,,,,,,,,,,,,,,,,,,,,,,,,,,,,,,,,,,,,,,,,,,,138517,001,2024-11-19_12h27.45.750,experiment,2023.2.3,Win32,50,61084dbab48ab21fce452554,673c6e3c1bdcd7f14d4497df,673cca33eee1f86dff640056,,,,,,,,,,,,,,,,,,,,,,,,,,,,,,,,,,,,,,,,,,1,,,,,,,,,,,,,1,,,,,,,,,,,,,,,,,,,,,,,,,,,,,,,,,,,,,,,,,,,,,,,s,0.3264,,space,1,orange_gnome,1,1,dark_forest,yellow_basket,yellow_gnome,1,4,bright_forest,red_basket,1,0,0,1,orange_gnome,dark_forest,yellow_basket,516,-1,-2,4,7,39,0,1,0.3051,,,,,,,,,,,,,,,,,,,,,,,,,,,,,,,,,,,,,,,,,,,,,,,,,,,,,,,,,,,,,,,,,,,,,,
,,,,,,,,,,,,,,,,,,,,,,,,,,,,,,,,,,,,,,,,,,,,,,,,,,,,,,,,,,,,,,,,,,138517,001,2024-11-19_12h27.45.750,experiment,2023.2.3,Win32,50,61084dbab48ab21fce452554,673c6e3c1bdcd7f14d4497df,673cca33eee1f86dff640056,,,,,,,,,,,,,,,,,,,,,,,,,,,,,,,,,,,,,,,,,,1,,,,,,,,,,,,,1,,,,,,,,,,,,,,,,,,,,,,,,,,,,,,,,,,,,,,,,,,,,,,,,,,,1,yellow_gnome,1,3,bright_forest,red_basket,orange_gnome,1,1,dark_forest,yellow_basket,0,1,0,0,,dark_forest,yellow_basket,516,-1,-1,5,0,40,0,1,,,,,,,,,,,,,,,,,,,,,,,,,,,,,,,,,,,,,,,,,,,,,,,,,,,,,,,,,,,,,,,,,,,,,,,
,,,,,,,,,,,,,,,,,,,,,,,,,,,,,,,,,,,,,,,,,,,,,,,,,,,,,,,,,,,,,,,,,,138517,001,2024-11-19_12h27.45.750,experiment,2023.2.3,Win32,50,61084dbab48ab21fce452554,673c6e3c1bdcd7f14d4497df,673cca33eee1f86dff640056,,,,,,,,,,,,,,,,,,,,,,,,,,,,,,,,,,,,,,,,,,5,,,,,,,,,,,,,2,,,,,,,,,,,,,,,,,,,,,,,,,,,,,,,,,,,,,,,,,,,,,,,k,0.2647,,space,2,blue_gnome,2,2,bright_forest,red_basket,brown_gnome,2,0,dark_forest,yellow_basket,0,0,0,1,brown_gnome,dark_forest,yellow_basket,516,-2,-2,5,1,41,5,1,0.2802,,,,,,,,,,,,,,,,,,,,,,,,,,,,,,,,,,,,,,,,,,,,,,,,,,,,,,,,,,,,,,,,,,,,,,
,,,,,,,,,,,,,,,,,,,,,,,,,,,,,,,,,,,,,,,,,,,,,,,,,,,,,,,,,,,,,,,,,,138517,001,2024-11-19_12h27.45.750,experiment,2023.2.3,Win32,50,61084dbab48ab21fce452554,673c6e3c1bdcd7f14d4497df,673cca33eee1f86dff640056,,,,,,,,,,,,,,,,,,,,,,,,,,,,,,,,,,,,,,,,,,5,,,,,,,,,,,,,1,,,,,,,,,,,,,,,,,,,,,,,,,,,,,,,,,,,,,,,,,,,,,,,k,0.247,,space,1,yellow_gnome,1,0,bright_forest,red_basket,orange_gnome,1,2,dark_forest,yellow_basket,10,0,0,1,orange_gnome,dark_forest,yellow_basket,526,0,-1,5,2,42,4,1,0.2313,,,,,,,,,,,,,,,,,,,,,,,,,,,,,,,,,,,,,,,,,,,,,,,,,,,,,,,,,,,,,,,,,,,,,,
,,,,,,,,,,,,,,,,,,,,,,,,,,,,,,,,,,,,,,,,,,,,,,,,,,,,,,,,,,,,,,,,,,138517,001,2024-11-19_12h27.45.750,experiment,2023.2.3,Win32,50,61084dbab48ab21fce452554,673c6e3c1bdcd7f14d4497df,673cca33eee1f86dff640056,,,,,,,,,,,,,,,,,,,,,,,,,,,,,,,,,,,,,,,,,,5,,,,,,,,,,,,,3,,,,,,,,,,,,,,,,,,,,,,,,,,,,,,,,,,,,,,,,,,,,,,,k,0.4658,,space,3,green_gnome,3,0,bright_forest,red_basket,purple_gnome,3,1,dark_forest,yellow_basket,5,0,0,1,purple_gnome,dark_forest,yellow_basket,531,-1,0,5,3,43,6,1,0.3606,,,,,,,,,,,,,,,,,,,,,,,,,,,,,,,,,,,,,,,,,,,,,,,,,,,,,,,,,,,,,,,,,,,,,,
,,,,,,,,,,,,,,,,,,,,,,,,,,,,,,,,,,,,,,,,,,,,,,,,,,,,,,,,,,,,,,,,,,138517,001,2024-11-19_12h27.45.750,experiment,2023.2.3,Win32,50,61084dbab48ab21fce452554,673c6e3c1bdcd7f14d4497df,673cca33eee1f86dff640056,,,,,,,,,,,,,,,,,,,,,,,,,,,,,,,,,,,,,,,,,,5,,,,,,,,,,,,,3,,,,,,,,,,,,,,,,,,,,,,,,,,,,,,,,,,,,,,,,,,,,,,,k,0.3079,,space,3,green_gnome,3,1,bright_forest,red_basket,purple_gnome,3,1,dark_forest,yellow_basket,5,0,0,1,purple_gnome,dark_forest,yellow_basket,536,-4,-2,5,4,44,6,1,0.2667,,,,,,,,,,,,,,,,,,,,,,,,,,,,,,,,,,,,,,,,,,,,,,,,,,,,,,,,,,,,,,,,,,,,,,
,,,,,,,,,,,,,,,,,,,,,,,,,,,,,,,,,,,,,,,,,,,,,,,,,,,,,,,,,,,,,,,,,,138517,001,2024-11-19_12h27.45.750,experiment,2023.2.3,Win32,50,61084dbab48ab21fce452554,673c6e3c1bdcd7f14d4497df,673cca33eee1f86dff640056,,,,,,,,,,,,,,,,,,,,,,,,,,,,,,,,,,,,,,,,,,5,,,,,,,,,,,,,3,,,,,,,,,,,,,,,,,,,,,,,,,,,,,,,,,,,,,,,,,,,,,,,k,0.2956,,space,3,green_gnome,3,3,bright_forest,red_basket,purple_gnome,3,1,dark_forest,yellow_basket,5,0,0,1,purple_gnome,dark_forest,yellow_basket,541,-1,2,5,5,45,6,1,0.2913,,,,,,,,,,,,,,,,,,,,,,,,,,,,,,,,,,,,,,,,,,,,,,,,,,,,,,,,,,,,,,,,,,,,,,
,,,,,,,,,,,,,,,,,,,,,,,,,,,,,,,,,,,,,,,,,,,,,,,,,,,,,,,,,,,,,,,,,,138517,001,2024-11-19_12h27.45.750,experiment,2023.2.3,Win32,50,61084dbab48ab21fce452554,673c6e3c1bdcd7f14d4497df,673cca33eee1f86dff640056,,,,,,,,,,,,,,,,,,,,,,,,,,,,,,,,,,,,,,,,,,1,,,,,,,,,,,,,2,,,,,,,,,,,,,,,,,,,,,,,,,,,,,,,,,,,,,,,,,,,,,,,s,0.6086,,space,2,brown_gnome,2,3,dark_forest,yellow_basket,blue_gnome,2,2,bright_forest,red_basket,3,0,0,1,brown_gnome,dark_forest,yellow_basket,544,-1,0,5,6,46,1,1,0.332,,,,,,,,,,,,,,,,,,,,,,,,,,,,,,,,,,,,,,,,,,,,,,,,,,,,,,,,,,,,,,,,,,,,,,
,,,,,,,,,,,,,,,,,,,,,,,,,,,,,,,,,,,,,,,,,,,,,,,,,,,,,,,,,,,,,,,,,,138517,001,2024-11-19_12h27.45.750,experiment,2023.2.3,Win32,50,61084dbab48ab21fce452554,673c6e3c1bdcd7f14d4497df,673cca33eee1f86dff640056,,,,,,,,,,,,,,,,,,,,,,,,,,,,,,,,,,,,,,,,,,5,,,,,,,,,,,,,2,,,,,,,,,,,,,,,,,,,,,,,,,,,,,,,,,,,,,,,,,,,,,,,k,0.7281,,space,2,brown_gnome,2,3,dark_forest,yellow_basket,blue_gnome,2,1,bright_forest,red_basket,5,0,0,1,blue_gnome,bright_forest,red_basket,549,2,1,5,7,47,5,1,0.0464,,,,,,,,,,,,,,,,,,,,,,,,,,,,,,,,,,,,,,,,,,,,,,,,,,,,,,,,,,,,,,,,,,,,,,
,,,,,,,,,,,,,,,,,,,,,,,,,,,,,,,,,,,,,,,,,,,,,,,,,,,,,,,,,,,,,,,,,,138517,001,2024-11-19_12h27.45.750,experiment,2023.2.3,Win32,50,61084dbab48ab21fce452554,673c6e3c1bdcd7f14d4497df,673cca33eee1f86dff640056,,,,,,,,,,,,,,,,,,,,,,,,,,,,,,,,,,,,,,,,,,5,,,,,,,,,,,,,1,,,,,,,,,,,,,,,,,,,,,,,,,,,,,,,,,,,,,,,,,,,,,,,s,0.2473,,space,1,yellow_gnome,1,3,bright_forest,red_basket,orange_gnome,1,4,dark_forest,yellow_basket,15,0,0,1,yellow_gnome,bright_forest,red_basket,564,4,-3,6,0,48,4,1,0.0848,,,,,,,,,,,,,,,,,,,,,,,,,,,,,,,,,,,,,,,,,,,,,,,,,,,,,,,,,,,,,,,,,,,,,,
,,,,,,,,,,,,,,,,,,,,,,,,,,,,,,,,,,,,,,,,,,,,,,,,,,,,,,,,,,,,,,,,,,138517,001,2024-11-19_12h27.45.750,experiment,2023.2.3,Win32,50,61084dbab48ab21fce452554,673c6e3c1bdcd7f14d4497df,673cca33eee1f86dff640056,,,,,,,,,,,,,,,,,,,,,,,,,,,,,,,,,,,,,,,,,,5,,,,,,,,,,,,,1,,,,,,,,,,,,,,,,,,,,,,,,,,,,,,,,,,,,,,,,,,,,,,,s,0.1875,,space,1,yellow_gnome,1,7,bright_forest,red_basket,orange_gnome,1,1,dark_forest,yellow_basket,35,0,0,1,yellow_gnome,bright_forest,red_basket,599,-2,-1,6,1,49,4,1,0.1484,,,,,,,,,,,,,,,,,,,,,,,,,,,,,,,,,,,,,,,,,,,,,,,,,,,,,,,,,,,,,,,,,,,,,,
,,,,,,,,,,,,,,,,,,,,,,,,,,,,,,,,,,,,,,,,,,,,,,,,,,,,,,,,,,,,,,,,,,138517,001,2024-11-19_12h27.45.750,experiment,2023.2.3,Win32,50,61084dbab48ab21fce452554,673c6e3c1bdcd7f14d4497df,673cca33eee1f86dff640056,,,,,,,,,,,,,,,,,,,,,,,,,,,,,,,,,,,,,,,,,,1,,,,,,,,,,,,,1,,,,,,,,,,,,,,,,,,,,,,,,,,,,,,,,,,,,,,,,,,,,,,,s,0.3755,,space,1,orange_gnome,1,0,dark_forest,yellow_basket,yellow_gnome,1,5,bright_forest,red_basket,0,0,0,1,orange_gnome,dark_forest,yellow_basket,599,0,-3,6,2,50,0,1,0.0189,,,,,,,,,,,,,,,,,,,,,,,,,,,,,,,,,,,,,,,,,,,,,,,,,,,,,,,,,,,,,,,,,,,,,,
,,,,,,,,,,,,,,,,,,,,,,,,,,,,,,,,,,,,,,,,,,,,,,,,,,,,,,,,,,,,,,,,,,138517,001,2024-11-19_12h27.45.750,experiment,2023.2.3,Win32,50,61084dbab48ab21fce452554,673c6e3c1bdcd7f14d4497df,673cca33eee1f86dff640056,,,,,,,,,,,,,,,,,,,,,,,,,,,,,,,,,,,,,,,,,,1,,,,,,,,,,,,,3,,,,,,,,,,,,,,,,,,,,,,,,,,,,,,,,,,,,,,,,,,,,,,,s,0.1265,,space,3,green_gnome,3,5,bright_forest,red_basket,purple_gnome,3,3,dark_forest,yellow_basket,5,0,0,1,green_gnome,bright_forest,red_basket,604,1,-2,6,3,51,2,1,0.0453,,,,,,,,,,,,,,,,,,,,,,,,,,,,,,,,,,,,,,,,,,,,,,,,,,,,,,,,,,,,,,,,,,,,,,
,,,,,,,,,,,,,,,,,,,,,,,,,,,,,,,,,,,,,,,,,,,,,,,,,,,,,,,,,,,,,,,,,,138517,001,2024-11-19_12h27.45.750,experiment,2023.2.3,Win32,50,61084dbab48ab21fce452554,673c6e3c1bdcd7f14d4497df,673cca33eee1f86dff640056,,,,,,,,,,,,,,,,,,,,,,,,,,,,,,,,,,,,,,,,,,1,,,,,,,,,,,,,2,,,,,,,,,,,,,,,,,,,,,,,,,,,,,,,,,,,,,,,,,,,,,,,s,0.3063,,space,2,brown_gnome,2,1,dark_forest,yellow_basket,blue_gnome,2,6,bright_forest,red_basket,1,0,0,1,brown_gnome,dark_forest,yellow_basket,605,-3,-1,6,4,52,1,1,1.4356,,,,,,,,,,,,,,,,,,,,,,,,,,,,,,,,,,,,,,,,,,,,,,,,,,,,,,,,,,,,,,,,,,,,,,
,,,,,,,,,,,,,,,,,,,,,,,,,,,,,,,,,,,,,,,,,,,,,,,,,,,,,,,,,,,,,,,,,,138517,001,2024-11-19_12h27.45.750,experiment,2023.2.3,Win32,50,61084dbab48ab21fce452554,673c6e3c1bdcd7f14d4497df,673cca33eee1f86dff640056,,,,,,,,,,,,,,,,,,,,,,,,,,,,,,,,,,,,,,,,,,5,,,,,,,,,,,,,3,,,,,,,,,,,,,,,,,,,,,,,,,,,,,,,,,,,,,,,,,,,,,,,s,0.2074,,space,3,green_gnome,3,3,bright_forest,red_basket,purple_gnome,3,0,dark_forest,yellow_basket,15,0,0,1,green_gnome,bright_forest,red_basket,620,-1,-4,6,5,53,6,1,0.0947,,,,,,,,,,,,,,,,,,,,,,,,,,,,,,,,,,,,,,,,,,,,,,,,,,,,,,,,,,,,,,,,,,,,,,
,,,,,,,,,,,,,,,,,,,,,,,,,,,,,,,,,,,,,,,,,,,,,,,,,,,,,,,,,,,,,,,,,,138517,001,2024-11-19_12h27.45.750,experiment,2023.2.3,Win32,50,61084dbab48ab21fce452554,673c6e3c1bdcd7f14d4497df,673cca33eee1f86dff640056,,,,,,,,,,,,,,,,,,,,,,,,,,,,,,,,,,,,,,,,,,5,,,,,,,,,,,,,1,,,,,,,,,,,,,,,,,,,,,,,,,,,,,,,,,,,,,,,,,,,,,,,s,0.2923,,space,1,orange_gnome,1,4,dark_forest,yellow_basket,yellow_gnome,1,2,bright_forest,red_basket,20,0,0,1,orange_gnome,dark_forest,yellow_basket,640,0,1,6,6,54,4,1,0.0475,,,,,,,,,,,,,,,,,,,,,,,,,,,,,,,,,,,,,,,,,,,,,,,,,,,,,,,,,,,,,,,,,,,,,,
,,,,,,,,,,,,,,,,,,,,,,,,,,,,,,,,,,,,,,,,,,,,,,,,,,,,,,,,,,,,,,,,,,138517,001,2024-11-19_12h27.45.750,experiment,2023.2.3,Win32,50,61084dbab48ab21fce452554,673c6e3c1bdcd7f14d4497df,673cca33eee1f86dff640056,,,,,,,,,,,,,,,,,,,,,,,,,,,,,,,,,,,,,,,,,,1,,,,,,,,,,,,,1,,,,,,,,,,,,,,,,,,,,,,,,,,,,,,,,,,,,,,,,,,,,,,,k,0.325,,space,1,orange_gnome,1,5,dark_forest,yellow_basket,yellow_gnome,1,2,bright_forest,red_basket,2,0,0,1,yellow_gnome,bright_forest,red_basket,642,-4,1,6,7,55,0,1,0.044,,,,,,,,,,,,,,,,,,,,,,,,,,,,,,,,,,,,,,,,,,,,,,,,,,,,,,,,,,,,,,,,,,,,,,
,,,,,,,,,,,,,,,,,,,,,,,,,,,,,,,,,,,,,,,,,,,,,,,,,,,,,,,,,,,,,,,,,,138517,001,2024-11-19_12h27.45.750,experiment,2023.2.3,Win32,50,61084dbab48ab21fce452554,673c6e3c1bdcd7f14d4497df,673cca33eee1f86dff640056,,,,,,,,,,,,,,,,,,,,,,,,,,,,,,,,,,,,,,,,,,5,,,,,,,,,,,,,3,,,,,,,,,,,,,,,,,,,,,,,,,,,,,,,,,,,,,,,,,,,,,,,s,0.2873,,space,3,green_gnome,3,2,bright_forest,red_basket,purple_gnome,3,6,dark_forest,yellow_basket,10,0,0,1,green_gnome,bright_forest,red_basket,652,-3,-1,7,0,56,6,1,0.2259,,,,,,,,,,,,,,,,,,,,,,,,,,,,,,,,,,,,,,,,,,,,,,,,,,,,,,,,,,,,,,,,,,,,,,
,,,,,,,,,,,,,,,,,,,,,,,,,,,,,,,,,,,,,,,,,,,,,,,,,,,,,,,,,,,,,,,,,,138517,001,2024-11-19_12h27.45.750,experiment,2023.2.3,Win32,50,61084dbab48ab21fce452554,673c6e3c1bdcd7f14d4497df,673cca33eee1f86dff640056,,,,,,,,,,,,,,,,,,,,,,,,,,,,,,,,,,,,,,,,,,5,,,,,,,,,,,,,1,,,,,,,,,,,,,,,,,,,,,,,,,,,,,,,,,,,,,,,,,,,,,,,k,0.3953,,space,1,orange_gnome,1,5,dark_forest,yellow_basket,yellow_gnome,1,1,bright_forest,red_basket,5,0,0,1,yellow_gnome,bright_forest,red_basket,657,4,-1,7,1,57,4,1,0.2353,,,,,,,,,,,,,,,,,,,,,,,,,,,,,,,,,,,,,,,,,,,,,,,,,,,,,,,,,,,,,,,,,,,,,,
,,,,,,,,,,,,,,,,,,,,,,,,,,,,,,,,,,,,,,,,,,,,,,,,,,,,,,,,,,,,,,,,,,138517,001,2024-11-19_12h27.45.750,experiment,2023.2.3,Win32,50,61084dbab48ab21fce452554,673c6e3c1bdcd7f14d4497df,673cca33eee1f86dff640056,,,,,,,,,,,,,,,,,,,,,,,,,,,,,,,,,,,,,,,,,,1,,,,,,,,,,,,,1,,,,,,,,,,,,,,,,,,,,,,,,,,,,,,,,,,,,,,,,,,,,,,,s,0.3866,,space,1,yellow_gnome,1,5,bright_forest,red_basket,orange_gnome,1,4,dark_forest,yellow_basket,5,0,0,1,yellow_gnome,bright_forest,red_basket,662,1,-2,7,2,58,0,1,0.0958,,,,,,,,,,,,,,,,,,,,,,,,,,,,,,,,,,,,,,,,,,,,,,,,,,,,,,,,,,,,,,,,,,,,,,
,,,,,,,,,,,,,,,,,,,,,,,,,,,,,,,,,,,,,,,,,,,,,,,,,,,,,,,,,,,,,,,,,,138517,001,2024-11-19_12h27.45.750,experiment,2023.2.3,Win32,50,61084dbab48ab21fce452554,673c6e3c1bdcd7f14d4497df,673cca33eee1f86dff640056,,,,,,,,,,,,,,,,,,,,,,,,,,,,,,,,,,,,,,,,,,1,,,,,,,,,,,,,2,,,,,,,,,,,,,,,,,,,,,,,,,,,,,,,,,,,,,,,,,,,,,,,s,0.6861,,space,2,blue_gnome,2,6,bright_forest,red_basket,brown_gnome,2,2,dark_forest,yellow_basket,6,0,0,1,blue_gnome,bright_forest,red_basket,668,-4,-1,7,3,59,1,1,0.0486,,,,,,,,,,,,,,,,,,,,,,,,,,,,,,,,,,,,,,,,,,,,,,,,,,,,,,,,,,,,,,,,,,,,,,
,,,,,,,,,,,,,,,,,,,,,,,,,,,,,,,,,,,,,,,,,,,,,,,,,,,,,,,,,,,,,,,,,,138517,001,2024-11-19_12h27.45.750,experiment,2023.2.3,Win32,50,61084dbab48ab21fce452554,673c6e3c1bdcd7f14d4497df,673cca33eee1f86dff640056,,,,,,,,,,,,,,,,,,,,,,,,,,,,,,,,,,,,,,,,,,5,,,,,,,,,,,,,1,,,,,,,,,,,,,,,,,,,,,,,,,,,,,,,,,,,,,,,,,,,,,,,k,0.1675,,space,1,orange_gnome,1,1,dark_forest,yellow_basket,yellow_gnome,1,2,bright_forest,red_basket,10,0,0,1,yellow_gnome,bright_forest,red_basket,678,2,5,7,4,60,4,1,0.2755,,,,,,,,,,,,,,,,,,,,,,,,,,,,,,,,,,,,,,,,,,,,,,,,,,,,,,,,,,,,,,,,,,,,,,
,,,,,,,,,,,,,,,,,,,,,,,,,,,,,,,,,,,,,,,,,,,,,,,,,,,,,,,,,,,,,,,,,,138517,001,2024-11-19_12h27.45.750,experiment,2023.2.3,Win32,50,61084dbab48ab21fce452554,673c6e3c1bdcd7f14d4497df,673cca33eee1f86dff640056,,,,,,,,,,,,,,,,,,,,,,,,,,,,,,,,,,,,,,,,,,5,,,,,,,,,,,,,4,,,,,,,,,,,,,,,,,,,,,,,,,,,,,,,,,,,,,,,,,,,,,,,s,0.3059,,space,4,pink_gnome,4,6,dark_forest,yellow_basket,red_gnome,4,4,bright_forest,red_basket,30,0,0,1,pink_gnome,dark_forest,yellow_basket,708,4,3,7,5,61,7,1,0.0181,,,,,,,,,,,,,,,,,,,,,,,,,,,,,,,,,,,,,,,,,,,,,,,,,,,,,,,,,,,,,,,,,,,,,,
,,,,,,,,,,,,,,,,,,,,,,,,,,,,,,,,,,,,,,,,,,,,,,,,,,,,,,,,,,,,,,,,,,138517,001,2024-11-19_12h27.45.750,experiment,2023.2.3,Win32,50,61084dbab48ab21fce452554,673c6e3c1bdcd7f14d4497df,673cca33eee1f86dff640056,,,,,,,,,,,,,,,,,,,,,,,,,,,,,,,,,,,,,,,,,,1,,,,,,,,,,,,,2,,,,,,,,,,,,,,,,,,,,,,,,,,,,,,,,,,,,,,,,,,,,,,,s,0.276,,space,2,blue_gnome,2,8,bright_forest,red_basket,brown_gnome,2,9,dark_forest,yellow_basket,8,0,0,1,blue_gnome,bright_forest,red_basket,716,-1,1,7,6,62,1,1,0.0403,,,,,,,,,,,,,,,,,,,,,,,,,,,,,,,,,,,,,,,,,,,,,,,,,,,,,,,,,,,,,,,,,,,,,,
,,,,,,,,,,,,,,,,,,,,,,,,,,,,,,,,,,,,,,,,,,,,,,,,,,,,,,,,,,,,,,,,,,138517,001,2024-11-19_12h27.45.750,experiment,2023.2.3,Win32,50,61084dbab48ab21fce452554,673c6e3c1bdcd7f14d4497df,673cca33eee1f86dff640056,,,,,,,,,,,,,,,,,,,,,,,,,,,,,,,,,,,,,,,,,,5,,,,,,,,,,,,,1,,,,,,,,,,,,,,,,,,,,,,,,,,,,,,,,,,,,,,,,,,,,,,,s,0.0509,,space,1,orange_gnome,1,8,dark_forest,yellow_basket,yellow_gnome,1,7,bright_forest,red_basket,40,0,0,1,orange_gnome,dark_forest,yellow_basket,756,1,-1,7,7,63,4,1,0.1999,,space,6.3923,,,,,,,,,,,,,,,,,,,,,,,,,,,,,,,,,,,,,,,,,,,,,,,,,,,,,,,,,,,,,,,,,,,
,,,,,,,,,,,,,,,,,,,,,,,,,,,,,,,,,,,,,,,,,,,,,,,,,,,,,,,,,,,,,,,,,,138517,001,2024-11-19_12h27.45.750,experiment,2023.2.3,Win32,50,61084dbab48ab21fce452554,673c6e3c1bdcd7f14d4497df,673cca33eee1f86dff640056,,,,,,,,,,,,,,,,,,,,,,,,,,,,,,,,,,,,,,,,,,5,,,,,,,,,,,,,1,,,,,,,,,,,,,,,,,,,,,,,,,,,,,,,,,,,,,,,,,,,,,,,s,0.3447,,space,1,yellow_gnome,1,8,bright_forest,red_basket,orange_gnome,1,7,dark_forest,yellow_basket,40,0,0,1,yellow_gnome,bright_forest,red_basket,796,1,-2,8,0,64,4,1,0.4094,,,,,,,,,,,,,,,,,,,,,,,,,,,,,,,,,,,,,,,,,,,,,,,,,,,,,,,,,,,,,,,,,,,,,,
,,,,,,,,,,,,,,,,,,,,,,,,,,,,,,,,,,,,,,,,,,,,,,,,,,,,,,,,,,,,,,,,,,138517,001,2024-11-19_12h27.45.750,experiment,2023.2.3,Win32,50,61084dbab48ab21fce452554,673c6e3c1bdcd7f14d4497df,673cca33eee1f86dff640056,,,,,,,,,,,,,,,,,,,,,,,,,,,,,,,,,,,,,,,,,,1,,,,,,,,,,,,,1,,,,,,,,,,,,,,,,,,,,,,,,,,,,,,,,,,,,,,,,,,,,,,,s,0.2927,,space,1,yellow_gnome,1,9,bright_forest,red_basket,orange_gnome,1,5,dark_forest,yellow_basket,9,0,0,1,yellow_gnome,bright_forest,red_basket,805,3,-1,8,1,65,0,1,0.1517,,,,,,,,,,,,,,,,,,,,,,,,,,,,,,,,,,,,,,,,,,,,,,,,,,,,,,,,,,,,,,,,,,,,,,
,,,,,,,,,,,,,,,,,,,,,,,,,,,,,,,,,,,,,,,,,,,,,,,,,,,,,,,,,,,,,,,,,,138517,001,2024-11-19_12h27.45.750,experiment,2023.2.3,Win32,50,61084dbab48ab21fce452554,673c6e3c1bdcd7f14d4497df,673cca33eee1f86dff640056,,,,,,,,,,,,,,,,,,,,,,,,,,,,,,,,,,,,,,,,,,1,,,,,,,,,,,,,4,,,,,,,,,,,,,,,,,,,,,,,,,,,,,,,,,,,,,,,,,,,,,,,s,0.1452,,space,4,red_gnome,4,6,bright_forest,red_basket,pink_gnome,4,4,dark_forest,yellow_basket,6,0,0,1,red_gnome,bright_forest,red_basket,811,-2,2,8,2,66,3,1,0.1416,,,,,,,,,,,,,,,,,,,,,,,,,,,,,,,,,,,,,,,,,,,,,,,,,,,,,,,,,,,,,,,,,,,,,,
,,,,,,,,,,,,,,,,,,,,,,,,,,,,,,,,,,,,,,,,,,,,,,,,,,,,,,,,,,,,,,,,,,138517,001,2024-11-19_12h27.45.750,experiment,2023.2.3,Win32,50,61084dbab48ab21fce452554,673c6e3c1bdcd7f14d4497df,673cca33eee1f86dff640056,,,,,,,,,,,,,,,,,,,,,,,,,,,,,,,,,,,,,,,,,,5,,,,,,,,,,,,,1,,,,,,,,,,,,,,,,,,,,,,,,,,,,,,,,,,,,,,,,,,,,,,,s,0.2521,,space,1,yellow_gnome,1,4,bright_forest,red_basket,orange_gnome,1,6,dark_forest,yellow_basket,20,0,0,1,yellow_gnome,bright_forest,red_basket,831,4,0,8,3,67,4,1,0.2885,,,,,,,,,,,,,,,,,,,,,,,,,,,,,,,,,,,,,,,,,,,,,,,,,,,,,,,,,,,,,,,,,,,,,,
,,,,,,,,,,,,,,,,,,,,,,,,,,,,,,,,,,,,,,,,,,,,,,,,,,,,,,,,,,,,,,,,,,138517,001,2024-11-19_12h27.45.750,experiment,2023.2.3,Win32,50,61084dbab48ab21fce452554,673c6e3c1bdcd7f14d4497df,673cca33eee1f86dff640056,,,,,,,,,,,,,,,,,,,,,,,,,,,,,,,,,,,,,,,,,,1,,,,,,,,,,,,,3,,,,,,,,,,,,,,,,,,,,,,,,,,,,,,,,,,,,,,,,,,,,,,,s,0.2715,,space,3,purple_gnome,3,6,dark_forest,yellow_basket,green_gnome,3,8,bright_forest,red_basket,6,0,0,1,purple_gnome,dark_forest,yellow_basket,837,-1,3,8,4,68,2,1,0.0163,,,,,,,,,,,,,,,,,,,,,,,,,,,,,,,,,,,,,,,,,,,,,,,,,,,,,,,,,,,,,,,,,,,,,,
,,,,,,,,,,,,,,,,,,,,,,,,,,,,,,,,,,,,,,,,,,,,,,,,,,,,,,,,,,,,,,,,,,138517,001,2024-11-19_12h27.45.750,experiment,2023.2.3,Win32,50,61084dbab48ab21fce452554,673c6e3c1bdcd7f14d4497df,673cca33eee1f86dff640056,,,,,,,,,,,,,,,,,,,,,,,,,,,,,,,,,,,,,,,,,,5,,,,,,,,,,,,,4,,,,,,,,,,,,,,,,,,,,,,,,,,,,,,,,,,,,,,,,,,,,,,,s,0.0923,,space,4,pink_gnome,4,9,dark_forest,yellow_basket,red_gnome,4,7,bright_forest,red_basket,45,0,0,1,pink_gnome,dark_forest,yellow_basket,882,-3,4,8,5,69,7,1,0.2362,,,,,,,,,,,,,,,,,,,,,,,,,,,,,,,,,,,,,,,,,,,,,,,,,,,,,,,,,,,,,,,,,,,,,,
,,,,,,,,,,,,,,,,,,,,,,,,,,,,,,,,,,,,,,,,,,,,,,,,,,,,,,,,,,,,,,,,,,138517,001,2024-11-19_12h27.45.750,experiment,2023.2.3,Win32,50,61084dbab48ab21fce452554,673c6e3c1bdcd7f14d4497df,673cca33eee1f86dff640056,,,,,,,,,,,,,,,,,,,,,,,,,,,,,,,,,,,,,,,,,,5,,,,,,,,,,,,,3,,,,,,,,,,,,,,,,,,,,,,,,,,,,,,,,,,,,,,,,,,,,,,,s,0.4865,,space,3,purple_gnome,3,5,dark_forest,yellow_basket,green_gnome,3,4,bright_forest,red_basket,25,0,0,1,purple_gnome,dark_forest,yellow_basket,907,-2,2,8,6,70,6,1,0.3203,,,,,,,,,,,,,,,,,,,,,,,,,,,,,,,,,,,,,,,,,,,,,,,,,,,,,,,,,,,,,,,,,,,,,,
,,,,,,,,,,,,,,,,,,,,,,,,,,,,,,,,,,,,,,,,,,,,,,,,,,,,,,,,,,,,,,,,,,138517,001,2024-11-19_12h27.45.750,experiment,2023.2.3,Win32,50,61084dbab48ab21fce452554,673c6e3c1bdcd7f14d4497df,673cca33eee1f86dff640056,,,,,,,,,,,,,,,,,,,,,,,,,,,,,,,,,,,,,,,,,,1,,,,,,,,,,,,,2,,,,,,,,,,,,,,,,,,,,,,,,,,,,,,,,,,,,,,,,,,,,,,,s,0.3471,,space,2,blue_gnome,2,2,bright_forest,red_basket,brown_gnome,2,7,dark_forest,yellow_basket,2,0,0,1,blue_gnome,bright_forest,red_basket,909,-3,0,8,7,71,1,1,0.3414,,,,,,,,,,,,,,,,,,,,,,,,,,,,,,,,,,,,,,,,,,,,,,,,,,,,,,,,,,,,,,,,,,,,,,
,,,,,,,,,,,,,,,,,,,,,,,,,,,,,,,,,,,,,,,,,,,,,,,,,,,,,,,,,,,,,,,,,,138517,001,2024-11-19_12h27.45.750,experiment,2023.2.3,Win32,50,61084dbab48ab21fce452554,673c6e3c1bdcd7f14d4497df,673cca33eee1f86dff640056,,,,,,,,,,,,,,,,,,,,,,,,,,,,,,,,,,,,,,,,,,5,,,,,,,,,,,,,2,,,,,,,,,,,,,,,,,,,,,,,,,,,,,,,,,,,,,,,,,,,,,,,s,0.2669,,space,2,blue_gnome,2,1,bright_forest,red_basket,brown_gnome,2,7,dark_forest,yellow_basket,5,0,0,1,blue_gnome,bright_forest,red_basket,914,0,1,9,0,72,5,1,0.2095,,,,,,,,,,,,,,,,,,,,,,,,,,,,,,,,,,,,,,,,,,,,,,,,,,,,,,,,,,,,,,,,,,,,,,
,,,,,,,,,,,,,,,,,,,,,,,,,,,,,,,,,,,,,,,,,,,,,,,,,,,,,,,,,,,,,,,,,,138517,001,2024-11-19_12h27.45.750,experiment,2023.2.3,Win32,50,61084dbab48ab21fce452554,673c6e3c1bdcd7f14d4497df,673cca33eee1f86dff640056,,,,,,,,,,,,,,,,,,,,,,,,,,,,,,,,,,,,,,,,,,1,,,,,,,,,,,,,4,,,,,,,,,,,,,,,,,,,,,,,,,,,,,,,,,,,,,,,,,,,,,,,k,0.288,,space,4,red_gnome,4,1,bright_forest,red_basket,pink_gnome,4,8,dark_forest,yellow_basket,8,0,0,1,pink_gnome,dark_forest,yellow_basket,922,4,1,9,1,73,3,1,0.1995,,,,,,,,,,,,,,,,,,,,,,,,,,,,,,,,,,,,,,,,,,,,,,,,,,,,,,,,,,,,,,,,,,,,,,
,,,,,,,,,,,,,,,,,,,,,,,,,,,,,,,,,,,,,,,,,,,,,,,,,,,,,,,,,,,,,,,,,,138517,001,2024-11-19_12h27.45.750,experiment,2023.2.3,Win32,50,61084dbab48ab21fce452554,673c6e3c1bdcd7f14d4497df,673cca33eee1f86dff640056,,,,,,,,,,,,,,,,,,,,,,,,,,,,,,,,,,,,,,,,,,1,,,,,,,,,,,,,4,,,,,,,,,,,,,,,,,,,,,,,,,,,,,,,,,,,,,,,,,,,,,,,k,0.2292,,space,4,pink_gnome,4,9,dark_forest,yellow_basket,red_gnome,4,5,bright_forest,red_basket,5,0,0,1,red_gnome,bright_forest,red_basket,927,1,3,9,2,74,3,1,0.2318,,,,,,,,,,,,,,,,,,,,,,,,,,,,,,,,,,,,,,,,,,,,,,,,,,,,,,,,,,,,,,,,,,,,,,
,,,,,,,,,,,,,,,,,,,,,,,,,,,,,,,,,,,,,,,,,,,,,,,,,,,,,,,,,,,,,,,,,,138517,001,2024-11-19_12h27.45.750,experiment,2023.2.3,Win32,50,61084dbab48ab21fce452554,673c6e3c1bdcd7f14d4497df,673cca33eee1f86dff640056,,,,,,,,,,,,,,,,,,,,,,,,,,,,,,,,,,,,,,,,,,1,,,,,,,,,,,,,4,,,,,,,,,,,,,,,,,,,,,,,,,,,,,,,,,,,,,,,,,,,,,,,,,,,4,pink_gnome,4,6,dark_forest,yellow_basket,red_gnome,4,6,bright_forest,red_basket,0,1,0,0,,bright_forest,red_basket,927,0,3,9,3,75,3,1,,,,,,,,,,,,,,,,,,,,,,,,,,,,,,,,,,,,,,,,,,,,,,,,,,,,,,,,,,,,,,,,,,,,,,,
,,,,,,,,,,,,,,,,,,,,,,,,,,,,,,,,,,,,,,,,,,,,,,,,,,,,,,,,,,,,,,,,,,138517,001,2024-11-19_12h27.45.750,experiment,2023.2.3,Win32,50,61084dbab48ab21fce452554,673c6e3c1bdcd7f14d4497df,673cca33eee1f86dff640056,,,,,,,,,,,,,,,,,,,,,,,,,,,,,,,,,,,,,,,,,,5,,,,,,,,,,,,,3,,,,,,,,,,,,,,,,,,,,,,,,,,,,,,,,,,,,,,,,,,,,,,,k,0.0446,,space,3,green_gnome,3,6,bright_forest,red_basket,purple_gnome,3,9,dark_forest,yellow_basket,45,0,0,1,purple_gnome,dark_forest,yellow_basket,972,-2,-1,9,4,76,6,1,0.2941,,,,,,,,,,,,,,,,,,,,,,,,,,,,,,,,,,,,,,,,,,,,,,,,,,,,,,,,,,,,,,,,,,,,,,
,,,,,,,,,,,,,,,,,,,,,,,,,,,,,,,,,,,,,,,,,,,,,,,,,,,,,,,,,,,,,,,,,,138517,001,2024-11-19_12h27.45.750,experiment,2023.2.3,Win32,50,61084dbab48ab21fce452554,673c6e3c1bdcd7f14d4497df,673cca33eee1f86dff640056,,,,,,,,,,,,,,,,,,,,,,,,,,,,,,,,,,,,,,,,,,1,,,,,,,,,,,,,2,,,,,,,,,,,,,,,,,,,,,,,,,,,,,,,,,,,,,,,,,,,,,,,k,0.227,,space,2,brown_gnome,2,8,dark_forest,yellow_basket,blue_gnome,2,4,bright_forest,red_basket,4,0,0,1,blue_gnome,bright_forest,red_basket,976,2,-2,9,5,77,1,1,0.1717,,,,,,,,,,,,,,,,,,,,,,,,,,,,,,,,,,,,,,,,,,,,,,,,,,,,,,,,,,,,,,,,,,,,,,
,,,,,,,,,,,,,,,,,,,,,,,,,,,,,,,,,,,,,,,,,,,,,,,,,,,,,,,,,,,,,,,,,,138517,001,2024-11-19_12h27.45.750,experiment,2023.2.3,Win32,50,61084dbab48ab21fce452554,673c6e3c1bdcd7f14d4497df,673cca33eee1f86dff640056,,,,,,,,,,,,,,,,,,,,,,,,,,,,,,,,,,,,,,,,,,5,,,,,,,,,,,,,1,,,,,,,,,,,,,,,,,,,,,,,,,,,,,,,,,,,,,,,,,,,,,,,k,0.4717,,space,1,orange_gnome,1,6,dark_forest,yellow_basket,yellow_gnome,1,6,bright_forest,red_basket,30,0,0,1,yellow_gnome,bright_forest,red_basket,1006,-2,1,9,6,78,4,1,1.0254,,,,,,,,,,,,,,,,,,,,,,,,,,,,,,,,,,,,,,,,,,,,,,,,,,,,,,,,,,,,,,,,,,,,,,
,,,,,,,,,,,,,,,,,,,,,,,,,,,,,,,,,,,,,,,,,,,,,,,,,,,,,,,,,,,,,,,,,,138517,001,2024-11-19_12h27.45.750,experiment,2023.2.3,Win32,50,61084dbab48ab21fce452554,673c6e3c1bdcd7f14d4497df,673cca33eee1f86dff640056,,,,,,,,,,,,,,,,,,,,,,,,,,,,,,,,,,,,,,,,,,1,,,,,,,,,,,,,4,,,,,,,,,,,,,,,,,,,,,,,,,,,,,,,,,,,,,,,,,,,,,,,k,0.2679,,space,4,red_gnome,4,4,bright_forest,red_basket,pink_gnome,4,7,dark_forest,yellow_basket,7,0,0,1,pink_gnome,dark_forest,yellow_basket,1013,1,1,9,7,79,3,1,0.2744,,,,,,,,,,,,,,,,,,,,,,,,,,,,,,,,,,,,,,,,,,,,,,,,,,,,,,,,,,,,,,,,,,,,,,
,,,,,,,,,,,,,,,,,,,,,,,,,,,,,,,,,,,,,,,,,,,,,,,,,,,,,,,,,,,,,,,,,,138517,001,2024-11-19_12h27.45.750,experiment,2023.2.3,Win32,50,61084dbab48ab21fce452554,673c6e3c1bdcd7f14d4497df,673cca33eee1f86dff640056,,,,,,,,,,,,,,,,,,,,,,,,,,,,,,,,,,,,,,,,,,1,,,,,,,,,,,,,1,,,,,,,,,,,,,,,,,,,,,,,,,,,,,,,,,,,,,,,,,,,,,,,k,0.2666,,space,1,yellow_gnome,1,5,bright_forest,red_basket,orange_gnome,1,8,dark_forest,yellow_basket,8,0,0,1,orange_gnome,dark_forest,yellow_basket,1021,0,1,10,0,80,0,1,1.1517,,,,,,,,,,,,,,,,,,,,,,,,,,,,,,,,,,,,,,,,,,,,,,,,,,,,,,,,,,,,,,,,,,,,,,
,,,,,,,,,,,,,,,,,,,,,,,,,,,,,,,,,,,,,,,,,,,,,,,,,,,,,,,,,,,,,,,,,,138517,001,2024-11-19_12h27.45.750,experiment,2023.2.3,Win32,50,61084dbab48ab21fce452554,673c6e3c1bdcd7f14d4497df,673cca33eee1f86dff640056,,,,,,,,,,,,,,,,,,,,,,,,,,,,,,,,,,,,,,,,,,5,,,,,,,,,,,,,1,,,,,,,,,,,,,,,,,,,,,,,,,,,,,,,,,,,,,,,,,,,,,,,k,0.1876,,space,1,yellow_gnome,1,5,bright_forest,red_basket,orange_gnome,1,9,dark_forest,yellow_basket,45,0,0,1,orange_gnome,dark_forest,yellow_basket,1066,0,-3,10,1,81,4,1,0.2645,,,,,,,,,,,,,,,,,,,,,,,,,,,,,,,,,,,,,,,,,,,,,,,,,,,,,,,,,,,,,,,,,,,,,,
,,,,,,,,,,,,,,,,,,,,,,,,,,,,,,,,,,,,,,,,,,,,,,,,,,,,,,,,,,,,,,,,,,138517,001,2024-11-19_12h27.45.750,experiment,2023.2.3,Win32,50,61084dbab48ab21fce452554,673c6e3c1bdcd7f14d4497df,673cca33eee1f86dff640056,,,,,,,,,,,,,,,,,,,,,,,,,,,,,,,,,,,,,,,,,,1,,,,,,,,,,,,,1,,,,,,,,,,,,,,,,,,,,,,,,,,,,,,,,,,,,,,,,,,,,,,,k,0.2849,,space,1,yellow_gnome,1,5,bright_forest,red_basket,orange_gnome,1,6,dark_forest,yellow_basket,6,0,0,1,orange_gnome,dark_forest,yellow_basket,1072,4,-1,10,2,82,0,1,0.1873,,,,,,,,,,,,,,,,,,,,,,,,,,,,,,,,,,,,,,,,,,,,,,,,,,,,,,,,,,,,,,,,,,,,,,
,,,,,,,,,,,,,,,,,,,,,,,,,,,,,,,,,,,,,,,,,,,,,,,,,,,,,,,,,,,,,,,,,,138517,001,2024-11-19_12h27.45.750,experiment,2023.2.3,Win32,50,61084dbab48ab21fce452554,673c6e3c1bdcd7f14d4497df,673cca33eee1f86dff640056,,,,,,,,,,,,,,,,,,,,,,,,,,,,,,,,,,,,,,,,,,1,,,,,,,,,,,,,4,,,,,,,,,,,,,,,,,,,,,,,,,,,,,,,,,,,,,,,,,,,,,,,k,0.3463,,space,4,pink_gnome,4,5,dark_forest,yellow_basket,red_gnome,4,9,bright_forest,red_basket,9,0,0,1,red_gnome,bright_forest,red_basket,1081,-1,2,10,3,83,3,1,0.8208,,,,,,,,,,,,,,,,,,,,,,,,,,,,,,,,,,,,,,,,,,,,,,,,,,,,,,,,,,,,,,,,,,,,,,
,,,,,,,,,,,,,,,,,,,,,,,,,,,,,,,,,,,,,,,,,,,,,,,,,,,,,,,,,,,,,,,,,,138517,001,2024-11-19_12h27.45.750,experiment,2023.2.3,Win32,50,61084dbab48ab21fce452554,673c6e3c1bdcd7f14d4497df,673cca33eee1f86dff640056,,,,,,,,,,,,,,,,,,,,,,,,,,,,,,,,,,,,,,,,,,5,,,,,,,,,,,,,4,,,,,,,,,,,,,,,,,,,,,,,,,,,,,,,,,,,,,,,,,,,,,,,k,0.4955,,space,4,red_gnome,4,8,bright_forest,red_basket,pink_gnome,4,7,dark_forest,yellow_basket,35,0,0,1,pink_gnome,dark_forest,yellow_basket,1116,1,-3,10,4,84,7,1,0.2442,,,,,,,,,,,,,,,,,,,,,,,,,,,,,,,,,,,,,,,,,,,,,,,,,,,,,,,,,,,,,,,,,,,,,,
,,,,,,,,,,,,,,,,,,,,,,,,,,,,,,,,,,,,,,,,,,,,,,,,,,,,,,,,,,,,,,,,,,138517,001,2024-11-19_12h27.45.750,experiment,2023.2.3,Win32,50,61084dbab48ab21fce452554,673c6e3c1bdcd7f14d4497df,673cca33eee1f86dff640056,,,,,,,,,,,,,,,,,,,,,,,,,,,,,,,,,,,,,,,,,,5,,,,,,,,,,,,,4,,,,,,,,,,,,,,,,,,,,,,,,,,,,,,,,,,,,,,,,,,,,,,,k,0.4868,,space,4,red_gnome,4,9,bright_forest,red_basket,pink_gnome,4,4,dark_forest,yellow_basket,20,0,0,1,pink_gnome,dark_forest,yellow_basket,1136,2,-1,10,5,85,7,1,0.2474,,,,,,,,,,,,,,,,,,,,,,,,,,,,,,,,,,,,,,,,,,,,,,,,,,,,,,,,,,,,,,,,,,,,,,
,,,,,,,,,,,,,,,,,,,,,,,,,,,,,,,,,,,,,,,,,,,,,,,,,,,,,,,,,,,,,,,,,,138517,001,2024-11-19_12h27.45.750,experiment,2023.2.3,Win32,50,61084dbab48ab21fce452554,673c6e3c1bdcd7f14d4497df,673cca33eee1f86dff640056,,,,,,,,,,,,,,,,,,,,,,,,,,,,,,,,,,,,,,,,,,1,,,,,,,,,,,,,4,,,,,,,,,,,,,,,,,,,,,,,,,,,,,,,,,,,,,,,,,,,,,,,k,0.3285,,space,4,pink_gnome,4,3,dark_forest,yellow_basket,red_gnome,4,7,bright_forest,red_basket,7,0,0,1,red_gnome,bright_forest,red_basket,1143,0,-1,10,6,86,3,1,0.053,,,,,,,,,,,,,,,,,,,,,,,,,,,,,,,,,,,,,,,,,,,,,,,,,,,,,,,,,,,,,,,,,,,,,,
,,,,,,,,,,,,,,,,,,,,,,,,,,,,,,,,,,,,,,,,,,,,,,,,,,,,,,,,,,,,,,,,,,138517,001,2024-11-19_12h27.45.750,experiment,2023.2.3,Win32,50,61084dbab48ab21fce452554,673c6e3c1bdcd7f14d4497df,673cca33eee1f86dff640056,,,,,,,,,,,,,,,,,,,,,,,,,,,,,,,,,,,,,,,,,,1,,,,,,,,,,,,,4,,,,,,,,,,,,,,,,,,,,,,,,,,,,,,,,,,,,,,,,,,,,,,,k,0.0295,,space,4,red_gnome,4,7,bright_forest,red_basket,pink_gnome,4,2,dark_forest,yellow_basket,2,0,0,1,pink_gnome,dark_forest,yellow_basket,1145,0,0,10,7,87,3,1,0.3154,,,,,,,,,,,,,,,,,,,,,,,,,,,,,,,,,,,,,,,,,,,,,,,,,,,,,,,,,,,,,,,,,,,,,,
,,,,,,,,,,,,,,,,,,,,,,,,,,,,,,,,,,,,,,,,,,,,,,,,,,,,,,,,,,,,,,,,,,138517,001,2024-11-19_12h27.45.750,experiment,2023.2.3,Win32,50,61084dbab48ab21fce452554,673c6e3c1bdcd7f14d4497df,673cca33eee1f86dff640056,,,,,,,,,,,,,,,,,,,,,,,,,,,,,,,,,,,,,,,,,,5,,,,,,,,,,,,,1,,,,,,,,,,,,,,,,,,,,,,,,,,,,,,,,,,,,,,,,,,,,,,,k,0.0466,,space,1,orange_gnome,1,2,dark_forest,yellow_basket,yellow_gnome,1,7,bright_forest,red_basket,35,0,0,1,yellow_gnome,bright_forest,red_basket,1180,3,0,11,0,88,4,1,0.3311,,,,,,,,,,,,,,,,,,,,,,,,,,,,,,,,,,,,,,,,,,,,,,,,,,,,,,,,,,,,,,,,,,,,,,
,,,,,,,,,,,,,,,,,,,,,,,,,,,,,,,,,,,,,,,,,,,,,,,,,,,,,,,,,,,,,,,,,,138517,001,2024-11-19_12h27.45.750,experiment,2023.2.3,Win32,50,61084dbab48ab21fce452554,673c6e3c1bdcd7f14d4497df,673cca33eee1f86dff640056,,,,,,,,,,,,,,,,,,,,,,,,,,,,,,,,,,,,,,,,,,1,,,,,,,,,,,,,3,,,,,,,,,,,,,,,,,,,,,,,,,,,,,,,,,,,,,,,,,,,,,,,k,0.0676,,space,3,green_gnome,3,8,bright_forest,red_basket,purple_gnome,3,2,dark_forest,yellow_basket,2,0,0,1,purple_gnome,dark_forest,yellow_basket,1182,1,-1,11,1,89,2,1,0.2474,,,,,,,,,,,,,,,,,,,,,,,,,,,,,,,,,,,,,,,,,,,,,,,,,,,,,,,,,,,,,,,,,,,,,,
,,,,,,,,,,,,,,,,,,,,,,,,,,,,,,,,,,,,,,,,,,,,,,,,,,,,,,,,,,,,,,,,,,138517,001,2024-11-19_12h27.45.750,experiment,2023.2.3,Win32,50,61084dbab48ab21fce452554,673c6e3c1bdcd7f14d4497df,673cca33eee1f86dff640056,,,,,,,,,,,,,,,,,,,,,,,,,,,,,,,,,,,,,,,,,,5,,,,,,,,,,,,,3,,,,,,,,,,,,,,,,,,,,,,,,,,,,,,,,,,,,,,,,,,,,,,,k,0.0755,,space,3,green_gnome,3,9,bright_forest,red_basket,purple_gnome,3,1,dark_forest,yellow_basket,5,0,0,1,purple_gnome,dark_forest,yellow_basket,1187,-1,3,11,2,90,6,1,0.1979,,,,,,,,,,,,,,,,,,,,,,,,,,,,,,,,,,,,,,,,,,,,,,,,,,,,,,,,,,,,,,,,,,,,,,
,,,,,,,,,,,,,,,,,,,,,,,,,,,,,,,,,,,,,,,,,,,,,,,,,,,,,,,,,,,,,,,,,,138517,001,2024-11-19_12h27.45.750,experiment,2023.2.3,Win32,50,61084dbab48ab21fce452554,673c6e3c1bdcd7f14d4497df,673cca33eee1f86dff640056,,,,,,,,,,,,,,,,,,,,,,,,,,,,,,,,,,,,,,,,,,1,,,,,,,,,,,,,3,,,,,,,,,,,,,,,,,,,,,,,,,,,,,,,,,,,,,,,,,,,,,,,k,0.3405,,space,3,purple_gnome,3,4,dark_forest,yellow_basket,green_gnome,3,8,bright_forest,red_basket,8,0,0,1,green_gnome,bright_forest,red_basket,1195,2,1,11,3,91,2,1,0.2064,,,,,,,,,,,,,,,,,,,,,,,,,,,,,,,,,,,,,,,,,,,,,,,,,,,,,,,,,,,,,,,,,,,,,,
,,,,,,,,,,,,,,,,,,,,,,,,,,,,,,,,,,,,,,,,,,,,,,,,,,,,,,,,,,,,,,,,,,138517,001,2024-11-19_12h27.45.750,experiment,2023.2.3,Win32,50,61084dbab48ab21fce452554,673c6e3c1bdcd7f14d4497df,673cca33eee1f86dff640056,,,,,,,,,,,,,,,,,,,,,,,,,,,,,,,,,,,,,,,,,,5,,,,,,,,,,,,,3,,,,,,,,,,,,,,,,,,,,,,,,,,,,,,,,,,,,,,,,,,,,,,,k,0.2753,,space,3,purple_gnome,3,5,dark_forest,yellow_basket,green_gnome,3,8,bright_forest,red_basket,40,0,0,1,green_gnome,bright_forest,red_basket,1235,2,0,11,4,92,6,1,0.0761,,,,,,,,,,,,,,,,,,,,,,,,,,,,,,,,,,,,,,,,,,,,,,,,,,,,,,,,,,,,,,,,,,,,,,
,,,,,,,,,,,,,,,,,,,,,,,,,,,,,,,,,,,,,,,,,,,,,,,,,,,,,,,,,,,,,,,,,,138517,001,2024-11-19_12h27.45.750,experiment,2023.2.3,Win32,50,61084dbab48ab21fce452554,673c6e3c1bdcd7f14d4497df,673cca33eee1f86dff640056,,,,,,,,,,,,,,,,,,,,,,,,,,,,,,,,,,,,,,,,,,5,,,,,,,,,,,,,4,,,,,,,,,,,,,,,,,,,,,,,,,,,,,,,,,,,,,,,,,,,,,,,k,0.3113,,space,4,pink_gnome,4,5,dark_forest,yellow_basket,red_gnome,4,8,bright_forest,red_basket,40,0,0,1,red_gnome,bright_forest,red_basket,1275,0,-1,11,5,93,7,1,0.3142,,,,,,,,,,,,,,,,,,,,,,,,,,,,,,,,,,,,,,,,,,,,,,,,,,,,,,,,,,,,,,,,,,,,,,
,,,,,,,,,,,,,,,,,,,,,,,,,,,,,,,,,,,,,,,,,,,,,,,,,,,,,,,,,,,,,,,,,,138517,001,2024-11-19_12h27.45.750,experiment,2023.2.3,Win32,50,61084dbab48ab21fce452554,673c6e3c1bdcd7f14d4497df,673cca33eee1f86dff640056,,,,,,,,,,,,,,,,,,,,,,,,,,,,,,,,,,,,,,,,,,5,,,,,,,,,,,,,2,,,,,,,,,,,,,,,,,,,,,,,,,,,,,,,,,,,,,,,,,,,,,,,k,0.3446,,space,2,brown_gnome,2,4,dark_forest,yellow_basket,blue_gnome,2,8,bright_forest,red_basket,40,0,0,1,blue_gnome,bright_forest,red_basket,1315,2,0,11,6,94,5,1,0.3755,,,,,,,,,,,,,,,,,,,,,,,,,,,,,,,,,,,,,,,,,,,,,,,,,,,,,,,,,,,,,,,,,,,,,,
,,,,,,,,,,,,,,,,,,,,,,,,,,,,,,,,,,,,,,,,,,,,,,,,,,,,,,,,,,,,,,,,,,138517,001,2024-11-19_12h27.45.750,experiment,2023.2.3,Win32,50,61084dbab48ab21fce452554,673c6e3c1bdcd7f14d4497df,673cca33eee1f86dff640056,,,,,,,,,,,,,,,,,,,,,,,,,,,,,,,,,,,,,,,,,,5,,,,,,,,,,,,,2,,,,,,,,,,,,,,,,,,,,,,,,,,,,,,,,,,,,,,,,,,,,,,,k,0.1316,,space,2,blue_gnome,2,8,bright_forest,red_basket,brown_gnome,2,4,dark_forest,yellow_basket,20,0,0,1,brown_gnome,dark_forest,yellow_basket,1335,1,-1,11,7,95,5,1,0.1109,,,,,,,,,,,,,,,,,,,,,,,,,,,,,,,,,,,,,,,,,,,,,,,,,,,,,,,,,,,,,,,,,,,,,,
,,,,,,,,,,,,,,,,,,,,,,,,,,,,,,,,,,,,,,,,,,,,,,,,,,,,,,,,,,,,,,,,,,138517,001,2024-11-19_12h27.45.750,experiment,2023.2.3,Win32,50,61084dbab48ab21fce452554,673c6e3c1bdcd7f14d4497df,673cca33eee1f86dff640056,,,,,,,,,,,,,,,,,,,,,,,,,,,,,,,,,,,,,,,,,,1,,,,,,,,,,,,,3,,,,,,,,,,,,,,,,,,,,,,,,,,,,,,,,,,,,,,,,,,,,,,,k,0.3319,,space,3,green_gnome,3,9,bright_forest,red_basket,purple_gnome,3,3,dark_forest,yellow_basket,3,0,0,1,purple_gnome,dark_forest,yellow_basket,1338,2,-3,12,0,96,2,1,0.1666,,,,,,,,,,,,,,,,,,,,,,,,,,,,,,,,,,,,,,,,,,,,,,,,,,,,,,,,,,,,,,,,,,,,,,
,,,,,,,,,,,,,,,,,,,,,,,,,,,,,,,,,,,,,,,,,,,,,,,,,,,,,,,,,,,,,,,,,,138517,001,2024-11-19_12h27.45.750,experiment,2023.2.3,Win32,50,61084dbab48ab21fce452554,673c6e3c1bdcd7f14d4497df,673cca33eee1f86dff640056,,,,,,,,,,,,,,,,,,,,,,,,,,,,,,,,,,,,,,,,,,1,,,,,,,,,,,,,4,,,,,,,,,,,,,,,,,,,,,,,,,,,,,,,,,,,,,,,,,,,,,,,k,0.3115,,space,4,pink_gnome,4,0,dark_forest,yellow_basket,red_gnome,4,7,bright_forest,red_basket,7,0,0,1,red_gnome,bright_forest,red_basket,1345,4,-1,12,1,97,3,1,0.0421,,,,,,,,,,,,,,,,,,,,,,,,,,,,,,,,,,,,,,,,,,,,,,,,,,,,,,,,,,,,,,,,,,,,,,
,,,,,,,,,,,,,,,,,,,,,,,,,,,,,,,,,,,,,,,,,,,,,,,,,,,,,,,,,,,,,,,,,,138517,001,2024-11-19_12h27.45.750,experiment,2023.2.3,Win32,50,61084dbab48ab21fce452554,673c6e3c1bdcd7f14d4497df,673cca33eee1f86dff640056,,,,,,,,,,,,,,,,,,,,,,,,,,,,,,,,,,,,,,,,,,1,,,,,,,,,,,,,2,,,,,,,,,,,,,,,,,,,,,,,,,,,,,,,,,,,,,,,,,,,,,,,k,0.2719,,space,2,brown_gnome,2,1,dark_forest,yellow_basket,blue_gnome,2,7,bright_forest,red_basket,7,0,0,1,blue_gnome,bright_forest,red_basket,1352,0,0,12,2,98,1,1,0.0481,,,,,,,,,,,,,,,,,,,,,,,,,,,,,,,,,,,,,,,,,,,,,,,,,,,,,,,,,,,,,,,,,,,,,,
,,,,,,,,,,,,,,,,,,,,,,,,,,,,,,,,,,,,,,,,,,,,,,,,,,,,,,,,,,,,,,,,,,138517,001,2024-11-19_12h27.45.750,experiment,2023.2.3,Win32,50,61084dbab48ab21fce452554,673c6e3c1bdcd7f14d4497df,673cca33eee1f86dff640056,,,,,,,,,,,,,,,,,,,,,,,,,,,,,,,,,,,,,,,,,,5,,,,,,,,,,,,,3,,,,,,,,,,,,,,,,,,,,,,,,,,,,,,,,,,,,,,,,,,,,,,,k,0.2717,,,3,purple_gnome,3,1,dark_forest,yellow_basket,green_gnome,3,7,bright_forest,red_basket,0,0,1,0,green_gnome,bright_forest,red_basket,1352,0,-2,12,3,99,6,1,,,,,,,,,,,,,,,,,,,,,,,,,,,,,,,,,,,,,,,,,,,,,,,,,,,,,,,,,,,,,,,,,,,,,,,
,,,,,,,,,,,,,,,,,,,,,,,,,,,,,,,,,,,,,,,,,,,,,,,,,,,,,,,,,,,,,,,,,,138517,001,2024-11-19_12h27.45.750,experiment,2023.2.3,Win32,50,61084dbab48ab21fce452554,673c6e3c1bdcd7f14d4497df,673cca33eee1f86dff640056,,,,,,,,,,,,,,,,,,,,,,,,,,,,,,,,,,,,,,,,,,1,,,,,,,,,,,,,2,,,,,,,,,,,,,,,,,,,,,,,,,,,,,,,,,,,,,,,,,,,,,,,k,0.3062,,space,2,brown_gnome,2,1,dark_forest,yellow_basket,blue_gnome,2,7,bright_forest,red_basket,7,0,0,1,blue_gnome,bright_forest,red_basket,1359,-1,0,12,4,100,1,1,0.0522,,,,,,,,,,,,,,,,,,,,,,,,,,,,,,,,,,,,,,,,,,,,,,,,,,,,,,,,,,,,,,,,,,,,,,
,,,,,,,,,,,,,,,,,,,,,,,,,,,,,,,,,,,,,,,,,,,,,,,,,,,,,,,,,,,,,,,,,,138517,001,2024-11-19_12h27.45.750,experiment,2023.2.3,Win32,50,61084dbab48ab21fce452554,673c6e3c1bdcd7f14d4497df,673cca33eee1f86dff640056,,,,,,,,,,,,,,,,,,,,,,,,,,,,,,,,,,,,,,,,,,1,,,,,,,,,,,,,1,,,,,,,,,,,,,,,,,,,,,,,,,,,,,,,,,,,,,,,,,,,,,,,k,0.2883,,space,1,orange_gnome,1,1,dark_forest,yellow_basket,yellow_gnome,1,6,bright_forest,red_basket,6,0,0,1,yellow_gnome,bright_forest,red_basket,1365,-1,1,12,5,101,0,1,0.0503,,,,,,,,,,,,,,,,,,,,,,,,,,,,,,,,,,,,,,,,,,,,,,,,,,,,,,,,,,,,,,,,,,,,,,
,,,,,,,,,,,,,,,,,,,,,,,,,,,,,,,,,,,,,,,,,,,,,,,,,,,,,,,,,,,,,,,,,,138517,001,2024-11-19_12h27.45.750,experiment,2023.2.3,Win32,50,61084dbab48ab21fce452554,673c6e3c1bdcd7f14d4497df,673cca33eee1f86dff640056,,,,,,,,,,,,,,,,,,,,,,,,,,,,,,,,,,,,,,,,,,1,,,,,,,,,,,,,3,,,,,,,,,,,,,,,,,,,,,,,,,,,,,,,,,,,,,,,,,,,,,,,k,0.1463,,space,3,purple_gnome,3,2,dark_forest,yellow_basket,green_gnome,3,5,bright_forest,red_basket,5,0,0,1,green_gnome,bright_forest,red_basket,1370,0,2,12,6,102,2,1,0.3721,,,,,,,,,,,,,,,,,,,,,,,,,,,,,,,,,,,,,,,,,,,,,,,,,,,,,,,,,,,,,,,,,,,,,,
,,,,,,,,,,,,,,,,,,,,,,,,,,,,,,,,,,,,,,,,,,,,,,,,,,,,,,,,,,,,,,,,,,138517,001,2024-11-19_12h27.45.750,experiment,2023.2.3,Win32,50,61084dbab48ab21fce452554,673c6e3c1bdcd7f14d4497df,673cca33eee1f86dff640056,,,,,,,,,,,,,,,,,,,,,,,,,,,,,,,,,,,,,,,,,,5,,,,,,,,,,,,,1,,,,,,,,,,,,,,,,,,,,,,,,,,,,,,,,,,,,,,,,,,,,,,,k,0.289,,space,1,yellow_gnome,1,5,bright_forest,red_basket,orange_gnome,1,4,dark_forest,yellow_basket,20,0,0,1,orange_gnome,dark_forest,yellow_basket,1390,0,0,12,7,103,4,1,0.0869,,,,,,,,,,,,,,,,,,,,,,,,,,,,,,,,,,,,,,,,,,,,,,,,,,,,,,,,,,,,,,,,,,,,,,
,,,,,,,,,,,,,,,,,,,,,,,,,,,,,,,,,,,,,,,,,,,,,,,,,,,,,,,,,,,,,,,,,,138517,001,2024-11-19_12h27.45.750,experiment,2023.2.3,Win32,50,61084dbab48ab21fce452554,673c6e3c1bdcd7f14d4497df,673cca33eee1f86dff640056,,,,,,,,,,,,,,,,,,,,,,,,,,,,,,,,,,,,,,,,,,5,,,,,,,,,,,,,2,,,,,,,,,,,,,,,,,,,,,,,,,,,,,,,,,,,,,,,,,,,,,,,k,0.6075,,space,2,brown_gnome,2,4,dark_forest,yellow_basket,blue_gnome,2,5,bright_forest,red_basket,25,0,0,1,blue_gnome,bright_forest,red_basket,1415,-2,-2,13,0,104,5,1,0.5794,,,,,,,,,,,,,,,,,,,,,,,,,,,,,,,,,,,,,,,,,,,,,,,,,,,,,,,,,,,,,,,,,,,,,,
,,,,,,,,,,,,,,,,,,,,,,,,,,,,,,,,,,,,,,,,,,,,,,,,,,,,,,,,,,,,,,,,,,138517,001,2024-11-19_12h27.45.750,experiment,2023.2.3,Win32,50,61084dbab48ab21fce452554,673c6e3c1bdcd7f14d4497df,673cca33eee1f86dff640056,,,,,,,,,,,,,,,,,,,,,,,,,,,,,,,,,,,,,,,,,,5,,,,,,,,,,,,,3,,,,,,,,,,,,,,,,,,,,,,,,,,,,,,,,,,,,,,,,,,,,,,,k,0.5679,,space,3,green_gnome,3,3,bright_forest,red_basket,purple_gnome,3,2,dark_forest,yellow_basket,10,0,0,1,purple_gnome,dark_forest,yellow_basket,1425,-3,1,13,1,105,6,1,0.275,,,,,,,,,,,,,,,,,,,,,,,,,,,,,,,,,,,,,,,,,,,,,,,,,,,,,,,,,,,,,,,,,,,,,,
,,,,,,,,,,,,,,,,,,,,,,,,,,,,,,,,,,,,,,,,,,,,,,,,,,,,,,,,,,,,,,,,,,138517,001,2024-11-19_12h27.45.750,experiment,2023.2.3,Win32,50,61084dbab48ab21fce452554,673c6e3c1bdcd7f14d4497df,673cca33eee1f86dff640056,,,,,,,,,,,,,,,,,,,,,,,,,,,,,,,,,,,,,,,,,,5,,,,,,,,,,,,,2,,,,,,,,,,,,,,,,,,,,,,,,,,,,,,,,,,,,,,,,,,,,,,,k,0.2854,,space,2,blue_gnome,2,0,bright_forest,red_basket,brown_gnome,2,3,dark_forest,yellow_basket,15,0,0,1,brown_gnome,dark_forest,yellow_basket,1440,0,2,13,2,106,5,1,0.188,,,,,,,,,,,,,,,,,,,,,,,,,,,,,,,,,,,,,,,,,,,,,,,,,,,,,,,,,,,,,,,,,,,,,,
,,,,,,,,,,,,,,,,,,,,,,,,,,,,,,,,,,,,,,,,,,,,,,,,,,,,,,,,,,,,,,,,,,138517,001,2024-11-19_12h27.45.750,experiment,2023.2.3,Win32,50,61084dbab48ab21fce452554,673c6e3c1bdcd7f14d4497df,673cca33eee1f86dff640056,,,,,,,,,,,,,,,,,,,,,,,,,,,,,,,,,,,,,,,,,,1,,,,,,,,,,,,,3,,,,,,,,,,,,,,,,,,,,,,,,,,,,,,,,,,,,,,,,,,,,,,,k,0.3195,,space,3,green_gnome,3,0,bright_forest,red_basket,purple_gnome,3,5,dark_forest,yellow_basket,5,0,0,1,purple_gnome,dark_forest,yellow_basket,1445,0,0,13,3,107,2,1,0.0276,,,,,,,,,,,,,,,,,,,,,,,,,,,,,,,,,,,,,,,,,,,,,,,,,,,,,,,,,,,,,,,,,,,,,,
,,,,,,,,,,,,,,,,,,,,,,,,,,,,,,,,,,,,,,,,,,,,,,,,,,,,,,,,,,,,,,,,,,138517,001,2024-11-19_12h27.45.750,experiment,2023.2.3,Win32,50,61084dbab48ab21fce452554,673c6e3c1bdcd7f14d4497df,673cca33eee1f86dff640056,,,,,,,,,,,,,,,,,,,,,,,,,,,,,,,,,,,,,,,,,,5,,,,,,,,,,,,,3,,,,,,,,,,,,,,,,,,,,,,,,,,,,,,,,,,,,,,,,,,,,,,,k,0.2724,,space,3,green_gnome,3,0,bright_forest,red_basket,purple_gnome,3,5,dark_forest,yellow_basket,25,0,0,1,purple_gnome,dark_forest,yellow_basket,1470,0,-1,13,4,108,6,1,0.2864,,,,,,,,,,,,,,,,,,,,,,,,,,,,,,,,,,,,,,,,,,,,,,,,,,,,,,,,,,,,,,,,,,,,,,
,,,,,,,,,,,,,,,,,,,,,,,,,,,,,,,,,,,,,,,,,,,,,,,,,,,,,,,,,,,,,,,,,,138517,001,2024-11-19_12h27.45.750,experiment,2023.2.3,Win32,50,61084dbab48ab21fce452554,673c6e3c1bdcd7f14d4497df,673cca33eee1f86dff640056,,,,,,,,,,,,,,,,,,,,,,,,,,,,,,,,,,,,,,,,,,1,,,,,,,,,,,,,2,,,,,,,,,,,,,,,,,,,,,,,,,,,,,,,,,,,,,,,,,,,,,,,k,0.3081,,space,2,brown_gnome,2,4,dark_forest,yellow_basket,blue_gnome,2,0,bright_forest,red_basket,0,0,0,1,blue_gnome,bright_forest,red_basket,1470,0,-3,13,5,109,1,1,0.3189,,,,,,,,,,,,,,,,,,,,,,,,,,,,,,,,,,,,,,,,,,,,,,,,,,,,,,,,,,,,,,,,,,,,,,
,,,,,,,,,,,,,,,,,,,,,,,,,,,,,,,,,,,,,,,,,,,,,,,,,,,,,,,,,,,,,,,,,,138517,001,2024-11-19_12h27.45.750,experiment,2023.2.3,Win32,50,61084dbab48ab21fce452554,673c6e3c1bdcd7f14d4497df,673cca33eee1f86dff640056,,,,,,,,,,,,,,,,,,,,,,,,,,,,,,,,,,,,,,,,,,5,,,,,,,,,,,,,1,,,,,,,,,,,,,,,,,,,,,,,,,,,,,,,,,,,,,,,,,,,,,,,s,0.0453,,space,1,orange_gnome,1,1,dark_forest,yellow_basket,yellow_gnome,1,0,bright_forest,red_basket,5,0,0,1,orange_gnome,dark_forest,yellow_basket,1475,1,1,13,6,110,4,1,0.3743,,,,,,,,,,,,,,,,,,,,,,,,,,,,,,,,,,,,,,,,,,,,,,,,,,,,,,,,,,,,,,,,,,,,,,
,,,,,,,,,,,,,,,,,,,,,,,,,,,,,,,,,,,,,,,,,,,,,,,,,,,,,,,,,,,,,,,,,,138517,001,2024-11-19_12h27.45.750,experiment,2023.2.3,Win32,50,61084dbab48ab21fce452554,673c6e3c1bdcd7f14d4497df,673cca33eee1f86dff640056,,,,,,,,,,,,,,,,,,,,,,,,,,,,,,,,,,,,,,,,,,5,,,,,,,,,,,,,1,,,,,,,,,,,,,,,,,,,,,,,,,,,,,,,,,,,,,,,,,,,,,,,k,0.0642,,space,1,yellow_gnome,1,1,bright_forest,red_basket,orange_gnome,1,2,dark_forest,yellow_basket,10,0,0,1,orange_gnome,dark_forest,yellow_basket,1485,-3,0,13,7,111,4,1,0.0295,,,,,,,,,,,,,,,,,,,,,,,,,,,,,,,,,,,,,,,,,,,,,,,,,,,,,,,,,,,,,,,,,,,,,,
,,,,,,,,,,,,,,,,,,,,,,,,,,,,,,,,,,,,,,,,,,,,,,,,,,,,,,,,,,,,,,,,,,138517,001,2024-11-19_12h27.45.750,experiment,2023.2.3,Win32,50,61084dbab48ab21fce452554,673c6e3c1bdcd7f14d4497df,673cca33eee1f86dff640056,,,,,,,,,,,,,,,,,,,,,,,,,,,,,,,,,,,,,,,,,,5,,,,,,,,,,,,,2,,,,,,,,,,,,,,,,,,,,,,,,,,,,,,,,,,,,,,,,,,,,,,,k,0.2915,,space,2,brown_gnome,2,2,dark_forest,yellow_basket,blue_gnome,2,2,bright_forest,red_basket,10,0,0,1,blue_gnome,bright_forest,red_basket,1495,0,-1,14,0,112,5,1,0.3367,,,,,,,,,,,,,,,,,,,,,,,,,,,,,,,,,,,,,,,,,,,,,,,,,,,,,,,,,,,,,,,,,,,,,,
,,,,,,,,,,,,,,,,,,,,,,,,,,,,,,,,,,,,,,,,,,,,,,,,,,,,,,,,,,,,,,,,,,138517,001,2024-11-19_12h27.45.750,experiment,2023.2.3,Win32,50,61084dbab48ab21fce452554,673c6e3c1bdcd7f14d4497df,673cca33eee1f86dff640056,,,,,,,,,,,,,,,,,,,,,,,,,,,,,,,,,,,,,,,,,,1,,,,,,,,,,,,,3,,,,,,,,,,,,,,,,,,,,,,,,,,,,,,,,,,,,,,,,,,,,,,,k,0.1886,,space,3,green_gnome,3,2,bright_forest,red_basket,purple_gnome,3,1,dark_forest,yellow_basket,1,0,0,1,purple_gnome,dark_forest,yellow_basket,1496,-5,3,14,1,113,2,1,0.3276,,,,,,,,,,,,,,,,,,,,,,,,,,,,,,,,,,,,,,,,,,,,,,,,,,,,,,,,,,,,,,,,,,,,,,
,,,,,,,,,,,,,,,,,,,,,,,,,,,,,,,,,,,,,,,,,,,,,,,,,,,,,,,,,,,,,,,,,,138517,001,2024-11-19_12h27.45.750,experiment,2023.2.3,Win32,50,61084dbab48ab21fce452554,673c6e3c1bdcd7f14d4497df,673cca33eee1f86dff640056,,,,,,,,,,,,,,,,,,,,,,,,,,,,,,,,,,,,,,,,,,1,,,,,,,,,,,,,1,,,,,,,,,,,,,,,,,,,,,,,,,,,,,,,,,,,,,,,,,,,,,,,s,0.267,,space,1,orange_gnome,1,4,dark_forest,yellow_basket,yellow_gnome,1,3,bright_forest,red_basket,4,0,0,1,orange_gnome,dark_forest,yellow_basket,1500,-2,-1,14,2,114,0,1,0.045,,,,,,,,,,,,,,,,,,,,,,,,,,,,,,,,,,,,,,,,,,,,,,,,,,,,,,,,,,,,,,,,,,,,,,
,,,,,,,,,,,,,,,,,,,,,,,,,,,,,,,,,,,,,,,,,,,,,,,,,,,,,,,,,,,,,,,,,,138517,001,2024-11-19_12h27.45.750,experiment,2023.2.3,Win32,50,61084dbab48ab21fce452554,673c6e3c1bdcd7f14d4497df,673cca33eee1f86dff640056,,,,,,,,,,,,,,,,,,,,,,,,,,,,,,,,,,,,,,,,,,1,,,,,,,,,,,,,1,,,,,,,,,,,,,,,,,,,,,,,,,,,,,,,,,,,,,,,,,,,,,,,s,0.2808,,space,1,yellow_gnome,1,1,bright_forest,red_basket,orange_gnome,1,3,dark_forest,yellow_basket,1,0,0,1,yellow_gnome,bright_forest,red_basket,1501,-4,0,14,3,115,0,1,0.3072,,,,,,,,,,,,,,,,,,,,,,,,,,,,,,,,,,,,,,,,,,,,,,,,,,,,,,,,,,,,,,,,,,,,,,
,,,,,,,,,,,,,,,,,,,,,,,,,,,,,,,,,,,,,,,,,,,,,,,,,,,,,,,,,,,,,,,,,,138517,001,2024-11-19_12h27.45.750,experiment,2023.2.3,Win32,50,61084dbab48ab21fce452554,673c6e3c1bdcd7f14d4497df,673cca33eee1f86dff640056,,,,,,,,,,,,,,,,,,,,,,,,,,,,,,,,,,,,,,,,,,5,,,,,,,,,,,,,1,,,,,,,,,,,,,,,,,,,,,,,,,,,,,,,,,,,,,,,,,,,,,,,k,0.3676,,space,1,orange_gnome,1,3,dark_forest,yellow_basket,yellow_gnome,1,3,bright_forest,red_basket,15,0,0,1,yellow_gnome,bright_forest,red_basket,1516,4,5,14,4,116,4,1,0.3683,,,,,,,,,,,,,,,,,,,,,,,,,,,,,,,,,,,,,,,,,,,,,,,,,,,,,,,,,,,,,,,,,,,,,,
,,,,,,,,,,,,,,,,,,,,,,,,,,,,,,,,,,,,,,,,,,,,,,,,,,,,,,,,,,,,,,,,,,138517,001,2024-11-19_12h27.45.750,experiment,2023.2.3,Win32,50,61084dbab48ab21fce452554,673c6e3c1bdcd7f14d4497df,673cca33eee1f86dff640056,,,,,,,,,,,,,,,,,,,,,,,,,,,,,,,,,,,,,,,,,,1,,,,,,,,,,,,,4,,,,,,,,,,,,,,,,,,,,,,,,,,,,,,,,,,,,,,,,,,,,,,,k,0.4709,,space,4,pink_gnome,4,8,dark_forest,yellow_basket,red_gnome,4,7,bright_forest,red_basket,7,0,0,1,red_gnome,bright_forest,red_basket,1523,1,-1,14,5,117,3,1,0.2746,,,,,,,,,,,,,,,,,,,,,,,,,,,,,,,,,,,,,,,,,,,,,,,,,,,,,,,,,,,,,,,,,,,,,,
,,,,,,,,,,,,,,,,,,,,,,,,,,,,,,,,,,,,,,,,,,,,,,,,,,,,,,,,,,,,,,,,,,138517,001,2024-11-19_12h27.45.750,experiment,2023.2.3,Win32,50,61084dbab48ab21fce452554,673c6e3c1bdcd7f14d4497df,673cca33eee1f86dff640056,,,,,,,,,,,,,,,,,,,,,,,,,,,,,,,,,,,,,,,,,,1,,,,,,,,,,,,,3,,,,,,,,,,,,,,,,,,,,,,,,,,,,,,,,,,,,,,,,,,,,,,,k,0.3067,,space,3,purple_gnome,3,7,dark_forest,yellow_basket,green_gnome,3,8,bright_forest,red_basket,8,0,0,1,green_gnome,bright_forest,red_basket,1531,3,0,14,6,118,2,1,0.2353,,,,,,,,,,,,,,,,,,,,,,,,,,,,,,,,,,,,,,,,,,,,,,,,,,,,,,,,,,,,,,,,,,,,,,
,,,,,,,,,,,,,,,,,,,,,,,,,,,,,,,,,,,,,,,,,,,,,,,,,,,,,,,,,,,,,,,,,,138517,001,2024-11-19_12h27.45.750,experiment,2023.2.3,Win32,50,61084dbab48ab21fce452554,673c6e3c1bdcd7f14d4497df,673cca33eee1f86dff640056,,,,,,,,,,,,,,,,,,,,,,,,,,,,,,,,,,,,,,,,,,1,,,,,,,,,,,,,2,,,,,,,,,,,,,,,,,,,,,,,,,,,,,,,,,,,,,,,,,,,,,,,k,0.2458,,space,2,blue_gnome,2,7,bright_forest,red_basket,brown_gnome,2,7,dark_forest,yellow_basket,7,0,0,1,brown_gnome,dark_forest,yellow_basket,1538,-1,0,14,7,119,1,1,0.0198,,,,,,,,,,,,,,,,,,,,,,,,,,,,,,,,,,,,,,,,,,,,,,,,,,,,,,,,,,,,,,,,,,,,,,
,,,,,,,,,,,,,,,,,,,,,,,,,,,,,,,,,,,,,,,,,,,,,,,,,,,,,,,,,,,,,,,,,,138517,001,2024-11-19_12h27.45.750,experiment,2023.2.3,Win32,50,61084dbab48ab21fce452554,673c6e3c1bdcd7f14d4497df,673cca33eee1f86dff640056,,,,,,,,,,,,,,,,,,,,,,,,,,,,,,,,,,,,,,,,,,1,,,,,,,,,,,,,3,,,,,,,,,,,,,,,,,,,,,,,,,,,,,,,,,,,,,,,,,,,,,,,k,0.4656,,space,3,green_gnome,3,6,bright_forest,red_basket,purple_gnome,3,7,dark_forest,yellow_basket,7,0,0,1,purple_gnome,dark_forest,yellow_basket,1545,2,0,15,0,120,2,1,0.1853,,,,,,,,,,,,,,,,,,,,,,,,,,,,,,,,,,,,,,,,,,,,,,,,,,,,,,,,,,,,,,,,,,,,,,
,,,,,,,,,,,,,,,,,,,,,,,,,,,,,,,,,,,,,,,,,,,,,,,,,,,,,,,,,,,,,,,,,,138517,001,2024-11-19_12h27.45.750,experiment,2023.2.3,Win32,50,61084dbab48ab21fce452554,673c6e3c1bdcd7f14d4497df,673cca33eee1f86dff640056,,,,,,,,,,,,,,,,,,,,,,,,,,,,,,,,,,,,,,,,,,1,,,,,,,,,,,,,4,,,,,,,,,,,,,,,,,,,,,,,,,,,,,,,,,,,,,,,,,,,,,,,k,0.2918,,space,4,red_gnome,4,8,bright_forest,red_basket,pink_gnome,4,7,dark_forest,yellow_basket,7,0,0,1,pink_gnome,dark_forest,yellow_basket,1552,4,2,15,1,121,3,1,0.3243,,,,,,,,,,,,,,,,,,,,,,,,,,,,,,,,,,,,,,,,,,,,,,,,,,,,,,,,,,,,,,,,,,,,,,
,,,,,,,,,,,,,,,,,,,,,,,,,,,,,,,,,,,,,,,,,,,,,,,,,,,,,,,,,,,,,,,,,,138517,001,2024-11-19_12h27.45.750,experiment,2023.2.3,Win32,50,61084dbab48ab21fce452554,673c6e3c1bdcd7f14d4497df,673cca33eee1f86dff640056,,,,,,,,,,,,,,,,,,,,,,,,,,,,,,,,,,,,,,,,,,5,,,,,,,,,,,,,4,,,,,,,,,,,,,,,,,,,,,,,,,,,,,,,,,,,,,,,,,,,,,,,k,0.5204,,space,4,pink_gnome,4,9,dark_forest,yellow_basket,red_gnome,4,6,bright_forest,red_basket,30,0,0,1,red_gnome,bright_forest,red_basket,1582,1,-1,15,2,122,7,1,0.0488,,,,,,,,,,,,,,,,,,,,,,,,,,,,,,,,,,,,,,,,,,,,,,,,,,,,,,,,,,,,,,,,,,,,,,
,,,,,,,,,,,,,,,,,,,,,,,,,,,,,,,,,,,,,,,,,,,,,,,,,,,,,,,,,,,,,,,,,,138517,001,2024-11-19_12h27.45.750,experiment,2023.2.3,Win32,50,61084dbab48ab21fce452554,673c6e3c1bdcd7f14d4497df,673cca33eee1f86dff640056,,,,,,,,,,,,,,,,,,,,,,,,,,,,,,,,,,,,,,,,,,5,,,,,,,,,,,,,2,,,,,,,,,,,,,,,,,,,,,,,,,,,,,,,,,,,,,,,,,,,,,,,k,0.2884,,space,2,brown_gnome,2,8,dark_forest,yellow_basket,blue_gnome,2,7,bright_forest,red_basket,35,0,0,1,blue_gnome,bright_forest,red_basket,1617,3,-1,15,3,123,5,1,0.1285,,,,,,,,,,,,,,,,,,,,,,,,,,,,,,,,,,,,,,,,,,,,,,,,,,,,,,,,,,,,,,,,,,,,,,
,,,,,,,,,,,,,,,,,,,,,,,,,,,,,,,,,,,,,,,,,,,,,,,,,,,,,,,,,,,,,,,,,,138517,001,2024-11-19_12h27.45.750,experiment,2023.2.3,Win32,50,61084dbab48ab21fce452554,673c6e3c1bdcd7f14d4497df,673cca33eee1f86dff640056,,,,,,,,,,,,,,,,,,,,,,,,,,,,,,,,,,,,,,,,,,1,,,,,,,,,,,,,4,,,,,,,,,,,,,,,,,,,,,,,,,,,,,,,,,,,,,,,,,,,,,,,k,0.1163,,space,4,pink_gnome,4,7,dark_forest,yellow_basket,red_gnome,4,8,bright_forest,red_basket,8,0,0,1,red_gnome,bright_forest,red_basket,1625,-1,1,15,4,124,3,1,0.2888,,,,,,,,,,,,,,,,,,,,,,,,,,,,,,,,,,,,,,,,,,,,,,,,,,,,,,,,,,,,,,,,,,,,,,
,,,,,,,,,,,,,,,,,,,,,,,,,,,,,,,,,,,,,,,,,,,,,,,,,,,,,,,,,,,,,,,,,,138517,001,2024-11-19_12h27.45.750,experiment,2023.2.3,Win32,50,61084dbab48ab21fce452554,673c6e3c1bdcd7f14d4497df,673cca33eee1f86dff640056,,,,,,,,,,,,,,,,,,,,,,,,,,,,,,,,,,,,,,,,,,5,,,,,,,,,,,,,4,,,,,,,,,,,,,,,,,,,,,,,,,,,,,,,,,,,,,,,,,,,,,,,k,0.2653,,space,4,red_gnome,4,7,bright_forest,red_basket,pink_gnome,4,8,dark_forest,yellow_basket,40,0,0,1,pink_gnome,dark_forest,yellow_basket,1665,4,0,15,5,125,7,1,0.1151,,,,,,,,,,,,,,,,,,,,,,,,,,,,,,,,,,,,,,,,,,,,,,,,,,,,,,,,,,,,,,,,,,,,,,
,,,,,,,,,,,,,,,,,,,,,,,,,,,,,,,,,,,,,,,,,,,,,,,,,,,,,,,,,,,,,,,,,,138517,001,2024-11-19_12h27.45.750,experiment,2023.2.3,Win32,50,61084dbab48ab21fce452554,673c6e3c1bdcd7f14d4497df,673cca33eee1f86dff640056,,,,,,,,,,,,,,,,,,,,,,,,,,,,,,,,,,,,,,,,,,5,,,,,,,,,,,,,1,,,,,,,,,,,,,,,,,,,,,,,,,,,,,,,,,,,,,,,,,,,,,,,k,0.3551,,space,1,orange_gnome,1,8,dark_forest,yellow_basket,yellow_gnome,1,7,bright_forest,red_basket,35,0,0,1,yellow_gnome,bright_forest,red_basket,1700,-2,1,15,6,126,4,1,0.3265,,,,,,,,,,,,,,,,,,,,,,,,,,,,,,,,,,,,,,,,,,,,,,,,,,,,,,,,,,,,,,,,,,,,,,
,,,,,,,,,,,,,,,,,,,,,,,,,,,,,,,,,,,,,,,,,,,,,,,,,,,,,,,,,,,,,,,,,,138517,001,2024-11-19_12h27.45.750,experiment,2023.2.3,Win32,50,61084dbab48ab21fce452554,673c6e3c1bdcd7f14d4497df,673cca33eee1f86dff640056,,,,,,,,,,,,,,,,,,,,,,,,,,,,,,,,,,,,,,,,,,1,,,,,,,,,,,,,4,,,,,,,,,,,,,,,,,,,,,,,,,,,,,,,,,,,,,,,,,,,,,,,k,0.508,,space,4,red_gnome,4,5,bright_forest,red_basket,pink_gnome,4,9,dark_forest,yellow_basket,9,0,0,1,pink_gnome,dark_forest,yellow_basket,1709,1,-1,15,7,127,3,1,0.3307,,space,82.5222,,,,,,,,,,,,,,,,,,,,,,,,,,,,,,,,,,,,,,,,,,,,,,,,,,,,,,,,,,,,,,,,,,,
,,,,,,,,,,,,,,,,,,,,,,,,,,,,,,,,,,,,,,,,,,,,,,,,,,,,,,,,,,,,,,,,,,138517,001,2024-11-19_12h27.45.750,experiment,2023.2.3,Win32,50,61084dbab48ab21fce452554,673c6e3c1bdcd7f14d4497df,673cca33eee1f86dff640056,,,,,,,,,,,,,,,,,,,,,,,,,,,,,,,,,,,,,,,,,,1,,,,,,,,,,,,,2,,,,,,,,,,,,,,,,,,,,,,,,,,,,,,,,,,,,,,,,,,,,,,,s,0.3413,,space,2,brown_gnome,2,8,dark_forest,yellow_basket,blue_gnome,2,6,bright_forest,red_basket,8,0,0,1,brown_gnome,dark_forest,yellow_basket,1717,-1,-2,16,0,128,1,1,0.1049,,,,,,,,,,,,,,,,,,,,,,,,,,,,,,,,,,,,,,,,,,,,,,,,,,,,,,,,,,,,,,,,,,,,,,
,,,,,,,,,,,,,,,,,,,,,,,,,,,,,,,,,,,,,,,,,,,,,,,,,,,,,,,,,,,,,,,,,,138517,001,2024-11-19_12h27.45.750,experiment,2023.2.3,Win32,50,61084dbab48ab21fce452554,673c6e3c1bdcd7f14d4497df,673cca33eee1f86dff640056,,,,,,,,,,,,,,,,,,,,,,,,,,,,,,,,,,,,,,,,,,5,,,,,,,,,,,,,1,,,,,,,,,,,,,,,,,,,,,,,,,,,,,,,,,,,,,,,,,,,,,,,s,0.2405,,space,1,orange_gnome,1,6,dark_forest,yellow_basket,yellow_gnome,1,5,bright_forest,red_basket,30,0,0,1,orange_gnome,dark_forest,yellow_basket,1747,-2,-3,16,1,129,4,1,0.0863,,,,,,,,,,,,,,,,,,,,,,,,,,,,,,,,,,,,,,,,,,,,,,,,,,,,,,,,,,,,,,,,,,,,,,
,,,,,,,,,,,,,,,,,,,,,,,,,,,,,,,,,,,,,,,,,,,,,,,,,,,,,,,,,,,,,,,,,,138517,001,2024-11-19_12h27.45.750,experiment,2023.2.3,Win32,50,61084dbab48ab21fce452554,673c6e3c1bdcd7f14d4497df,673cca33eee1f86dff640056,,,,,,,,,,,,,,,,,,,,,,,,,,,,,,,,,,,,,,,,,,1,,,,,,,,,,,,,3,,,,,,,,,,,,,,,,,,,,,,,,,,,,,,,,,,,,,,,,,,,,,,,s,0.2468,,space,3,green_gnome,3,3,bright_forest,red_basket,purple_gnome,3,3,dark_forest,yellow_basket,3,0,0,1,green_gnome,bright_forest,red_basket,1750,-2,0,16,2,130,2,1,0.0445,,,,,,,,,,,,,,,,,,,,,,,,,,,,,,,,,,,,,,,,,,,,,,,,,,,,,,,,,,,,,,,,,,,,,,
,,,,,,,,,,,,,,,,,,,,,,,,,,,,,,,,,,,,,,,,,,,,,,,,,,,,,,,,,,,,,,,,,,138517,001,2024-11-19_12h27.45.750,experiment,2023.2.3,Win32,50,61084dbab48ab21fce452554,673c6e3c1bdcd7f14d4497df,673cca33eee1f86dff640056,,,,,,,,,,,,,,,,,,,,,,,,,,,,,,,,,,,,,,,,,,5,,,,,,,,,,,,,1,,,,,,,,,,,,,,,,,,,,,,,,,,,,,,,,,,,,,,,,,,,,,,,s,0.3919,,space,1,orange_gnome,1,3,dark_forest,yellow_basket,yellow_gnome,1,1,bright_forest,red_basket,15,0,0,1,orange_gnome,dark_forest,yellow_basket,1765,1,3,16,3,131,4,1,0.3961,,,,,,,,,,,,,,,,,,,,,,,,,,,,,,,,,,,,,,,,,,,,,,,,,,,,,,,,,,,,,,,,,,,,,,
,,,,,,,,,,,,,,,,,,,,,,,,,,,,,,,,,,,,,,,,,,,,,,,,,,,,,,,,,,,,,,,,,,138517,001,2024-11-19_12h27.45.750,experiment,2023.2.3,Win32,50,61084dbab48ab21fce452554,673c6e3c1bdcd7f14d4497df,673cca33eee1f86dff640056,,,,,,,,,,,,,,,,,,,,,,,,,,,,,,,,,,,,,,,,,,5,,,,,,,,,,,,,3,,,,,,,,,,,,,,,,,,,,,,,,,,,,,,,,,,,,,,,,,,,,,,,s,0.2472,,space,3,purple_gnome,3,6,dark_forest,yellow_basket,green_gnome,3,2,bright_forest,red_basket,30,0,0,1,purple_gnome,dark_forest,yellow_basket,1795,0,-1,16,4,132,6,1,0.4283,,,,,,,,,,,,,,,,,,,,,,,,,,,,,,,,,,,,,,,,,,,,,,,,,,,,,,,,,,,,,,,,,,,,,,
,,,,,,,,,,,,,,,,,,,,,,,,,,,,,,,,,,,,,,,,,,,,,,,,,,,,,,,,,,,,,,,,,,138517,001,2024-11-19_12h27.45.750,experiment,2023.2.3,Win32,50,61084dbab48ab21fce452554,673c6e3c1bdcd7f14d4497df,673cca33eee1f86dff640056,,,,,,,,,,,,,,,,,,,,,,,,,,,,,,,,,,,,,,,,,,1,,,,,,,,,,,,,3,,,,,,,,,,,,,,,,,,,,,,,,,,,,,,,,,,,,,,,,,,,,,,,s,0.2486,,space,3,green_gnome,3,2,bright_forest,red_basket,purple_gnome,3,5,dark_forest,yellow_basket,2,0,0,1,green_gnome,bright_forest,red_basket,1797,0,0,16,5,133,2,1,0.1486,,,,,,,,,,,,,,,,,,,,,,,,,,,,,,,,,,,,,,,,,,,,,,,,,,,,,,,,,,,,,,,,,,,,,,
,,,,,,,,,,,,,,,,,,,,,,,,,,,,,,,,,,,,,,,,,,,,,,,,,,,,,,,,,,,,,,,,,,138517,001,2024-11-19_12h27.45.750,experiment,2023.2.3,Win32,50,61084dbab48ab21fce452554,673c6e3c1bdcd7f14d4497df,673cca33eee1f86dff640056,,,,,,,,,,,,,,,,,,,,,,,,,,,,,,,,,,,,,,,,,,1,,,,,,,,,,,,,2,,,,,,,,,,,,,,,,,,,,,,,,,,,,,,,,,,,,,,,,,,,,,,,k,0.2085,,space,2,brown_gnome,2,5,dark_forest,yellow_basket,blue_gnome,2,2,bright_forest,red_basket,2,0,0,1,blue_gnome,bright_forest,red_basket,1799,2,-2,16,6,134,1,1,0.3556,,,,,,,,,,,,,,,,,,,,,,,,,,,,,,,,,,,,,,,,,,,,,,,,,,,,,,,,,,,,,,,,,,,,,,
,,,,,,,,,,,,,,,,,,,,,,,,,,,,,,,,,,,,,,,,,,,,,,,,,,,,,,,,,,,,,,,,,,138517,001,2024-11-19_12h27.45.750,experiment,2023.2.3,Win32,50,61084dbab48ab21fce452554,673c6e3c1bdcd7f14d4497df,673cca33eee1f86dff640056,,,,,,,,,,,,,,,,,,,,,,,,,,,,,,,,,,,,,,,,,,5,,,,,,,,,,,,,4,,,,,,,,,,,,,,,,,,,,,,,,,,,,,,,,,,,,,,,,,,,,,,,s,0.2556,,space,4,red_gnome,4,4,bright_forest,red_basket,pink_gnome,4,3,dark_forest,yellow_basket,20,0,0,1,red_gnome,bright_forest,red_basket,1819,-2,3,16,7,135,7,1,0.2686,,,,,,,,,,,,,,,,,,,,,,,,,,,,,,,,,,,,,,,,,,,,,,,,,,,,,,,,,,,,,,,,,,,,,,
,,,,,,,,,,,,,,,,,,,,,,,,,,,,,,,,,,,,,,,,,,,,,,,,,,,,,,,,,,,,,,,,,,138517,001,2024-11-19_12h27.45.750,experiment,2023.2.3,Win32,50,61084dbab48ab21fce452554,673c6e3c1bdcd7f14d4497df,673cca33eee1f86dff640056,,,,,,,,,,,,,,,,,,,,,,,,,,,,,,,,,,,,,,,,,,5,,,,,,,,,,,,,1,,,,,,,,,,,,,,,,,,,,,,,,,,,,,,,,,,,,,,,,,,,,,,,s,0.3462,,space,1,yellow_gnome,1,2,bright_forest,red_basket,orange_gnome,1,6,dark_forest,yellow_basket,10,0,0,1,yellow_gnome,bright_forest,red_basket,1829,0,0,17,0,136,4,1,0.3116,,,,,,,,,,,,,,,,,,,,,,,,,,,,,,,,,,,,,,,,,,,,,,,,,,,,,,,,,,,,,,,,,,,,,,
,,,,,,,,,,,,,,,,,,,,,,,,,,,,,,,,,,,,,,,,,,,,,,,,,,,,,,,,,,,,,,,,,,138517,001,2024-11-19_12h27.45.750,experiment,2023.2.3,Win32,50,61084dbab48ab21fce452554,673c6e3c1bdcd7f14d4497df,673cca33eee1f86dff640056,,,,,,,,,,,,,,,,,,,,,,,,,,,,,,,,,,,,,,,,,,1,,,,,,,,,,,,,4,,,,,,,,,,,,,,,,,,,,,,,,,,,,,,,,,,,,,,,,,,,,,,,k,0.4533,,space,4,red_gnome,4,2,bright_forest,red_basket,pink_gnome,4,6,dark_forest,yellow_basket,6,0,0,1,pink_gnome,dark_forest,yellow_basket,1835,1,-3,17,1,137,3,1,0.1017,,,,,,,,,,,,,,,,,,,,,,,,,,,,,,,,,,,,,,,,,,,,,,,,,,,,,,,,,,,,,,,,,,,,,,
,,,,,,,,,,,,,,,,,,,,,,,,,,,,,,,,,,,,,,,,,,,,,,,,,,,,,,,,,,,,,,,,,,138517,001,2024-11-19_12h27.45.750,experiment,2023.2.3,Win32,50,61084dbab48ab21fce452554,673c6e3c1bdcd7f14d4497df,673cca33eee1f86dff640056,,,,,,,,,,,,,,,,,,,,,,,,,,,,,,,,,,,,,,,,,,1,,,,,,,,,,,,,1,,,,,,,,,,,,,,,,,,,,,,,,,,,,,,,,,,,,,,,,,,,,,,,k,0.2863,,space,1,orange_gnome,1,3,dark_forest,yellow_basket,yellow_gnome,1,3,bright_forest,red_basket,3,0,0,1,yellow_gnome,bright_forest,red_basket,1838,1,0,17,2,138,0,1,0.0633,,,,,,,,,,,,,,,,,,,,,,,,,,,,,,,,,,,,,,,,,,,,,,,,,,,,,,,,,,,,,,,,,,,,,,
,,,,,,,,,,,,,,,,,,,,,,,,,,,,,,,,,,,,,,,,,,,,,,,,,,,,,,,,,,,,,,,,,,138517,001,2024-11-19_12h27.45.750,experiment,2023.2.3,Win32,50,61084dbab48ab21fce452554,673c6e3c1bdcd7f14d4497df,673cca33eee1f86dff640056,,,,,,,,,,,,,,,,,,,,,,,,,,,,,,,,,,,,,,,,,,5,,,,,,,,,,,,,4,,,,,,,,,,,,,,,,,,,,,,,,,,,,,,,,,,,,,,,,,,,,,,,s,0.3249,,space,4,red_gnome,4,4,bright_forest,red_basket,pink_gnome,4,3,dark_forest,yellow_basket,20,0,0,1,red_gnome,bright_forest,red_basket,1858,-2,-2,17,3,139,7,1,0.6848,,,,,,,,,,,,,,,,,,,,,,,,,,,,,,,,,,,,,,,,,,,,,,,,,,,,,,,,,,,,,,,,,,,,,,
,,,,,,,,,,,,,,,,,,,,,,,,,,,,,,,,,,,,,,,,,,,,,,,,,,,,,,,,,,,,,,,,,,138517,001,2024-11-19_12h27.45.750,experiment,2023.2.3,Win32,50,61084dbab48ab21fce452554,673c6e3c1bdcd7f14d4497df,673cca33eee1f86dff640056,,,,,,,,,,,,,,,,,,,,,,,,,,,,,,,,,,,,,,,,,,5,,,,,,,,,,,,,3,,,,,,,,,,,,,,,,,,,,,,,,,,,,,,,,,,,,,,,,,,,,,,,s,1.1121,,space,3,green_gnome,3,2,bright_forest,red_basket,purple_gnome,3,1,dark_forest,yellow_basket,10,0,0,1,green_gnome,bright_forest,red_basket,1868,4,0,17,4,140,6,1,0.2678,,,,,,,,,,,,,,,,,,,,,,,,,,,,,,,,,,,,,,,,,,,,,,,,,,,,,,,,,,,,,,,,,,,,,,
,,,,,,,,,,,,,,,,,,,,,,,,,,,,,,,,,,,,,,,,,,,,,,,,,,,,,,,,,,,,,,,,,,138517,001,2024-11-19_12h27.45.750,experiment,2023.2.3,Win32,50,61084dbab48ab21fce452554,673c6e3c1bdcd7f14d4497df,673cca33eee1f86dff640056,,,,,,,,,,,,,,,,,,,,,,,,,,,,,,,,,,,,,,,,,,1,,,,,,,,,,,,,3,,,,,,,,,,,,,,,,,,,,,,,,,,,,,,,,,,,,,,,,,,,,,,,k,0.1125,,space,3,purple_gnome,3,1,dark_forest,yellow_basket,green_gnome,3,6,bright_forest,red_basket,6,0,0,1,green_gnome,bright_forest,red_basket,1874,-3,3,17,5,141,2,1,0.0913,,,,,,,,,,,,,,,,,,,,,,,,,,,,,,,,,,,,,,,,,,,,,,,,,,,,,,,,,,,,,,,,,,,,,,
,,,,,,,,,,,,,,,,,,,,,,,,,,,,,,,,,,,,,,,,,,,,,,,,,,,,,,,,,,,,,,,,,,138517,001,2024-11-19_12h27.45.750,experiment,2023.2.3,Win32,50,61084dbab48ab21fce452554,673c6e3c1bdcd7f14d4497df,673cca33eee1f86dff640056,,,,,,,,,,,,,,,,,,,,,,,,,,,,,,,,,,,,,,,,,,5,,,,,,,,,,,,,4,,,,,,,,,,,,,,,,,,,,,,,,,,,,,,,,,,,,,,,,,,,,,,,k,0.3957,,space,4,red_gnome,4,3,bright_forest,red_basket,pink_gnome,4,4,dark_forest,yellow_basket,20,0,0,1,pink_gnome,dark_forest,yellow_basket,1894,-2,3,17,6,142,7,1,0.1687,,,,,,,,,,,,,,,,,,,,,,,,,,,,,,,,,,,,,,,,,,,,,,,,,,,,,,,,,,,,,,,,,,,,,,
,,,,,,,,,,,,,,,,,,,,,,,,,,,,,,,,,,,,,,,,,,,,,,,,,,,,,,,,,,,,,,,,,,138517,001,2024-11-19_12h27.45.750,experiment,2023.2.3,Win32,50,61084dbab48ab21fce452554,673c6e3c1bdcd7f14d4497df,673cca33eee1f86dff640056,,,,,,,,,,,,,,,,,,,,,,,,,,,,,,,,,,,,,,,,,,5,,,,,,,,,,,,,4,,,,,,,,,,,,,,,,,,,,,,,,,,,,,,,,,,,,,,,,,,,,,,,k,0.3572,,space,4,pink_gnome,4,7,dark_forest,yellow_basket,red_gnome,4,1,bright_forest,red_basket,5,0,0,1,red_gnome,bright_forest,red_basket,1899,2,0,17,7,143,7,1,0.183,,,,,,,,,,,,,,,,,,,,,,,,,,,,,,,,,,,,,,,,,,,,,,,,,,,,,,,,,,,,,,,,,,,,,,
,,,,,,,,,,,,,,,,,,,,,,,,,,,,,,,,,,,,,,,,,,,,,,,,,,,,,,,,,,,,,,,,,,138517,001,2024-11-19_12h27.45.750,experiment,2023.2.3,Win32,50,61084dbab48ab21fce452554,673c6e3c1bdcd7f14d4497df,673cca33eee1f86dff640056,,,,,,,,,,,,,,,,,,,,,,,,,,,,,,,,,,,,,,,,,,5,,,,,,,,,,,,,1,,,,,,,,,,,,,,,,,,,,,,,,,,,,,,,,,,,,,,,,,,,,,,,k,0.6116,,space,1,orange_gnome,1,7,dark_forest,yellow_basket,yellow_gnome,1,3,bright_forest,red_basket,15,0,0,1,yellow_gnome,bright_forest,red_basket,1914,0,-3,18,0,144,4,1,0.2051,,,,,,,,,,,,,,,,,,,,,,,,,,,,,,,,,,,,,,,,,,,,,,,,,,,,,,,,,,,,,,,,,,,,,,
,,,,,,,,,,,,,,,,,,,,,,,,,,,,,,,,,,,,,,,,,,,,,,,,,,,,,,,,,,,,,,,,,,138517,001,2024-11-19_12h27.45.750,experiment,2023.2.3,Win32,50,61084dbab48ab21fce452554,673c6e3c1bdcd7f14d4497df,673cca33eee1f86dff640056,,,,,,,,,,,,,,,,,,,,,,,,,,,,,,,,,,,,,,,,,,1,,,,,,,,,,,,,1,,,,,,,,,,,,,,,,,,,,,,,,,,,,,,,,,,,,,,,,,,,,,,,s,0.2389,,space,1,yellow_gnome,1,3,bright_forest,red_basket,orange_gnome,1,4,dark_forest,yellow_basket,3,0,0,1,yellow_gnome,bright_forest,red_basket,1917,1,-1,18,1,145,0,1,0.2755,,,,,,,,,,,,,,,,,,,,,,,,,,,,,,,,,,,,,,,,,,,,,,,,,,,,,,,,,,,,,,,,,,,,,,
,,,,,,,,,,,,,,,,,,,,,,,,,,,,,,,,,,,,,,,,,,,,,,,,,,,,,,,,,,,,,,,,,,138517,001,2024-11-19_12h27.45.750,experiment,2023.2.3,Win32,50,61084dbab48ab21fce452554,673c6e3c1bdcd7f14d4497df,673cca33eee1f86dff640056,,,,,,,,,,,,,,,,,,,,,,,,,,,,,,,,,,,,,,,,,,1,,,,,,,,,,,,,3,,,,,,,,,,,,,,,,,,,,,,,,,,,,,,,,,,,,,,,,,,,,,,,s,0.3113,,space,3,green_gnome,3,4,bright_forest,red_basket,purple_gnome,3,3,dark_forest,yellow_basket,4,0,0,1,green_gnome,bright_forest,red_basket,1921,-2,-1,18,2,146,2,1,0.0506,,,,,,,,,,,,,,,,,,,,,,,,,,,,,,,,,,,,,,,,,,,,,,,,,,,,,,,,,,,,,,,,,,,,,,
,,,,,,,,,,,,,,,,,,,,,,,,,,,,,,,,,,,,,,,,,,,,,,,,,,,,,,,,,,,,,,,,,,138517,001,2024-11-19_12h27.45.750,experiment,2023.2.3,Win32,50,61084dbab48ab21fce452554,673c6e3c1bdcd7f14d4497df,673cca33eee1f86dff640056,,,,,,,,,,,,,,,,,,,,,,,,,,,,,,,,,,,,,,,,,,5,,,,,,,,,,,,,2,,,,,,,,,,,,,,,,,,,,,,,,,,,,,,,,,,,,,,,,,,,,,,,s,0.3668,,space,2,blue_gnome,2,2,bright_forest,red_basket,brown_gnome,2,2,dark_forest,yellow_basket,10,0,0,1,blue_gnome,bright_forest,red_basket,1931,2,2,18,3,147,5,1,0.9285,,,,,,,,,,,,,,,,,,,,,,,,,,,,,,,,,,,,,,,,,,,,,,,,,,,,,,,,,,,,,,,,,,,,,,
,,,,,,,,,,,,,,,,,,,,,,,,,,,,,,,,,,,,,,,,,,,,,,,,,,,,,,,,,,,,,,,,,,138517,001,2024-11-19_12h27.45.750,experiment,2023.2.3,Win32,50,61084dbab48ab21fce452554,673c6e3c1bdcd7f14d4497df,673cca33eee1f86dff640056,,,,,,,,,,,,,,,,,,,,,,,,,,,,,,,,,,,,,,,,,,5,,,,,,,,,,,,,2,,,,,,,,,,,,,,,,,,,,,,,,,,,,,,,,,,,,,,,,,,,,,,,s,0.4099,,space,2,blue_gnome,2,4,bright_forest,red_basket,brown_gnome,2,4,dark_forest,yellow_basket,20,0,0,1,blue_gnome,bright_forest,red_basket,1951,1,0,18,4,148,5,1,0.0428,,,,,,,,,,,,,,,,,,,,,,,,,,,,,,,,,,,,,,,,,,,,,,,,,,,,,,,,,,,,,,,,,,,,,,
,,,,,,,,,,,,,,,,,,,,,,,,,,,,,,,,,,,,,,,,,,,,,,,,,,,,,,,,,,,,,,,,,,138517,001,2024-11-19_12h27.45.750,experiment,2023.2.3,Win32,50,61084dbab48ab21fce452554,673c6e3c1bdcd7f14d4497df,673cca33eee1f86dff640056,,,,,,,,,,,,,,,,,,,,,,,,,,,,,,,,,,,,,,,,,,1,,,,,,,,,,,,,1,,,,,,,,,,,,,,,,,,,,,,,,,,,,,,,,,,,,,,,,,,,,,,,s,0.5966,,space,1,orange_gnome,1,4,dark_forest,yellow_basket,yellow_gnome,1,5,bright_forest,red_basket,4,0,0,1,orange_gnome,dark_forest,yellow_basket,1955,0,-5,18,5,149,0,1,0.4963,,,,,,,,,,,,,,,,,,,,,,,,,,,,,,,,,,,,,,,,,,,,,,,,,,,,,,,,,,,,,,,,,,,,,,
,,,,,,,,,,,,,,,,,,,,,,,,,,,,,,,,,,,,,,,,,,,,,,,,,,,,,,,,,,,,,,,,,,138517,001,2024-11-19_12h27.45.750,experiment,2023.2.3,Win32,50,61084dbab48ab21fce452554,673c6e3c1bdcd7f14d4497df,673cca33eee1f86dff640056,,,,,,,,,,,,,,,,,,,,,,,,,,,,,,,,,,,,,,,,,,5,,,,,,,,,,,,,1,,,,,,,,,,,,,,,,,,,,,,,,,,,,,,,,,,,,,,,,,,,,,,,,,,,1,orange_gnome,1,1,dark_forest,yellow_basket,yellow_gnome,1,5,bright_forest,red_basket,0,1,0,0,,dark_forest,yellow_basket,1955,-3,0,18,6,150,4,1,,,,,,,,,,,,,,,,,,,,,,,,,,,,,,,,,,,,,,,,,,,,,,,,,,,,,,,,,,,,,,,,,,,,,,,
,,,,,,,,,,,,,,,,,,,,,,,,,,,,,,,,,,,,,,,,,,,,,,,,,,,,,,,,,,,,,,,,,,138517,001,2024-11-19_12h27.45.750,experiment,2023.2.3,Win32,50,61084dbab48ab21fce452554,673c6e3c1bdcd7f14d4497df,673cca33eee1f86dff640056,,,,,,,,,,,,,,,,,,,,,,,,,,,,,,,,,,,,,,,,,,5,,,,,,,,,,,,,3,,,,,,,,,,,,,,,,,,,,,,,,,,,,,,,,,,,,,,,,,,,,,,,s,0.3478,,space,3,purple_gnome,3,1,dark_forest,yellow_basket,green_gnome,3,2,bright_forest,red_basket,5,0,0,1,purple_gnome,dark_forest,yellow_basket,1960,0,2,18,7,151,6,1,1.1488,,,,,,,,,,,,,,,,,,,,,,,,,,,,,,,,,,,,,,,,,,,,,,,,,,,,,,,,,,,,,,,,,,,,,,
,,,,,,,,,,,,,,,,,,,,,,,,,,,,,,,,,,,,,,,,,,,,,,,,,,,,,,,,,,,,,,,,,,138517,001,2024-11-19_12h27.45.750,experiment,2023.2.3,Win32,50,61084dbab48ab21fce452554,673c6e3c1bdcd7f14d4497df,673cca33eee1f86dff640056,,,,,,,,,,,,,,,,,,,,,,,,,,,,,,,,,,,,,,,,,,1,,,,,,,,,,,,,2,,,,,,,,,,,,,,,,,,,,,,,,,,,,,,,,,,,,,,,,,,,,,,,k,0.3745,,space,2,brown_gnome,2,3,dark_forest,yellow_basket,blue_gnome,2,2,bright_forest,red_basket,2,0,0,1,blue_gnome,bright_forest,red_basket,1962,-2,1,19,0,152,1,1,0.386,,,,,,,,,,,,,,,,,,,,,,,,,,,,,,,,,,,,,,,,,,,,,,,,,,,,,,,,,,,,,,,,,,,,,,
,,,,,,,,,,,,,,,,,,,,,,,,,,,,,,,,,,,,,,,,,,,,,,,,,,,,,,,,,,,,,,,,,,138517,001,2024-11-19_12h27.45.750,experiment,2023.2.3,Win32,50,61084dbab48ab21fce452554,673c6e3c1bdcd7f14d4497df,673cca33eee1f86dff640056,,,,,,,,,,,,,,,,,,,,,,,,,,,,,,,,,,,,,,,,,,5,,,,,,,,,,,,,4,,,,,,,,,,,,,,,,,,,,,,,,,,,,,,,,,,,,,,,,,,,,,,,k,0.6479,,space,4,pink_gnome,4,4,dark_forest,yellow_basket,red_gnome,4,0,bright_forest,red_basket,0,0,0,1,red_gnome,bright_forest,red_basket,1962,1,-1,19,1,153,7,1,0.1478,,,,,,,,,,,,,,,,,,,,,,,,,,,,,,,,,,,,,,,,,,,,,,,,,,,,,,,,,,,,,,,,,,,,,,
,,,,,,,,,,,,,,,,,,,,,,,,,,,,,,,,,,,,,,,,,,,,,,,,,,,,,,,,,,,,,,,,,,138517,001,2024-11-19_12h27.45.750,experiment,2023.2.3,Win32,50,61084dbab48ab21fce452554,673c6e3c1bdcd7f14d4497df,673cca33eee1f86dff640056,,,,,,,,,,,,,,,,,,,,,,,,,,,,,,,,,,,,,,,,,,1,,,,,,,,,,,,,2,,,,,,,,,,,,,,,,,,,,,,,,,,,,,,,,,,,,,,,,,,,,,,,,,,,2,brown_gnome,2,3,dark_forest,yellow_basket,blue_gnome,2,1,bright_forest,red_basket,0,1,0,0,,bright_forest,red_basket,1962,0,-4,19,2,154,1,1,,,,,,,,,,,,,,,,,,,,,,,,,,,,,,,,,,,,,,,,,,,,,,,,,,,,,,,,,,,,,,,,,,,,,,,
,,,,,,,,,,,,,,,,,,,,,,,,,,,,,,,,,,,,,,,,,,,,,,,,,,,,,,,,,,,,,,,,,,138517,001,2024-11-19_12h27.45.750,experiment,2023.2.3,Win32,50,61084dbab48ab21fce452554,673c6e3c1bdcd7f14d4497df,673cca33eee1f86dff640056,,,,,,,,,,,,,,,,,,,,,,,,,,,,,,,,,,,,,,,,,,1,,,,,,,,,,,,,1,,,,,,,,,,,,,,,,,,,,,,,,,,,,,,,,,,,,,,,,,,,,,,,k,0.4462,,space,1,orange_gnome,1,1,dark_forest,yellow_basket,yellow_gnome,1,1,bright_forest,red_basket,1,0,0,1,yellow_gnome,bright_forest,red_basket,1963,4,3,19,3,155,0,1,0.9073,,,,,,,,,,,,,,,,,,,,,,,,,,,,,,,,,,,,,,,,,,,,,,,,,,,,,,,,,,,,,,,,,,,,,,
,,,,,,,,,,,,,,,,,,,,,,,,,,,,,,,,,,,,,,,,,,,,,,,,,,,,,,,,,,,,,,,,,,138517,001,2024-11-19_12h27.45.750,experiment,2023.2.3,Win32,50,61084dbab48ab21fce452554,673c6e3c1bdcd7f14d4497df,673cca33eee1f86dff640056,,,,,,,,,,,,,,,,,,,,,,,,,,,,,,,,,,,,,,,,,,1,,,,,,,,,,,,,3,,,,,,,,,,,,,,,,,,,,,,,,,,,,,,,,,,,,,,,,,,,,,,,k,0.1369,,,3,purple_gnome,3,4,dark_forest,yellow_basket,green_gnome,3,5,bright_forest,red_basket,0,0,1,0,green_gnome,bright_forest,red_basket,1963,-1,2,19,4,156,2,1,,,,,,,,,,,,,,,,,,,,,,,,,,,,,,,,,,,,,,,,,,,,,,,,,,,,,,,,,,,,,,,,,,,,,,,
,,,,,,,,,,,,,,,,,,,,,,,,,,,,,,,,,,,,,,,,,,,,,,,,,,,,,,,,,,,,,,,,,,138517,001,2024-11-19_12h27.45.750,experiment,2023.2.3,Win32,50,61084dbab48ab21fce452554,673c6e3c1bdcd7f14d4497df,673cca33eee1f86dff640056,,,,,,,,,,,,,,,,,,,,,,,,,,,,,,,,,,,,,,,,,,1,,,,,,,,,,,,,2,,,,,,,,,,,,,,,,,,,,,,,,,,,,,,,,,,,,,,,,,,,,,,,s,0.0286,,space,2,blue_gnome,2,4,bright_forest,red_basket,brown_gnome,2,6,dark_forest,yellow_basket,4,0,0,1,blue_gnome,bright_forest,red_basket,1967,-2,-2,19,5,157,1,1,0.1249,,,,,,,,,,,,,,,,,,,,,,,,,,,,,,,,,,,,,,,,,,,,,,,,,,,,,,,,,,,,,,,,,,,,,,
,,,,,,,,,,,,,,,,,,,,,,,,,,,,,,,,,,,,,,,,,,,,,,,,,,,,,,,,,,,,,,,,,,138517,001,2024-11-19_12h27.45.750,experiment,2023.2.3,Win32,50,61084dbab48ab21fce452554,673c6e3c1bdcd7f14d4497df,673cca33eee1f86dff640056,,,,,,,,,,,,,,,,,,,,,,,,,,,,,,,,,,,,,,,,,,5,,,,,,,,,,,,,3,,,,,,,,,,,,,,,,,,,,,,,,,,,,,,,,,,,,,,,,,,,,,,,s,0.3351,,space,3,purple_gnome,3,4,dark_forest,yellow_basket,green_gnome,3,2,bright_forest,red_basket,20,0,0,1,purple_gnome,dark_forest,yellow_basket,1987,-2,2,19,6,158,6,1,0.0694,,,,,,,,,,,,,,,,,,,,,,,,,,,,,,,,,,,,,,,,,,,,,,,,,,,,,,,,,,,,,,,,,,,,,,
,,,,,,,,,,,,,,,,,,,,,,,,,,,,,,,,,,,,,,,,,,,,,,,,,,,,,,,,,,,,,,,,,,138517,001,2024-11-19_12h27.45.750,experiment,2023.2.3,Win32,50,61084dbab48ab21fce452554,673c6e3c1bdcd7f14d4497df,673cca33eee1f86dff640056,,,,,,,,,,,,,,,,,,,,,,,,,,,,,,,,,,,,,,,,,,5,,,,,,,,,,,,,2,,,,,,,,,,,,,,,,,,,,,,,,,,,,,,,,,,,,,,,,,,,,,,,s,0.029,,space,2,brown_gnome,2,6,dark_forest,yellow_basket,blue_gnome,2,0,bright_forest,red_basket,30,0,0,1,brown_gnome,dark_forest,yellow_basket,2017,-2,-2,19,7,159,5,1,0.2551,,,,,,,,,,,,,,,,,,,,,,,,,,,,,,,,,,,,,,,,,,,,,,,,,,,,,,,,,,,,,,,,,,,,,,
,,,,,,,,,,,,,,,,,,,,,,,,,,,,,,,,,,,,,,,,,,,,,,,,,,,,,,,,,,,,,,,,,,138517,001,2024-11-19_12h27.45.750,experiment,2023.2.3,Win32,50,61084dbab48ab21fce452554,673c6e3c1bdcd7f14d4497df,673cca33eee1f86dff640056,,,,,,,,,,,,,,,,,,,,,,,,,,,,,,,,,,,,,,,,,,1,,,,,,,,,,,,,3,,,,,,,,,,,,,,,,,,,,,,,,,,,,,,,,,,,,,,,,,,,,,,,s,0.3926,,,3,green_gnome,3,2,bright_forest,red_basket,purple_gnome,3,4,dark_forest,yellow_basket,0,0,1,0,green_gnome,bright_forest,red_basket,2017,0,0,20,0,160,2,1,,,,,,,,,,,,,,,,,,,,,,,,,,,,,,,,,,,,,,,,,,,,,,,,,,,,,,,,,,,,,,,,,,,,,,,
,,,,,,,,,,,,,,,,,,,,,,,,,,,,,,,,,,,,,,,,,,,,,,,,,,,,,,,,,,,,,,,,,,138517,001,2024-11-19_12h27.45.750,experiment,2023.2.3,Win32,50,61084dbab48ab21fce452554,673c6e3c1bdcd7f14d4497df,673cca33eee1f86dff640056,,,,,,,,,,,,,,,,,,,,,,,,,,,,,,,,,,,,,,,,,,1,,,,,,,,,,,,,2,,,,,,,,,,,,,,,,,,,,,,,,,,,,,,,,,,,,,,,,,,,,,,,s,0.253,,space,2,blue_gnome,2,2,bright_forest,red_basket,brown_gnome,2,4,dark_forest,yellow_basket,2,0,0,1,blue_gnome,bright_forest,red_basket,2019,0,0,20,1,161,1,1,0.0402,,,,,,,,,,,,,,,,,,,,,,,,,,,,,,,,,,,,,,,,,,,,,,,,,,,,,,,,,,,,,,,,,,,,,,
,,,,,,,,,,,,,,,,,,,,,,,,,,,,,,,,,,,,,,,,,,,,,,,,,,,,,,,,,,,,,,,,,,138517,001,2024-11-19_12h27.45.750,experiment,2023.2.3,Win32,50,61084dbab48ab21fce452554,673c6e3c1bdcd7f14d4497df,673cca33eee1f86dff640056,,,,,,,,,,,,,,,,,,,,,,,,,,,,,,,,,,,,,,,,,,5,,,,,,,,,,,,,2,,,,,,,,,,,,,,,,,,,,,,,,,,,,,,,,,,,,,,,,,,,,,,,k,0.1067,,space,2,brown_gnome,2,4,dark_forest,yellow_basket,blue_gnome,2,2,bright_forest,red_basket,10,0,0,1,blue_gnome,bright_forest,red_basket,2029,1,-1,20,2,162,5,1,0.2688,,,,,,,,,,,,,,,,,,,,,,,,,,,,,,,,,,,,,,,,,,,,,,,,,,,,,,,,,,,,,,,,,,,,,,
,,,,,,,,,,,,,,,,,,,,,,,,,,,,,,,,,,,,,,,,,,,,,,,,,,,,,,,,,,,,,,,,,,138517,001,2024-11-19_12h27.45.750,experiment,2023.2.3,Win32,50,61084dbab48ab21fce452554,673c6e3c1bdcd7f14d4497df,673cca33eee1f86dff640056,,,,,,,,,,,,,,,,,,,,,,,,,,,,,,,,,,,,,,,,,,1,,,,,,,,,,,,,3,,,,,,,,,,,,,,,,,,,,,,,,,,,,,,,,,,,,,,,,,,,,,,,k,0.3521,,space,3,green_gnome,3,3,bright_forest,red_basket,purple_gnome,3,3,dark_forest,yellow_basket,3,0,0,1,purple_gnome,dark_forest,yellow_basket,2032,-3,-3,20,3,163,2,1,0.0433,,,,,,,,,,,,,,,,,,,,,,,,,,,,,,,,,,,,,,,,,,,,,,,,,,,,,,,,,,,,,,,,,,,,,,
,,,,,,,,,,,,,,,,,,,,,,,,,,,,,,,,,,,,,,,,,,,,,,,,,,,,,,,,,,,,,,,,,,138517,001,2024-11-19_12h27.45.750,experiment,2023.2.3,Win32,50,61084dbab48ab21fce452554,673c6e3c1bdcd7f14d4497df,673cca33eee1f86dff640056,,,,,,,,,,,,,,,,,,,,,,,,,,,,,,,,,,,,,,,,,,5,,,,,,,,,,,,,1,,,,,,,,,,,,,,,,,,,,,,,,,,,,,,,,,,,,,,,,,,,,,,,s,0.5464,,space,1,orange_gnome,1,0,dark_forest,yellow_basket,yellow_gnome,1,0,bright_forest,red_basket,0,0,0,1,orange_gnome,dark_forest,yellow_basket,2032,3,-1,20,4,164,4,1,0.4057,,,,,,,,,,,,,,,,,,,,,,,,,,,,,,,,,,,,,,,,,,,,,,,,,,,,,,,,,,,,,,,,,,,,,,
,,,,,,,,,,,,,,,,,,,,,,,,,,,,,,,,,,,,,,,,,,,,,,,,,,,,,,,,,,,,,,,,,,138517,001,2024-11-19_12h27.45.750,experiment,2023.2.3,Win32,50,61084dbab48ab21fce452554,673c6e3c1bdcd7f14d4497df,673cca33eee1f86dff640056,,,,,,,,,,,,,,,,,,,,,,,,,,,,,,,,,,,,,,,,,,5,,,,,,,,,,,,,3,,,,,,,,,,,,,,,,,,,,,,,,,,,,,,,,,,,,,,,,,,,,,,,k,0.2905,,space,3,green_gnome,3,3,bright_forest,red_basket,purple_gnome,3,1,dark_forest,yellow_basket,5,0,0,1,purple_gnome,dark_forest,yellow_basket,2037,0,0,20,5,165,6,1,0.3424,,,,,,,,,,,,,,,,,,,,,,,,,,,,,,,,,,,,,,,,,,,,,,,,,,,,,,,,,,,,,,,,,,,,,,
,,,,,,,,,,,,,,,,,,,,,,,,,,,,,,,,,,,,,,,,,,,,,,,,,,,,,,,,,,,,,,,,,,138517,001,2024-11-19_12h27.45.750,experiment,2023.2.3,Win32,50,61084dbab48ab21fce452554,673c6e3c1bdcd7f14d4497df,673cca33eee1f86dff640056,,,,,,,,,,,,,,,,,,,,,,,,,,,,,,,,,,,,,,,,,,1,,,,,,,,,,,,,2,,,,,,,,,,,,,,,,,,,,,,,,,,,,,,,,,,,,,,,,,,,,,,,k,0.0858,,space,2,blue_gnome,2,3,bright_forest,red_basket,brown_gnome,2,1,dark_forest,yellow_basket,1,0,0,1,brown_gnome,dark_forest,yellow_basket,2038,0,-1,20,6,166,1,1,0.3381,,,,,,,,,,,,,,,,,,,,,,,,,,,,,,,,,,,,,,,,,,,,,,,,,,,,,,,,,,,,,,,,,,,,,,
,,,,,,,,,,,,,,,,,,,,,,,,,,,,,,,,,,,,,,,,,,,,,,,,,,,,,,,,,,,,,,,,,,138517,001,2024-11-19_12h27.45.750,experiment,2023.2.3,Win32,50,61084dbab48ab21fce452554,673c6e3c1bdcd7f14d4497df,673cca33eee1f86dff640056,,,,,,,,,,,,,,,,,,,,,,,,,,,,,,,,,,,,,,,,,,5,,,,,,,,,,,,,1,,,,,,,,,,,,,,,,,,,,,,,,,,,,,,,,,,,,,,,,,,,,,,,k,0.1484,,space,1,orange_gnome,1,0,dark_forest,yellow_basket,yellow_gnome,1,3,bright_forest,red_basket,15,0,0,1,yellow_gnome,bright_forest,red_basket,2053,-3,-2,20,7,167,4,1,0.1418,,,,,,,,,,,,,,,,,,,,,,,,,,,,,,,,,,,,,,,,,,,,,,,,,,,,,,,,,,,,,,,,,,,,,,
,,,,,,,,,,,,,,,,,,,,,,,,,,,,,,,,,,,,,,,,,,,,,,,,,,,,,,,,,,,,,,,,,,138517,001,2024-11-19_12h27.45.750,experiment,2023.2.3,Win32,50,61084dbab48ab21fce452554,673c6e3c1bdcd7f14d4497df,673cca33eee1f86dff640056,,,,,,,,,,,,,,,,,,,,,,,,,,,,,,,,,,,,,,,,,,1,,,,,,,,,,,,,2,,,,,,,,,,,,,,,,,,,,,,,,,,,,,,,,,,,,,,,,,,,,,,,s,0.1864,,space,2,brown_gnome,2,2,dark_forest,yellow_basket,blue_gnome,2,0,bright_forest,red_basket,2,0,0,1,brown_gnome,dark_forest,yellow_basket,2055,-1,-3,21,0,168,1,1,0.1598,,,,,,,,,,,,,,,,,,,,,,,,,,,,,,,,,,,,,,,,,,,,,,,,,,,,,,,,,,,,,,,,,,,,,,
,,,,,,,,,,,,,,,,,,,,,,,,,,,,,,,,,,,,,,,,,,,,,,,,,,,,,,,,,,,,,,,,,,138517,001,2024-11-19_12h27.45.750,experiment,2023.2.3,Win32,50,61084dbab48ab21fce452554,673c6e3c1bdcd7f14d4497df,673cca33eee1f86dff640056,,,,,,,,,,,,,,,,,,,,,,,,,,,,,,,,,,,,,,,,,,5,,,,,,,,,,,,,2,,,,,,,,,,,,,,,,,,,,,,,,,,,,,,,,,,,,,,,,,,,,,,,s,0.3792,,space,2,blue_gnome,2,1,bright_forest,red_basket,brown_gnome,2,1,dark_forest,yellow_basket,5,0,0,1,blue_gnome,bright_forest,red_basket,2060,2,-1,21,1,169,5,1,0.2488,,,,,,,,,,,,,,,,,,,,,,,,,,,,,,,,,,,,,,,,,,,,,,,,,,,,,,,,,,,,,,,,,,,,,,
,,,,,,,,,,,,,,,,,,,,,,,,,,,,,,,,,,,,,,,,,,,,,,,,,,,,,,,,,,,,,,,,,,138517,001,2024-11-19_12h27.45.750,experiment,2023.2.3,Win32,50,61084dbab48ab21fce452554,673c6e3c1bdcd7f14d4497df,673cca33eee1f86dff640056,,,,,,,,,,,,,,,,,,,,,,,,,,,,,,,,,,,,,,,,,,1,,,,,,,,,,,,,3,,,,,,,,,,,,,,,,,,,,,,,,,,,,,,,,,,,,,,,,,,,,,,,k,0.2795,,space,3,purple_gnome,3,0,dark_forest,yellow_basket,green_gnome,3,3,bright_forest,red_basket,3,0,0,1,green_gnome,bright_forest,red_basket,2063,0,-1,21,2,170,2,1,0.129,,,,,,,,,,,,,,,,,,,,,,,,,,,,,,,,,,,,,,,,,,,,,,,,,,,,,,,,,,,,,,,,,,,,,,
,,,,,,,,,,,,,,,,,,,,,,,,,,,,,,,,,,,,,,,,,,,,,,,,,,,,,,,,,,,,,,,,,,138517,001,2024-11-19_12h27.45.750,experiment,2023.2.3,Win32,50,61084dbab48ab21fce452554,673c6e3c1bdcd7f14d4497df,673cca33eee1f86dff640056,,,,,,,,,,,,,,,,,,,,,,,,,,,,,,,,,,,,,,,,,,5,,,,,,,,,,,,,2,,,,,,,,,,,,,,,,,,,,,,,,,,,,,,,,,,,,,,,,,,,,,,,k,0.2453,,space,2,brown_gnome,2,1,dark_forest,yellow_basket,blue_gnome,2,3,bright_forest,red_basket,15,0,0,1,blue_gnome,bright_forest,red_basket,2078,0,1,21,3,171,5,1,0.4279,,,,,,,,,,,,,,,,,,,,,,,,,,,,,,,,,,,,,,,,,,,,,,,,,,,,,,,,,,,,,,,,,,,,,,
,,,,,,,,,,,,,,,,,,,,,,,,,,,,,,,,,,,,,,,,,,,,,,,,,,,,,,,,,,,,,,,,,,138517,001,2024-11-19_12h27.45.750,experiment,2023.2.3,Win32,50,61084dbab48ab21fce452554,673c6e3c1bdcd7f14d4497df,673cca33eee1f86dff640056,,,,,,,,,,,,,,,,,,,,,,,,,,,,,,,,,,,,,,,,,,5,,,,,,,,,,,,,3,,,,,,,,,,,,,,,,,,,,,,,,,,,,,,,,,,,,,,,,,,,,,,,k,0.1879,,space,3,purple_gnome,3,2,dark_forest,yellow_basket,green_gnome,3,3,bright_forest,red_basket,15,0,0,1,green_gnome,bright_forest,red_basket,2093,1,-1,21,4,172,6,1,0.0417,,,,,,,,,,,,,,,,,,,,,,,,,,,,,,,,,,,,,,,,,,,,,,,,,,,,,,,,,,,,,,,,,,,,,,
,,,,,,,,,,,,,,,,,,,,,,,,,,,,,,,,,,,,,,,,,,,,,,,,,,,,,,,,,,,,,,,,,,138517,001,2024-11-19_12h27.45.750,experiment,2023.2.3,Win32,50,61084dbab48ab21fce452554,673c6e3c1bdcd7f14d4497df,673cca33eee1f86dff640056,,,,,,,,,,,,,,,,,,,,,,,,,,,,,,,,,,,,,,,,,,1,,,,,,,,,,,,,4,,,,,,,,,,,,,,,,,,,,,,,,,,,,,,,,,,,,,,,,,,,,,,,k,0.0668,,space,4,red_gnome,4,4,bright_forest,red_basket,pink_gnome,4,1,dark_forest,yellow_basket,1,0,0,1,pink_gnome,dark_forest,yellow_basket,2094,-1,3,21,5,173,3,1,0.2753,,,,,,,,,,,,,,,,,,,,,,,,,,,,,,,,,,,,,,,,,,,,,,,,,,,,,,,,,,,,,,,,,,,,,,
,,,,,,,,,,,,,,,,,,,,,,,,,,,,,,,,,,,,,,,,,,,,,,,,,,,,,,,,,,,,,,,,,,138517,001,2024-11-19_12h27.45.750,experiment,2023.2.3,Win32,50,61084dbab48ab21fce452554,673c6e3c1bdcd7f14d4497df,673cca33eee1f86dff640056,,,,,,,,,,,,,,,,,,,,,,,,,,,,,,,,,,,,,,,,,,1,,,,,,,,,,,,,3,,,,,,,,,,,,,,,,,,,,,,,,,,,,,,,,,,,,,,,,,,,,,,,s,0.0376,,space,3,purple_gnome,3,4,dark_forest,yellow_basket,green_gnome,3,3,bright_forest,red_basket,4,0,0,1,purple_gnome,dark_forest,yellow_basket,2098,5,3,21,6,174,2,1,0.1961,,,,,,,,,,,,,,,,,,,,,,,,,,,,,,,,,,,,,,,,,,,,,,,,,,,,,,,,,,,,,,,,,,,,,,
,,,,,,,,,,,,,,,,,,,,,,,,,,,,,,,,,,,,,,,,,,,,,,,,,,,,,,,,,,,,,,,,,,138517,001,2024-11-19_12h27.45.750,experiment,2023.2.3,Win32,50,61084dbab48ab21fce452554,673c6e3c1bdcd7f14d4497df,673cca33eee1f86dff640056,,,,,,,,,,,,,,,,,,,,,,,,,,,,,,,,,,,,,,,,,,5,,,,,,,,,,,,,4,,,,,,,,,,,,,,,,,,,,,,,,,,,,,,,,,,,,,,,,,,,,,,,s,0.3299,,space,4,red_gnome,4,8,bright_forest,red_basket,pink_gnome,4,7,dark_forest,yellow_basket,40,0,0,1,red_gnome,bright_forest,red_basket,2138,-2,1,21,7,175,7,1,0.1563,,,,,,,,,,,,,,,,,,,,,,,,,,,,,,,,,,,,,,,,,,,,,,,,,,,,,,,,,,,,,,,,,,,,,,
,,,,,,,,,,,,,,,,,,,,,,,,,,,,,,,,,,,,,,,,,,,,,,,,,,,,,,,,,,,,,,,,,,138517,001,2024-11-19_12h27.45.750,experiment,2023.2.3,Win32,50,61084dbab48ab21fce452554,673c6e3c1bdcd7f14d4497df,673cca33eee1f86dff640056,,,,,,,,,,,,,,,,,,,,,,,,,,,,,,,,,,,,,,,,,,1,,,,,,,,,,,,,3,,,,,,,,,,,,,,,,,,,,,,,,,,,,,,,,,,,,,,,,,,,,,,,s,0.2883,,space,3,green_gnome,3,6,bright_forest,red_basket,purple_gnome,3,8,dark_forest,yellow_basket,6,0,0,1,green_gnome,bright_forest,red_basket,2144,-1,1,22,0,176,2,1,0.2179,,,,,2755.0807,2765.0989,,,,,,,,,,,,,,,,,,,,,,,,,,,,,,,,,,,,,,,,,,,,,,,,,,,,,,,,,,,,,,,,
,,,,,,,,,,,,,,,,,,,,,,,,,,,,,,,,,,,,,,,,,,,,,,,,,,,,,,,,,,,,,,,,,,138517,001,2024-11-19_12h27.45.750,experiment,2023.2.3,Win32,50,61084dbab48ab21fce452554,673c6e3c1bdcd7f14d4497df,673cca33eee1f86dff640056,,,,,,,,,,,,,,,,,,,,,,,,,,,,,,,,,,,,,,,,,,1,,,,,,,,,,,,,4,,,,,,,,,,,,,,,,,,,,,,,,,,,,,,,,,,,,,,,,,,,,,,,s,0.4313,,space,4,red_gnome,4,5,bright_forest,red_basket,pink_gnome,4,9,dark_forest,yellow_basket,5,0,0,1,red_gnome,bright_forest,red_basket,2149,2,-2,22,1,177,3,1,0.8289,,,,,,,,,,,,,,,,,,,,,,,,,,,,,,,,,,,,,,,,,,,,,,,,,,,,,,,,,,,,,,,,,,,,,,
,,,,,,,,,,,,,,,,,,,,,,,,,,,,,,,,,,,,,,,,,,,,,,,,,,,,,,,,,,,,,,,,,,138517,001,2024-11-19_12h27.45.750,experiment,2023.2.3,Win32,50,61084dbab48ab21fce452554,673c6e3c1bdcd7f14d4497df,673cca33eee1f86dff640056,,,,,,,,,,,,,,,,,,,,,,,,,,,,,,,,,,,,,,,,,,1,,,,,,,,,,,,,1,,,,,,,,,,,,,,,,,,,,,,,,,,,,,,,,,,,,,,,,,,,,,,,s,0.2758,,space,1,yellow_gnome,1,7,bright_forest,red_basket,orange_gnome,1,7,dark_forest,yellow_basket,7,0,0,1,yellow_gnome,bright_forest,red_basket,2156,-1,1,22,2,178,0,1,0.1745,,,,,,,,,,,,,,,,,,,,,,,,,,,,,,,,,,,,,,,,,,,,,,,,,,,,,,,,,,,,,,,,,,,,,,
,,,,,,,,,,,,,,,,,,,,,,,,,,,,,,,,,,,,,,,,,,,,,,,,,,,,,,,,,,,,,,,,,,138517,001,2024-11-19_12h27.45.750,experiment,2023.2.3,Win32,50,61084dbab48ab21fce452554,673c6e3c1bdcd7f14d4497df,673cca33eee1f86dff640056,,,,,,,,,,,,,,,,,,,,,,,,,,,,,,,,,,,,,,,,,,1,,,,,,,,,,,,,3,,,,,,,,,,,,,,,,,,,,,,,,,,,,,,,,,,,,,,,,,,,,,,,s,0.2277,,space,3,green_gnome,3,6,bright_forest,red_basket,purple_gnome,3,8,dark_forest,yellow_basket,6,0,0,1,green_gnome,bright_forest,red_basket,2162,1,4,22,3,179,2,1,0.3284,,,,,,,,,,,,,,,,,,,,,,,,,,,,,,,,,,,,,,,,,,,,,,,,,,,,,,,,,,,,,,,,,,,,,,
,,,,,,,,,,,,,,,,,,,,,,,,,,,,,,,,,,,,,,,,,,,,,,,,,,,,,,,,,,,,,,,,,,138517,001,2024-11-19_12h27.45.750,experiment,2023.2.3,Win32,50,61084dbab48ab21fce452554,673c6e3c1bdcd7f14d4497df,673cca33eee1f86dff640056,,,,,,,,,,,,,,,,,,,,,,,,,,,,,,,,,,,,,,,,,,5,,,,,,,,,,,,,3,,,,,,,,,,,,,,,,,,,,,,,,,,,,,,,,,,,,,,,,,,,,,,,s,0.2249,,space,3,purple_gnome,3,6,dark_forest,yellow_basket,green_gnome,3,7,bright_forest,red_basket,30,0,0,1,purple_gnome,dark_forest,yellow_basket,2192,-1,-1,22,4,180,6,1,0.3472,,,,,,,,,,,,,,,,,,,,,,,,,,,,,,,,,,,,,,,,,,,,,,,,,,,,,,,,,,,,,,,,,,,,,,
,,,,,,,,,,,,,,,,,,,,,,,,,,,,,,,,,,,,,,,,,,,,,,,,,,,,,,,,,,,,,,,,,,138517,001,2024-11-19_12h27.45.750,experiment,2023.2.3,Win32,50,61084dbab48ab21fce452554,673c6e3c1bdcd7f14d4497df,673cca33eee1f86dff640056,,,,,,,,,,,,,,,,,,,,,,,,,,,,,,,,,,,,,,,,,,5,,,,,,,,,,,,,2,,,,,,,,,,,,,,,,,,,,,,,,,,,,,,,,,,,,,,,,,,,,,,,s,0.3481,,space,2,brown_gnome,2,5,dark_forest,yellow_basket,blue_gnome,2,6,bright_forest,red_basket,25,0,0,1,brown_gnome,dark_forest,yellow_basket,2217,2,0,22,5,181,5,1,0.6752,,,,,,,,,,,,,,,,,,,,,,,,,,,,,,,,,,,,,,,,,,,,,,,,,,,,,,,,,,,,,,,,,,,,,,
,,,,,,,,,,,,,,,,,,,,,,,,,,,,,,,,,,,,,,,,,,,,,,,,,,,,,,,,,,,,,,,,,,138517,001,2024-11-19_12h27.45.750,experiment,2023.2.3,Win32,50,61084dbab48ab21fce452554,673c6e3c1bdcd7f14d4497df,673cca33eee1f86dff640056,,,,,,,,,,,,,,,,,,,,,,,,,,,,,,,,,,,,,,,,,,5,,,,,,,,,,,,,4,,,,,,,,,,,,,,,,,,,,,,,,,,,,,,,,,,,,,,,,,,,,,,,s,0.4064,,space,4,pink_gnome,4,5,dark_forest,yellow_basket,red_gnome,4,8,bright_forest,red_basket,25,0,0,1,pink_gnome,dark_forest,yellow_basket,2242,4,6,22,6,182,7,1,0.3465,,,,,,,,,,,,,,,,,,,,,,,,,,,,,,,,,,,,,,,,,,,,,,,,,,,,,,,,,,,,,,,,,,,,,,
,,,,,,,,,,,,,,,,,,,,,,,,,,,,,,,,,,,,,,,,,,,,,,,,,,,,,,,,,,,,,,,,,,138517,001,2024-11-19_12h27.45.750,experiment,2023.2.3,Win32,50,61084dbab48ab21fce452554,673c6e3c1bdcd7f14d4497df,673cca33eee1f86dff640056,,,,,,,,,,,,,,,,,,,,,,,,,,,,,,,,,,,,,,,,,,1,,,,,,,,,,,,,1,,,,,,,,,,,,,,,,,,,,,,,,,,,,,,,,,,,,,,,,,,,,,,,s,0.3265,,space,1,orange_gnome,1,7,dark_forest,yellow_basket,yellow_gnome,1,6,bright_forest,red_basket,7,0,0,1,orange_gnome,dark_forest,yellow_basket,2249,1,0,22,7,183,0,1,0.2561,,,,,,,,,,,,,,,,,,,,,,,,,,,,,,,,,,,,,,,,,,,,,,,,,,,,,,,,,,,,,,,,,,,,,,
,,,,,,,,,,,,,,,,,,,,,,,,,,,,,,,,,,,,,,,,,,,,,,,,,,,,,,,,,,,,,,,,,,138517,001,2024-11-19_12h27.45.750,experiment,2023.2.3,Win32,50,61084dbab48ab21fce452554,673c6e3c1bdcd7f14d4497df,673cca33eee1f86dff640056,,,,,,,,,,,,,,,,,,,,,,,,,,,,,,,,,,,,,,,,,,5,,,,,,,,,,,,,2,,,,,,,,,,,,,,,,,,,,,,,,,,,,,,,,,,,,,,,,,,,,,,,s,0.3056,,space,2,blue_gnome,2,7,bright_forest,red_basket,brown_gnome,2,7,dark_forest,yellow_basket,35,0,0,1,blue_gnome,bright_forest,red_basket,2284,-2,-3,23,0,184,5,1,0.6749,,,,,,,,,,,,,,,,,,,,,,,,,,,,,,,,,,,,,,,,,,,,,,,,,,,,,,,,,,,,,,,,,,,,,,
,,,,,,,,,,,,,,,,,,,,,,,,,,,,,,,,,,,,,,,,,,,,,,,,,,,,,,,,,,,,,,,,,,138517,001,2024-11-19_12h27.45.750,experiment,2023.2.3,Win32,50,61084dbab48ab21fce452554,673c6e3c1bdcd7f14d4497df,673cca33eee1f86dff640056,,,,,,,,,,,,,,,,,,,,,,,,,,,,,,,,,,,,,,,,,,5,,,,,,,,,,,,,4,,,,,,,,,,,,,,,,,,,,,,,,,,,,,,,,,,,,,,,,,,,,,,,s,0.2762,,space,4,red_gnome,4,5,bright_forest,red_basket,pink_gnome,4,4,dark_forest,yellow_basket,25,0,0,1,red_gnome,bright_forest,red_basket,2309,0,-3,23,1,185,7,1,0.5081,,,,,,,,,,,,,,,,,,,,,,,,,,,,,,,,,,,,,,,,,,,,,,,,,,,,,,,,,,,,,,,,,,,,,,
,,,,,,,,,,,,,,,,,,,,,,,,,,,,,,,,,,,,,,,,,,,,,,,,,,,,,,,,,,,,,,,,,,138517,001,2024-11-19_12h27.45.750,experiment,2023.2.3,Win32,50,61084dbab48ab21fce452554,673c6e3c1bdcd7f14d4497df,673cca33eee1f86dff640056,,,,,,,,,,,,,,,,,,,,,,,,,,,,,,,,,,,,,,,,,,5,,,,,,,,,,,,,1,,,,,,,,,,,,,,,,,,,,,,,,,,,,,,,,,,,,,,,,,,,,,,,s,0.2755,,space,1,orange_gnome,1,1,dark_forest,yellow_basket,yellow_gnome,1,5,bright_forest,red_basket,5,0,0,1,orange_gnome,dark_forest,yellow_basket,2314,-2,3,23,2,186,4,1,0.1678,,,,,,,,,,,,,,,,,,,,,,,,,,,,,,,,,,,,,,,,,,,,,,,,,,,,,,,,,,,,,,,,,,,,,,
,,,,,,,,,,,,,,,,,,,,,,,,,,,,,,,,,,,,,,,,,,,,,,,,,,,,,,,,,,,,,,,,,,138517,001,2024-11-19_12h27.45.750,experiment,2023.2.3,Win32,50,61084dbab48ab21fce452554,673c6e3c1bdcd7f14d4497df,673cca33eee1f86dff640056,,,,,,,,,,,,,,,,,,,,,,,,,,,,,,,,,,,,,,,,,,1,,,,,,,,,,,,,1,,,,,,,,,,,,,,,,,,,,,,,,,,,,,,,,,,,,,,,,,,,,,,,s,0.2527,,space,1,orange_gnome,1,4,dark_forest,yellow_basket,yellow_gnome,1,3,bright_forest,red_basket,4,0,0,1,orange_gnome,dark_forest,yellow_basket,2318,-5,-1,23,3,187,0,1,0.0477,,,,,,,,,,,,,,,,,,,,,,,,,,,,,,,,,,,,,,,,,,,,,,,,,,,,,,,,,,,,,,,,,,,,,,
,,,,,,,,,,,,,,,,,,,,,,,,,,,,,,,,,,,,,,,,,,,,,,,,,,,,,,,,,,,,,,,,,,138517,001,2024-11-19_12h27.45.750,experiment,2023.2.3,Win32,50,61084dbab48ab21fce452554,673c6e3c1bdcd7f14d4497df,673cca33eee1f86dff640056,,,,,,,,,,,,,,,,,,,,,,,,,,,,,,,,,,,,,,,,,,5,,,,,,,,,,,,,4,,,,,,,,,,,,,,,,,,,,,,,,,,,,,,,,,,,,,,,,,,,,,,,s,0.3462,,space,4,pink_gnome,4,3,dark_forest,yellow_basket,red_gnome,4,2,bright_forest,red_basket,15,0,0,1,pink_gnome,dark_forest,yellow_basket,2333,0,1,23,4,188,7,1,1.0186,,,,,,,,,,,,,,,,,,,,,,,,,,,,,,,,,,,,,,,,,,,,,,,,,,,,,,,,,,,,,,,,,,,,,,
,,,,,,,,,,,,,,,,,,,,,,,,,,,,,,,,,,,,,,,,,,,,,,,,,,,,,,,,,,,,,,,,,,138517,001,2024-11-19_12h27.45.750,experiment,2023.2.3,Win32,50,61084dbab48ab21fce452554,673c6e3c1bdcd7f14d4497df,673cca33eee1f86dff640056,,,,,,,,,,,,,,,,,,,,,,,,,,,,,,,,,,,,,,,,,,1,,,,,,,,,,,,,1,,,,,,,,,,,,,,,,,,,,,,,,,,,,,,,,,,,,,,,,,,,,,,,s,0.1297,,space,1,orange_gnome,1,4,dark_forest,yellow_basket,yellow_gnome,1,2,bright_forest,red_basket,4,0,0,1,orange_gnome,dark_forest,yellow_basket,2337,2,0,23,5,189,0,1,0.2257,,,,,,,,,,,,,,,,,,,,,,,,,,,,,,,,,,,,,,,,,,,,,,,,,,,,,,,,,,,,,,,,,,,,,,
,,,,,,,,,,,,,,,,,,,,,,,,,,,,,,,,,,,,,,,,,,,,,,,,,,,,,,,,,,,,,,,,,,138517,001,2024-11-19_12h27.45.750,experiment,2023.2.3,Win32,50,61084dbab48ab21fce452554,673c6e3c1bdcd7f14d4497df,673cca33eee1f86dff640056,,,,,,,,,,,,,,,,,,,,,,,,,,,,,,,,,,,,,,,,,,1,,,,,,,,,,,,,2,,,,,,,,,,,,,,,,,,,,,,,,,,,,,,,,,,,,,,,,,,,,,,,s,0.3825,,space,2,blue_gnome,2,4,bright_forest,red_basket,brown_gnome,2,4,dark_forest,yellow_basket,4,0,0,1,blue_gnome,bright_forest,red_basket,2341,-1,1,23,6,190,1,1,0.327,,,,,,,,,,,,,,,,,,,,,,,,,,,,,,,,,,,,,,,,,,,,,,,,,,,,,,,,,,,,,,,,,,,,,,
,,,,,,,,,,,,,,,,,,,,,,,,,,,,,,,,,,,,,,,,,,,,,,,,,,,,,,,,,,,,,,,,,,138517,001,2024-11-19_12h27.45.750,experiment,2023.2.3,Win32,50,61084dbab48ab21fce452554,673c6e3c1bdcd7f14d4497df,673cca33eee1f86dff640056,,,,,,,,,,,,,,,,,,,,,,,,,,,,,,,,,,,,,,,,,,1,,,,,,,,,,,,,1,,,,,,,,,,,,,,,,,,,,,,,,,,,,,,,,,,,,,,,,,,,,,,,s,0.3159,,space,1,orange_gnome,1,5,dark_forest,yellow_basket,yellow_gnome,1,3,bright_forest,red_basket,5,0,0,1,orange_gnome,dark_forest,yellow_basket,2346,0,0,23,7,191,0,1,0.2363,,space,32.6871,,,,,,,,,,,,,,,,,,,,,,,,,,,,,,,,,,,,,,,,,,,,,,,,,,,,,,,,,,,,,,,,,,,
,,,,,,,,,,,,,,,,,,,,,,,,,,,,,,,,,,,,,,,,,,,,,,,,,,,,,,,,,,,,,,,,,,138517,001,2024-11-19_12h27.45.750,experiment,2023.2.3,Win32,50,61084dbab48ab21fce452554,673c6e3c1bdcd7f14d4497df,673cca33eee1f86dff640056,,,,,,,,,,,,,,,,,,,,,,,,,,,,,,,,,,,,,,,,,,1,,,,,,,,,,,,,4,,,,,,,,,,,,,,,,,,,,,,,,,,,,,,,,,,,,,,,,,,,,,,,s,0.5059,,space,4,pink_gnome,4,5,dark_forest,yellow_basket,red_gnome,4,3,bright_forest,red_basket,5,0,0,1,pink_gnome,dark_forest,yellow_basket,2351,0,1,24,0,192,3,1,0.225,,,,,,,,,,,,,,,,,,,,,,,,,,,,,,,,,,,,,,,,,,,,,,,,,,,,,,,,,,,,,,,,,,,,,,
,,,,,,,,,,,,,,,,,,,,,,,,,,,,,,,,,,,,,,,,,,,,,,,,,,,,,,,,,,,,,,,,,,138517,001,2024-11-19_12h27.45.750,experiment,2023.2.3,Win32,50,61084dbab48ab21fce452554,673c6e3c1bdcd7f14d4497df,673cca33eee1f86dff640056,,,,,,,,,,,,,,,,,,,,,,,,,,,,,,,,,,,,,,,,,,1,,,,,,,,,,,,,1,,,,,,,,,,,,,,,,,,,,,,,,,,,,,,,,,,,,,,,,,,,,,,,s,0.3602,,space,1,orange_gnome,1,6,dark_forest,yellow_basket,yellow_gnome,1,3,bright_forest,red_basket,6,0,0,1,orange_gnome,dark_forest,yellow_basket,2357,1,-4,24,1,193,0,1,0.3364,,,,,,,,,,,,,,,,,,,,,,,,,,,,,,,,,,,,,,,,,,,,,,,,,,,,,,,,,,,,,,,,,,,,,,
,,,,,,,,,,,,,,,,,,,,,,,,,,,,,,,,,,,,,,,,,,,,,,,,,,,,,,,,,,,,,,,,,,138517,001,2024-11-19_12h27.45.750,experiment,2023.2.3,Win32,50,61084dbab48ab21fce452554,673c6e3c1bdcd7f14d4497df,673cca33eee1f86dff640056,,,,,,,,,,,,,,,,,,,,,,,,,,,,,,,,,,,,,,,,,,5,,,,,,,,,,,,,4,,,,,,,,,,,,,,,,,,,,,,,,,,,,,,,,,,,,,,,,,,,,,,,s,0.3279,,space,4,red_gnome,4,4,bright_forest,red_basket,pink_gnome,4,2,dark_forest,yellow_basket,20,0,0,1,red_gnome,bright_forest,red_basket,2377,-1,2,24,2,194,7,1,0.2437,,,,,,,,,,,,,,,,,,,,,,,,,,,,,,,,,,,,,,,,,,,,,,,,,,,,,,,,,,,,,,,,,,,,,,
,,,,,,,,,,,,,,,,,,,,,,,,,,,,,,,,,,,,,,,,,,,,,,,,,,,,,,,,,,,,,,,,,,138517,001,2024-11-19_12h27.45.750,experiment,2023.2.3,Win32,50,61084dbab48ab21fce452554,673c6e3c1bdcd7f14d4497df,673cca33eee1f86dff640056,,,,,,,,,,,,,,,,,,,,,,,,,,,,,,,,,,,,,,,,,,1,,,,,,,,,,,,,3,,,,,,,,,,,,,,,,,,,,,,,,,,,,,,,,,,,,,,,,,,,,,,,s,0.3057,,space,3,purple_gnome,3,4,dark_forest,yellow_basket,green_gnome,3,3,bright_forest,red_basket,4,0,0,1,purple_gnome,dark_forest,yellow_basket,2381,2,1,24,3,195,2,1,0.5988,,,,,,,,,,,,,,,,,,,,,,,,,,,,,,,,,,,,,,,,,,,,,,,,,,,,,,,,,,,,,,,,,,,,,,
,,,,,,,,,,,,,,,,,,,,,,,,,,,,,,,,,,,,,,,,,,,,,,,,,,,,,,,,,,,,,,,,,,138517,001,2024-11-19_12h27.45.750,experiment,2023.2.3,Win32,50,61084dbab48ab21fce452554,673c6e3c1bdcd7f14d4497df,673cca33eee1f86dff640056,,,,,,,,,,,,,,,,,,,,,,,,,,,,,,,,,,,,,,,,,,1,,,,,,,,,,,,,4,,,,,,,,,,,,,,,,,,,,,,,,,,,,,,,,,,,,,,,,,,,,,,,s,0.5214,,space,4,pink_gnome,4,5,dark_forest,yellow_basket,red_gnome,4,5,bright_forest,red_basket,5,0,0,1,pink_gnome,dark_forest,yellow_basket,2386,4,-2,24,4,196,3,1,0.8448,,,,,,,,,,,,,,,,,,,,,,,,,,,,,,,,,,,,,,,,,,,,,,,,,,,,,,,,,,,,,,,,,,,,,,
,,,,,,,,,,,,,,,,,,,,,,,,,,,,,,,,,,,,,,,,,,,,,,,,,,,,,,,,,,,,,,,,,,138517,001,2024-11-19_12h27.45.750,experiment,2023.2.3,Win32,50,61084dbab48ab21fce452554,673c6e3c1bdcd7f14d4497df,673cca33eee1f86dff640056,,,,,,,,,,,,,,,,,,,,,,,,,,,,,,,,,,,,,,,,,,1,,,,,,,,,,,,,1,,,,,,,,,,,,,,,,,,,,,,,,,,,,,,,,,,,,,,,,,,,,,,,s,0.2798,,space,1,orange_gnome,1,3,dark_forest,yellow_basket,yellow_gnome,1,9,bright_forest,red_basket,3,0,0,1,orange_gnome,dark_forest,yellow_basket,2389,1,-3,24,5,197,0,1,0.1409,,,,,,,,,,,,,,,,,,,,,,,,,,,,,,,,,,,,,,,,,,,,,,,,,,,,,,,,,,,,,,,,,,,,,,
,,,,,,,,,,,,,,,,,,,,,,,,,,,,,,,,,,,,,,,,,,,,,,,,,,,,,,,,,,,,,,,,,,138517,001,2024-11-19_12h27.45.750,experiment,2023.2.3,Win32,50,61084dbab48ab21fce452554,673c6e3c1bdcd7f14d4497df,673cca33eee1f86dff640056,,,,,,,,,,,,,,,,,,,,,,,,,,,,,,,,,,,,,,,,,,1,,,,,,,,,,,,,2,,,,,,,,,,,,,,,,,,,,,,,,,,,,,,,,,,,,,,,,,,,,,,,s,0.2283,,space,2,blue_gnome,2,8,bright_forest,red_basket,brown_gnome,2,0,dark_forest,yellow_basket,8,0,0,1,blue_gnome,bright_forest,red_basket,2397,0,0,24,6,198,1,1,0.3405,,,,,,,,,,,,,,,,,,,,,,,,,,,,,,,,,,,,,,,,,,,,,,,,,,,,,,,,,,,,,,,,,,,,,,
,,,,,,,,,,,,,,,,,,,,,,,,,,,,,,,,,,,,,,,,,,,,,,,,,,,,,,,,,,,,,,,,,,138517,001,2024-11-19_12h27.45.750,experiment,2023.2.3,Win32,50,61084dbab48ab21fce452554,673c6e3c1bdcd7f14d4497df,673cca33eee1f86dff640056,,,,,,,,,,,,,,,,,,,,,,,,,,,,,,,,,,,,,,,,,,1,,,,,,,,,,,,,3,,,,,,,,,,,,,,,,,,,,,,,,,,,,,,,,,,,,,,,,,,,,,,,s,0.3591,,space,3,purple_gnome,3,0,dark_forest,yellow_basket,green_gnome,3,8,bright_forest,red_basket,0,0,0,1,purple_gnome,dark_forest,yellow_basket,2397,-2,0,24,7,199,2,1,0.4858,,,,,,,,,,,,,,,,,,,,,,,,,,,,,,,,,,,,,,,,,,,,,,,,,,,,,,,,,,,,,,,,,,,,,,
,,,,,,,,,,,,,,,,,,,,,,,,,,,,,,,,,,,,,,,,,,,,,,,,,,,,,,,,,,,,,,,,,,138517,001,2024-11-19_12h27.45.750,experiment,2023.2.3,Win32,50,61084dbab48ab21fce452554,673c6e3c1bdcd7f14d4497df,673cca33eee1f86dff640056,,,,,,,,,,,,,,,,,,,,,,,,,,,,,,,,,,,,,,,,,,5,,,,,,,,,,,,,1,,,,,,,,,,,,,,,,,,,,,,,,,,,,,,,,,,,,,,,,,,,,,,,s,0.2259,,space,1,yellow_gnome,1,6,bright_forest,red_basket,orange_gnome,1,0,dark_forest,yellow_basket,30,0,0,1,yellow_gnome,bright_forest,red_basket,2427,-2,1,25,0,200,4,1,0.0917,,,,,,,,,,,,,,,,,,,,,,,,,,,,,,,,,,,,,,,,,,,,,,,,,,,,,,,,,,,,,,,,,,,,,,
,,,,,,,,,,,,,,,,,,,,,,,,,,,,,,,,,,,,,,,,,,,,,,,,,,,,,,,,,,,,,,,,,,138517,001,2024-11-19_12h27.45.750,experiment,2023.2.3,Win32,50,61084dbab48ab21fce452554,673c6e3c1bdcd7f14d4497df,673cca33eee1f86dff640056,,,,,,,,,,,,,,,,,,,,,,,,,,,,,,,,,,,,,,,,,,1,,,,,,,,,,,,,1,,,,,,,,,,,,,,,,,,,,,,,,,,,,,,,,,,,,,,,,,,,,,,,s,0.3688,,space,1,orange_gnome,1,1,dark_forest,yellow_basket,yellow_gnome,1,4,bright_forest,red_basket,1,0,0,1,orange_gnome,dark_forest,yellow_basket,2428,-1,-1,25,1,201,0,1,0.2655,,,,,,,,,,,,,,,,,,,,,,,,,,,,,,,,,,,,,,,,,,,,,,,,,,,,,,,,,,,,,,,,,,,,,,
,,,,,,,,,,,,,,,,,,,,,,,,,,,,,,,,,,,,,,,,,,,,,,,,,,,,,,,,,,,,,,,,,,138517,001,2024-11-19_12h27.45.750,experiment,2023.2.3,Win32,50,61084dbab48ab21fce452554,673c6e3c1bdcd7f14d4497df,673cca33eee1f86dff640056,,,,,,,,,,,,,,,,,,,,,,,,,,,,,,,,,,,,,,,,,,1,,,,,,,,,,,,,3,,,,,,,,,,,,,,,,,,,,,,,,,,,,,,,,,,,,,,,,,,,,,,,s,0.2466,,space,3,green_gnome,3,3,bright_forest,red_basket,purple_gnome,3,0,dark_forest,yellow_basket,3,0,0,1,green_gnome,bright_forest,red_basket,2431,-2,-2,25,2,202,2,1,0.2123,,,,,,,,,,,,,,,,,,,,,,,,,,,,,,,,,,,,,,,,,,,,,,,,,,,,,,,,,,,,,,,,,,,,,,
,,,,,,,,,,,,,,,,,,,,,,,,,,,,,,,,,,,,,,,,,,,,,,,,,,,,,,,,,,,,,,,,,,138517,001,2024-11-19_12h27.45.750,experiment,2023.2.3,Win32,50,61084dbab48ab21fce452554,673c6e3c1bdcd7f14d4497df,673cca33eee1f86dff640056,,,,,,,,,,,,,,,,,,,,,,,,,,,,,,,,,,,,,,,,,,1,,,,,,,,,,,,,1,,,,,,,,,,,,,,,,,,,,,,,,,,,,,,,,,,,,,,,,,,,,,,,s,0.4077,,space,1,yellow_gnome,1,1,bright_forest,red_basket,orange_gnome,1,2,dark_forest,yellow_basket,1,0,0,1,yellow_gnome,bright_forest,red_basket,2432,1,1,25,3,203,0,1,0.3942,,,,,,,,,,,,,,,,,,,,,,,,,,,,,,,,,,,,,,,,,,,,,,,,,,,,,,,,,,,,,,,,,,,,,,
,,,,,,,,,,,,,,,,,,,,,,,,,,,,,,,,,,,,,,,,,,,,,,,,,,,,,,,,,,,,,,,,,,138517,001,2024-11-19_12h27.45.750,experiment,2023.2.3,Win32,50,61084dbab48ab21fce452554,673c6e3c1bdcd7f14d4497df,673cca33eee1f86dff640056,,,,,,,,,,,,,,,,,,,,,,,,,,,,,,,,,,,,,,,,,,5,,,,,,,,,,,,,4,,,,,,,,,,,,,,,,,,,,,,,,,,,,,,,,,,,,,,,,,,,,,,,s,0.2786,,space,4,red_gnome,4,2,bright_forest,red_basket,pink_gnome,4,3,dark_forest,yellow_basket,10,0,0,1,red_gnome,bright_forest,red_basket,2442,1,-1,25,4,204,7,1,0.4554,,,,,,,,,,,,,,,,,,,,,,,,,,,,,,,,,,,,,,,,,,,,,,,,,,,,,,,,,,,,,,,,,,,,,,
,,,,,,,,,,,,,,,,,,,,,,,,,,,,,,,,,,,,,,,,,,,,,,,,,,,,,,,,,,,,,,,,,,138517,001,2024-11-19_12h27.45.750,experiment,2023.2.3,Win32,50,61084dbab48ab21fce452554,673c6e3c1bdcd7f14d4497df,673cca33eee1f86dff640056,,,,,,,,,,,,,,,,,,,,,,,,,,,,,,,,,,,,,,,,,,1,,,,,,,,,,,,,1,,,,,,,,,,,,,,,,,,,,,,,,,,,,,,,,,,,,,,,,,,,,,,,s,0.4596,,space,1,yellow_gnome,1,3,bright_forest,red_basket,orange_gnome,1,2,dark_forest,yellow_basket,3,0,0,1,yellow_gnome,bright_forest,red_basket,2445,0,-2,25,5,205,0,1,0.3831,,,,,,,,,,,,,,,,,,,,,,,,,,,,,,,,,,,,,,,,,,,,,,,,,,,,,,,,,,,,,,,,,,,,,,
,,,,,,,,,,,,,,,,,,,,,,,,,,,,,,,,,,,,,,,,,,,,,,,,,,,,,,,,,,,,,,,,,,138517,001,2024-11-19_12h27.45.750,experiment,2023.2.3,Win32,50,61084dbab48ab21fce452554,673c6e3c1bdcd7f14d4497df,673cca33eee1f86dff640056,,,,,,,,,,,,,,,,,,,,,,,,,,,,,,,,,,,,,,,,,,5,,,,,,,,,,,,,2,,,,,,,,,,,,,,,,,,,,,,,,,,,,,,,,,,,,,,,,,,,,,,,s,0.4955,,space,2,brown_gnome,2,0,dark_forest,yellow_basket,blue_gnome,2,3,bright_forest,red_basket,0,0,0,1,brown_gnome,dark_forest,yellow_basket,2445,2,-1,25,6,206,5,1,0.1677,,,,,,,,,,,,,,,,,,,,,,,,,,,,,,,,,,,,,,,,,,,,,,,,,,,,,,,,,,,,,,,,,,,,,,
,,,,,,,,,,,,,,,,,,,,,,,,,,,,,,,,,,,,,,,,,,,,,,,,,,,,,,,,,,,,,,,,,,138517,001,2024-11-19_12h27.45.750,experiment,2023.2.3,Win32,50,61084dbab48ab21fce452554,673c6e3c1bdcd7f14d4497df,673cca33eee1f86dff640056,,,,,,,,,,,,,,,,,,,,,,,,,,,,,,,,,,,,,,,,,,1,,,,,,,,,,,,,2,,,,,,,,,,,,,,,,,,,,,,,,,,,,,,,,,,,,,,,,,,,,,,,s,0.6065,,space,2,brown_gnome,2,1,dark_forest,yellow_basket,blue_gnome,2,5,bright_forest,red_basket,1,0,0,1,brown_gnome,dark_forest,yellow_basket,2446,-3,-1,25,7,207,1,1,0.0862,,,,,,,,,,,,,,,,,,,,,,,,,,,,,,,,,,,,,,,,,,,,,,,,,,,,,,,,,,,,,,,,,,,,,,
,,,,,,,,,,,,,,,,,,,,,,,,,,,,,,,,,,,,,,,,,,,,,,,,,,,,,,,,,,,,,,,,,,138517,001,2024-11-19_12h27.45.750,experiment,2023.2.3,Win32,50,61084dbab48ab21fce452554,673c6e3c1bdcd7f14d4497df,673cca33eee1f86dff640056,,,,,,,,,,,,,,,,,,,,,,,,,,,,,,,,,,,,,,,,,,1,,,,,,,,,,,,,1,,,,,,,,,,,,,,,,,,,,,,,,,,,,,,,,,,,,,,,,,,,,,,,s,0.2073,,space,1,yellow_gnome,1,2,bright_forest,red_basket,orange_gnome,1,0,dark_forest,yellow_basket,2,0,0,1,yellow_gnome,bright_forest,red_basket,2448,1,-1,26,0,208,0,1,0.0484,,,,,,,,,,,,,,,,,,,,,,,,,,,,,,,,,,,,,,,,,,,,,,,,,,,,,,,,,,,,,,,,,,,,,,
,,,,,,,,,,,,,,,,,,,,,,,,,,,,,,,,,,,,,,,,,,,,,,,,,,,,,,,,,,,,,,,,,,138517,001,2024-11-19_12h27.45.750,experiment,2023.2.3,Win32,50,61084dbab48ab21fce452554,673c6e3c1bdcd7f14d4497df,673cca33eee1f86dff640056,,,,,,,,,,,,,,,,,,,,,,,,,,,,,,,,,,,,,,,,,,1,,,,,,,,,,,,,2,,,,,,,,,,,,,,,,,,,,,,,,,,,,,,,,,,,,,,,,,,,,,,,s,0.2651,,space,2,blue_gnome,2,3,bright_forest,red_basket,brown_gnome,2,1,dark_forest,yellow_basket,3,0,0,1,blue_gnome,bright_forest,red_basket,2451,1,4,26,1,209,1,1,0.4315,,,,,,,,,,,,,,,,,,,,,,,,,,,,,,,,,,,,,,,,,,,,,,,,,,,,,,,,,,,,,,,,,,,,,,
,,,,,,,,,,,,,,,,,,,,,,,,,,,,,,,,,,,,,,,,,,,,,,,,,,,,,,,,,,,,,,,,,,138517,001,2024-11-19_12h27.45.750,experiment,2023.2.3,Win32,50,61084dbab48ab21fce452554,673c6e3c1bdcd7f14d4497df,673cca33eee1f86dff640056,,,,,,,,,,,,,,,,,,,,,,,,,,,,,,,,,,,,,,,,,,5,,,,,,,,,,,,,1,,,,,,,,,,,,,,,,,,,,,,,,,,,,,,,,,,,,,,,,,,,,,,,s,0.0296,,space,1,orange_gnome,1,5,dark_forest,yellow_basket,yellow_gnome,1,4,bright_forest,red_basket,25,0,0,1,orange_gnome,dark_forest,yellow_basket,2476,4,3,26,2,210,4,1,0.0652,,,,,,,,,,,,,,,,,,,,,,,,,,,,,,,,,,,,,,,,,,,,,,,,,,,,,,,,,,,,,,,,,,,,,,
,,,,,,,,,,,,,,,,,,,,,,,,,,,,,,,,,,,,,,,,,,,,,,,,,,,,,,,,,,,,,,,,,,138517,001,2024-11-19_12h27.45.750,experiment,2023.2.3,Win32,50,61084dbab48ab21fce452554,673c6e3c1bdcd7f14d4497df,673cca33eee1f86dff640056,,,,,,,,,,,,,,,,,,,,,,,,,,,,,,,,,,,,,,,,,,1,,,,,,,,,,,,,2,,,,,,,,,,,,,,,,,,,,,,,,,,,,,,,,,,,,,,,,,,,,,,,s,0.091,,space,2,brown_gnome,2,8,dark_forest,yellow_basket,blue_gnome,2,8,bright_forest,red_basket,8,0,0,1,brown_gnome,dark_forest,yellow_basket,2484,0,-1,26,3,211,1,1,0.0304,,,,,,,,,,,,,,,,,,,,,,,,,,,,,,,,,,,,,,,,,,,,,,,,,,,,,,,,,,,,,,,,,,,,,,
,,,,,,,,,,,,,,,,,,,,,,,,,,,,,,,,,,,,,,,,,,,,,,,,,,,,,,,,,,,,,,,,,,138517,001,2024-11-19_12h27.45.750,experiment,2023.2.3,Win32,50,61084dbab48ab21fce452554,673c6e3c1bdcd7f14d4497df,673cca33eee1f86dff640056,,,,,,,,,,,,,,,,,,,,,,,,,,,,,,,,,,,,,,,,,,5,,,,,,,,,,,,,4,,,,,,,,,,,,,,,,,,,,,,,,,,,,,,,,,,,,,,,,,,,,,,,s,0.3297,,space,4,pink_gnome,4,7,dark_forest,yellow_basket,red_gnome,4,8,bright_forest,red_basket,35,0,0,1,pink_gnome,dark_forest,yellow_basket,2519,0,0,26,4,212,7,1,0.3379,,,,,,,,,,,,,,,,,,,,,,,,,,,,,,,,,,,,,,,,,,,,,,,,,,,,,,,,,,,,,,,,,,,,,,
,,,,,,,,,,,,,,,,,,,,,,,,,,,,,,,,,,,,,,,,,,,,,,,,,,,,,,,,,,,,,,,,,,138517,001,2024-11-19_12h27.45.750,experiment,2023.2.3,Win32,50,61084dbab48ab21fce452554,673c6e3c1bdcd7f14d4497df,673cca33eee1f86dff640056,,,,,,,,,,,,,,,,,,,,,,,,,,,,,,,,,,,,,,,,,,1,,,,,,,,,,,,,4,,,,,,,,,,,,,,,,,,,,,,,,,,,,,,,,,,,,,,,,,,,,,,,s,0.3475,,space,4,pink_gnome,4,7,dark_forest,yellow_basket,red_gnome,4,8,bright_forest,red_basket,7,0,0,1,pink_gnome,dark_forest,yellow_basket,2526,-4,-3,26,5,213,3,1,0.513,,,,,,,,,,,,,,,,,,,,,,,,,,,,,,,,,,,,,,,,,,,,,,,,,,,,,,,,,,,,,,,,,,,,,,
,,,,,,,,,,,,,,,,,,,,,,,,,,,,,,,,,,,,,,,,,,,,,,,,,,,,,,,,,,,,,,,,,,138517,001,2024-11-19_12h27.45.750,experiment,2023.2.3,Win32,50,61084dbab48ab21fce452554,673c6e3c1bdcd7f14d4497df,673cca33eee1f86dff640056,,,,,,,,,,,,,,,,,,,,,,,,,,,,,,,,,,,,,,,,,,5,,,,,,,,,,,,,4,,,,,,,,,,,,,,,,,,,,,,,,,,,,,,,,,,,,,,,,,,,,,,,s,0.3151,,space,4,red_gnome,4,4,bright_forest,red_basket,pink_gnome,4,4,dark_forest,yellow_basket,20,0,0,1,red_gnome,bright_forest,red_basket,2546,-5,1,26,6,214,7,1,0.456,,,,,,,,,,,,,,,,,,,,,,,,,,,,,,,,,,,,,,,,,,,,,,,,,,,,,,,,,,,,,,,,,,,,,,
,,,,,,,,,,,,,,,,,,,,,,,,,,,,,,,,,,,,,,,,,,,,,,,,,,,,,,,,,,,,,,,,,,138517,001,2024-11-19_12h27.45.750,experiment,2023.2.3,Win32,50,61084dbab48ab21fce452554,673c6e3c1bdcd7f14d4497df,673cca33eee1f86dff640056,,,,,,,,,,,,,,,,,,,,,,,,,,,,,,,,,,,,,,,,,,1,,,,,,,,,,,,,3,,,,,,,,,,,,,,,,,,,,,,,,,,,,,,,,,,,,,,,,,,,,,,,,,,,3,green_gnome,3,1,bright_forest,red_basket,purple_gnome,3,5,dark_forest,yellow_basket,0,1,0,0,,bright_forest,red_basket,2546,3,1,26,7,215,2,1,,,,,,,,,,,,,,,,,,,,,,,,,,,,,,,,,,,,,,,,,,,,,,,,,,,,,,,,,,,,,,,,,,,,,,,
,,,,,,,,,,,,,,,,,,,,,,,,,,,,,,,,,,,,,,,,,,,,,,,,,,,,,,,,,,,,,,,,,,138517,001,2024-11-19_12h27.45.750,experiment,2023.2.3,Win32,50,61084dbab48ab21fce452554,673c6e3c1bdcd7f14d4497df,673cca33eee1f86dff640056,,,,,,,,,,,,,,,,,,,,,,,,,,,,,,,,,,,,,,,,,,1,,,,,,,,,,,,,4,,,,,,,,,,,,,,,,,,,,,,,,,,,,,,,,,,,,,,,,,,,,,,,s,0.1565,,space,4,pink_gnome,4,6,dark_forest,yellow_basket,red_gnome,4,4,bright_forest,red_basket,6,0,0,1,pink_gnome,dark_forest,yellow_basket,2552,-1,1,27,0,216,3,1,0.2486,,,,,,,,,,,,,,,,,,,,,,,,,,,,,,,,,,,,,,,,,,,,,,,,,,,,,,,,,,,,,,,,,,,,,,
,,,,,,,,,,,,,,,,,,,,,,,,,,,,,,,,,,,,,,,,,,,,,,,,,,,,,,,,,,,,,,,,,,138517,001,2024-11-19_12h27.45.750,experiment,2023.2.3,Win32,50,61084dbab48ab21fce452554,673c6e3c1bdcd7f14d4497df,673cca33eee1f86dff640056,,,,,,,,,,,,,,,,,,,,,,,,,,,,,,,,,,,,,,,,,,5,,,,,,,,,,,,,2,,,,,,,,,,,,,,,,,,,,,,,,,,,,,,,,,,,,,,,,,,,,,,,s,0.2282,,space,2,brown_gnome,2,7,dark_forest,yellow_basket,blue_gnome,2,3,bright_forest,red_basket,35,0,0,1,brown_gnome,dark_forest,yellow_basket,2587,0,1,27,1,217,5,1,0.016,,,,,,,,,,,,,,,,,,,,,,,,,,,,,,,,,,,,,,,,,,,,,,,,,,,,,,,,,,,,,,,,,,,,,,
,,,,,,,,,,,,,,,,,,,,,,,,,,,,,,,,,,,,,,,,,,,,,,,,,,,,,,,,,,,,,,,,,,138517,001,2024-11-19_12h27.45.750,experiment,2023.2.3,Win32,50,61084dbab48ab21fce452554,673c6e3c1bdcd7f14d4497df,673cca33eee1f86dff640056,,,,,,,,,,,,,,,,,,,,,,,,,,,,,,,,,,,,,,,,,,5,,,,,,,,,,,,,2,,,,,,,,,,,,,,,,,,,,,,,,,,,,,,,,,,,,,,,,,,,,,,,s,0.2659,,space,2,brown_gnome,2,8,dark_forest,yellow_basket,blue_gnome,2,3,bright_forest,red_basket,40,0,0,1,brown_gnome,dark_forest,yellow_basket,2627,1,-1,27,2,218,5,1,0.4025,,,,,,,,,,,,,,,,,,,,,,,,,,,,,,,,,,,,,,,,,,,,,,,,,,,,,,,,,,,,,,,,,,,,,,
,,,,,,,,,,,,,,,,,,,,,,,,,,,,,,,,,,,,,,,,,,,,,,,,,,,,,,,,,,,,,,,,,,138517,001,2024-11-19_12h27.45.750,experiment,2023.2.3,Win32,50,61084dbab48ab21fce452554,673c6e3c1bdcd7f14d4497df,673cca33eee1f86dff640056,,,,,,,,,,,,,,,,,,,,,,,,,,,,,,,,,,,,,,,,,,5,,,,,,,,,,,,,3,,,,,,,,,,,,,,,,,,,,,,,,,,,,,,,,,,,,,,,,,,,,,,,s,0.0302,,space,3,green_gnome,3,4,bright_forest,red_basket,purple_gnome,3,7,dark_forest,yellow_basket,20,0,0,1,green_gnome,bright_forest,red_basket,2647,-1,-1,27,3,219,6,1,0.3659,,,,,,,,,,,,,,,,,,,,,,,,,,,,,,,,,,,,,,,,,,,,,,,,,,,,,,,,,,,,,,,,,,,,,,
,,,,,,,,,,,,,,,,,,,,,,,,,,,,,,,,,,,,,,,,,,,,,,,,,,,,,,,,,,,,,,,,,,138517,001,2024-11-19_12h27.45.750,experiment,2023.2.3,Win32,50,61084dbab48ab21fce452554,673c6e3c1bdcd7f14d4497df,673cca33eee1f86dff640056,,,,,,,,,,,,,,,,,,,,,,,,,,,,,,,,,,,,,,,,,,1,,,,,,,,,,,,,1,,,,,,,,,,,,,,,,,,,,,,,,,,,,,,,,,,,,,,,,,,,,,,,s,0.5486,,space,1,yellow_gnome,1,3,bright_forest,red_basket,orange_gnome,1,6,dark_forest,yellow_basket,3,0,0,1,yellow_gnome,bright_forest,red_basket,2650,-4,-2,27,4,220,0,1,0.4482,,,,,,,,,,,,,,,,,,,,,,,,,,,,,,,,,,,,,,,,,,,,,,,,,,,,,,,,,,,,,,,,,,,,,,
,,,,,,,,,,,,,,,,,,,,,,,,,,,,,,,,,,,,,,,,,,,,,,,,,,,,,,,,,,,,,,,,,,138517,001,2024-11-19_12h27.45.750,experiment,2023.2.3,Win32,50,61084dbab48ab21fce452554,673c6e3c1bdcd7f14d4497df,673cca33eee1f86dff640056,,,,,,,,,,,,,,,,,,,,,,,,,,,,,,,,,,,,,,,,,,1,,,,,,,,,,,,,4,,,,,,,,,,,,,,,,,,,,,,,,,,,,,,,,,,,,,,,,,,,,,,,s,0.3514,,,4,red_gnome,4,1,bright_forest,red_basket,pink_gnome,4,4,dark_forest,yellow_basket,0,0,1,0,red_gnome,bright_forest,red_basket,2650,0,3,27,5,221,3,1,,,,,,,,,,,,,,,,,,,,,,,,,,,,,,,,,,,,,,,,,,,,,,,,,,,,,,,,,,,,,,,,,,,,,,,
,,,,,,,,,,,,,,,,,,,,,,,,,,,,,,,,,,,,,,,,,,,,,,,,,,,,,,,,,,,,,,,,,,138517,001,2024-11-19_12h27.45.750,experiment,2023.2.3,Win32,50,61084dbab48ab21fce452554,673c6e3c1bdcd7f14d4497df,673cca33eee1f86dff640056,,,,,,,,,,,,,,,,,,,,,,,,,,,,,,,,,,,,,,,,,,1,,,,,,,,,,,,,4,,,,,,,,,,,,,,,,,,,,,,,,,,,,,,,,,,,,,,,,,,,,,,,s,0.2086,,space,4,pink_gnome,4,7,dark_forest,yellow_basket,red_gnome,4,1,bright_forest,red_basket,7,0,0,1,pink_gnome,dark_forest,yellow_basket,2657,-1,-1,27,6,222,3,1,0.3057,,,,,,,,,,,,,,,,,,,,,,,,,,,,,,,,,,,,,,,,,,,,,,,,,,,,,,,,,,,,,,,,,,,,,,
,,,,,,,,,,,,,,,,,,,,,,,,,,,,,,,,,,,,,,,,,,,,,,,,,,,,,,,,,,,,,,,,,,138517,001,2024-11-19_12h27.45.750,experiment,2023.2.3,Win32,50,61084dbab48ab21fce452554,673c6e3c1bdcd7f14d4497df,673cca33eee1f86dff640056,,,,,,,,,,,,,,,,,,,,,,,,,,,,,,,,,,,,,,,,,,1,,,,,,,,,,,,,2,,,,,,,,,,,,,,,,,,,,,,,,,,,,,,,,,,,,,,,,,,,,,,,s,0.3258,,space,2,brown_gnome,2,6,dark_forest,yellow_basket,blue_gnome,2,0,bright_forest,red_basket,6,0,0,1,brown_gnome,dark_forest,yellow_basket,2663,-1,-3,27,7,223,1,1,0.2511,,,,,,,,,,,,,,,,,,,,,,,,,,,,,,,,,,,,,,,,,,,,,,,,,,,,,,,,,,,,,,,,,,,,,,
,,,,,,,,,,,,,,,,,,,,,,,,,,,,,,,,,,,,,,,,,,,,,,,,,,,,,,,,,,,,,,,,,,138517,001,2024-11-19_12h27.45.750,experiment,2023.2.3,Win32,50,61084dbab48ab21fce452554,673c6e3c1bdcd7f14d4497df,673cca33eee1f86dff640056,,,,,,,,,,,,,,,,,,,,,,,,,,,,,,,,,,,,,,,,,,5,,,,,,,,,,,,,3,,,,,,,,,,,,,,,,,,,,,,,,,,,,,,,,,,,,,,,,,,,,,,,s,0.1672,,space,3,purple_gnome,3,3,dark_forest,yellow_basket,green_gnome,3,1,bright_forest,red_basket,15,0,0,1,purple_gnome,dark_forest,yellow_basket,2678,1,1,28,0,224,6,1,0.0719,,,,,,,,,,,,,,,,,,,,,,,,,,,,,,,,,,,,,,,,,,,,,,,,,,,,,,,,,,,,,,,,,,,,,,
,,,,,,,,,,,,,,,,,,,,,,,,,,,,,,,,,,,,,,,,,,,,,,,,,,,,,,,,,,,,,,,,,,138517,001,2024-11-19_12h27.45.750,experiment,2023.2.3,Win32,50,61084dbab48ab21fce452554,673c6e3c1bdcd7f14d4497df,673cca33eee1f86dff640056,,,,,,,,,,,,,,,,,,,,,,,,,,,,,,,,,,,,,,,,,,5,,,,,,,,,,,,,3,,,,,,,,,,,,,,,,,,,,,,,,,,,,,,,,,,,,,,,,,,,,,,,s,0.3148,,space,3,purple_gnome,3,4,dark_forest,yellow_basket,green_gnome,3,2,bright_forest,red_basket,20,0,0,1,purple_gnome,dark_forest,yellow_basket,2698,-1,-1,28,1,225,6,1,0.0175,,,,,,,,,,,,,,,,,,,,,,,,,,,,,,,,,,,,,,,,,,,,,,,,,,,,,,,,,,,,,,,,,,,,,,
,,,,,,,,,,,,,,,,,,,,,,,,,,,,,,,,,,,,,,,,,,,,,,,,,,,,,,,,,,,,,,,,,,138517,001,2024-11-19_12h27.45.750,experiment,2023.2.3,Win32,50,61084dbab48ab21fce452554,673c6e3c1bdcd7f14d4497df,673cca33eee1f86dff640056,,,,,,,,,,,,,,,,,,,,,,,,,,,,,,,,,,,,,,,,,,1,,,,,,,,,,,,,2,,,,,,,,,,,,,,,,,,,,,,,,,,,,,,,,,,,,,,,,,,,,,,,s,0.4851,,space,2,blue_gnome,2,1,bright_forest,red_basket,brown_gnome,2,3,dark_forest,yellow_basket,1,0,0,1,blue_gnome,bright_forest,red_basket,2699,3,-1,28,2,226,1,1,0.3089,,,,,,,,,,,,,,,,,,,,,,,,,,,,,,,,,,,,,,,,,,,,,,,,,,,,,,,,,,,,,,,,,,,,,,
,,,,,,,,,,,,,,,,,,,,,,,,,,,,,,,,,,,,,,,,,,,,,,,,,,,,,,,,,,,,,,,,,,138517,001,2024-11-19_12h27.45.750,experiment,2023.2.3,Win32,50,61084dbab48ab21fce452554,673c6e3c1bdcd7f14d4497df,673cca33eee1f86dff640056,,,,,,,,,,,,,,,,,,,,,,,,,,,,,,,,,,,,,,,,,,1,,,,,,,,,,,,,4,,,,,,,,,,,,,,,,,,,,,,,,,,,,,,,,,,,,,,,,,,,,,,,s,0.3671,,space,4,pink_gnome,4,2,dark_forest,yellow_basket,red_gnome,4,4,bright_forest,red_basket,2,0,0,1,pink_gnome,dark_forest,yellow_basket,2701,-1,1,28,3,227,3,1,0.2318,,,,,,,,,,,,,,,,,,,,,,,,,,,,,,,,,,,,,,,,,,,,,,,,,,,,,,,,,,,,,,,,,,,,,,
,,,,,,,,,,,,,,,,,,,,,,,,,,,,,,,,,,,,,,,,,,,,,,,,,,,,,,,,,,,,,,,,,,138517,001,2024-11-19_12h27.45.750,experiment,2023.2.3,Win32,50,61084dbab48ab21fce452554,673c6e3c1bdcd7f14d4497df,673cca33eee1f86dff640056,,,,,,,,,,,,,,,,,,,,,,,,,,,,,,,,,,,,,,,,,,1,,,,,,,,,,,,,2,,,,,,,,,,,,,,,,,,,,,,,,,,,,,,,,,,,,,,,,,,,,,,,s,0.4051,,space,2,blue_gnome,2,3,bright_forest,red_basket,brown_gnome,2,3,dark_forest,yellow_basket,3,0,0,1,blue_gnome,bright_forest,red_basket,2704,-2,3,28,4,228,1,1,0.2117,,,,,,,,,,,,,,,,,,,,,,,,,,,,,,,,,,,,,,,,,,,,,,,,,,,,,,,,,,,,,,,,,,,,,,
,,,,,,,,,,,,,,,,,,,,,,,,,,,,,,,,,,,,,,,,,,,,,,,,,,,,,,,,,,,,,,,,,,138517,001,2024-11-19_12h27.45.750,experiment,2023.2.3,Win32,50,61084dbab48ab21fce452554,673c6e3c1bdcd7f14d4497df,673cca33eee1f86dff640056,,,,,,,,,,,,,,,,,,,,,,,,,,,,,,,,,,,,,,,,,,5,,,,,,,,,,,,,4,,,,,,,,,,,,,,,,,,,,,,,,,,,,,,,,,,,,,,,,,,,,,,,s,0.2559,,space,4,red_gnome,4,1,bright_forest,red_basket,pink_gnome,4,6,dark_forest,yellow_basket,5,0,0,1,red_gnome,bright_forest,red_basket,2709,2,2,28,5,229,7,1,0.043,,,,,,,,,,,,,,,,,,,,,,,,,,,,,,,,,,,,,,,,,,,,,,,,,,,,,,,,,,,,,,,,,,,,,,
,,,,,,,,,,,,,,,,,,,,,,,,,,,,,,,,,,,,,,,,,,,,,,,,,,,,,,,,,,,,,,,,,,138517,001,2024-11-19_12h27.45.750,experiment,2023.2.3,Win32,50,61084dbab48ab21fce452554,673c6e3c1bdcd7f14d4497df,673cca33eee1f86dff640056,,,,,,,,,,,,,,,,,,,,,,,,,,,,,,,,,,,,,,,,,,5,,,,,,,,,,,,,1,,,,,,,,,,,,,,,,,,,,,,,,,,,,,,,,,,,,,,,,,,,,,,,s,0.387,,space,1,yellow_gnome,1,3,bright_forest,red_basket,orange_gnome,1,8,dark_forest,yellow_basket,15,0,0,1,yellow_gnome,bright_forest,red_basket,2724,2,2,28,6,230,4,1,0.0425,,,,,,,,,,,,,,,,,,,,,,,,,,,,,,,,,,,,,,,,,,,,,,,,,,,,,,,,,,,,,,,,,,,,,,
,,,,,,,,,,,,,,,,,,,,,,,,,,,,,,,,,,,,,,,,,,,,,,,,,,,,,,,,,,,,,,,,,,138517,001,2024-11-19_12h27.45.750,experiment,2023.2.3,Win32,50,61084dbab48ab21fce452554,673c6e3c1bdcd7f14d4497df,673cca33eee1f86dff640056,,,,,,,,,,,,,,,,,,,,,,,,,,,,,,,,,,,,,,,,,,5,,,,,,,,,,,,,2,,,,,,,,,,,,,,,,,,,,,,,,,,,,,,,,,,,,,,,,,,,,,,,s,0.3084,,space,2,brown_gnome,2,8,dark_forest,yellow_basket,blue_gnome,2,5,bright_forest,red_basket,40,0,0,1,brown_gnome,dark_forest,yellow_basket,2764,0,0,28,7,231,5,1,0.2962,,,,,,,,,,,,,,,,,,,,,,,,,,,,,,,,,,,,,,,,,,,,,,,,,,,,,,,,,,,,,,,,,,,,,,
,,,,,,,,,,,,,,,,,,,,,,,,,,,,,,,,,,,,,,,,,,,,,,,,,,,,,,,,,,,,,,,,,,138517,001,2024-11-19_12h27.45.750,experiment,2023.2.3,Win32,50,61084dbab48ab21fce452554,673c6e3c1bdcd7f14d4497df,673cca33eee1f86dff640056,,,,,,,,,,,,,,,,,,,,,,,,,,,,,,,,,,,,,,,,,,1,,,,,,,,,,,,,3,,,,,,,,,,,,,,,,,,,,,,,,,,,,,,,,,,,,,,,,,,,,,,,s,0.326,,space,3,purple_gnome,3,8,dark_forest,yellow_basket,green_gnome,3,5,bright_forest,red_basket,8,0,0,1,purple_gnome,dark_forest,yellow_basket,2772,-1,0,29,0,232,2,1,0.0446,,,,,,,,,,,,,,,,,,,,,,,,,,,,,,,,,,,,,,,,,,,,,,,,,,,,,,,,,,,,,,,,,,,,,,
,,,,,,,,,,,,,,,,,,,,,,,,,,,,,,,,,,,,,,,,,,,,,,,,,,,,,,,,,,,,,,,,,,138517,001,2024-11-19_12h27.45.750,experiment,2023.2.3,Win32,50,61084dbab48ab21fce452554,673c6e3c1bdcd7f14d4497df,673cca33eee1f86dff640056,,,,,,,,,,,,,,,,,,,,,,,,,,,,,,,,,,,,,,,,,,1,,,,,,,,,,,,,3,,,,,,,,,,,,,,,,,,,,,,,,,,,,,,,,,,,,,,,,,,,,,,,s,0.6015,,space,3,green_gnome,3,4,bright_forest,red_basket,purple_gnome,3,8,dark_forest,yellow_basket,4,0,0,1,green_gnome,bright_forest,red_basket,2776,0,1,29,1,233,2,1,0.0702,,,,,,,,,,,,,,,,,,,,,,,,,,,,,,,,,,,,,,,,,,,,,,,,,,,,,,,,,,,,,,,,,,,,,,
,,,,,,,,,,,,,,,,,,,,,,,,,,,,,,,,,,,,,,,,,,,,,,,,,,,,,,,,,,,,,,,,,,138517,001,2024-11-19_12h27.45.750,experiment,2023.2.3,Win32,50,61084dbab48ab21fce452554,673c6e3c1bdcd7f14d4497df,673cca33eee1f86dff640056,,,,,,,,,,,,,,,,,,,,,,,,,,,,,,,,,,,,,,,,,,5,,,,,,,,,,,,,2,,,,,,,,,,,,,,,,,,,,,,,,,,,,,,,,,,,,,,,,,,,,,,,s,0.2289,,space,2,blue_gnome,2,4,bright_forest,red_basket,brown_gnome,2,9,dark_forest,yellow_basket,20,0,0,1,blue_gnome,bright_forest,red_basket,2796,1,0,29,2,234,5,1,0.7278,,,,,,,,,,,,,,,,,,,,,,,,,,,,,,,,,,,,,,,,,,,,,,,,,,,,,,,,,,,,,,,,,,,,,,
,,,,,,,,,,,,,,,,,,,,,,,,,,,,,,,,,,,,,,,,,,,,,,,,,,,,,,,,,,,,,,,,,,138517,001,2024-11-19_12h27.45.750,experiment,2023.2.3,Win32,50,61084dbab48ab21fce452554,673c6e3c1bdcd7f14d4497df,673cca33eee1f86dff640056,,,,,,,,,,,,,,,,,,,,,,,,,,,,,,,,,,,,,,,,,,1,,,,,,,,,,,,,4,,,,,,,,,,,,,,,,,,,,,,,,,,,,,,,,,,,,,,,,,,,,,,,s,0.2644,,space,4,pink_gnome,4,9,dark_forest,yellow_basket,red_gnome,4,5,bright_forest,red_basket,9,0,0,1,pink_gnome,dark_forest,yellow_basket,2805,2,-4,29,3,235,3,1,0.4976,,,,,,,,,,,,,,,,,,,,,,,,,,,,,,,,,,,,,,,,,,,,,,,,,,,,,,,,,,,,,,,,,,,,,,
,,,,,,,,,,,,,,,,,,,,,,,,,,,,,,,,,,,,,,,,,,,,,,,,,,,,,,,,,,,,,,,,,,138517,001,2024-11-19_12h27.45.750,experiment,2023.2.3,Win32,50,61084dbab48ab21fce452554,673c6e3c1bdcd7f14d4497df,673cca33eee1f86dff640056,,,,,,,,,,,,,,,,,,,,,,,,,,,,,,,,,,,,,,,,,,5,,,,,,,,,,,,,3,,,,,,,,,,,,,,,,,,,,,,,,,,,,,,,,,,,,,,,,,,,,,,,s,0.3744,,space,3,purple_gnome,3,5,dark_forest,yellow_basket,green_gnome,3,7,bright_forest,red_basket,25,0,0,1,purple_gnome,dark_forest,yellow_basket,2830,1,-2,29,4,236,6,1,0.031,,,,,,,,,,,,,,,,,,,,,,,,,,,,,,,,,,,,,,,,,,,,,,,,,,,,,,,,,,,,,,,,,,,,,,
,,,,,,,,,,,,,,,,,,,,,,,,,,,,,,,,,,,,,,,,,,,,,,,,,,,,,,,,,,,,,,,,,,138517,001,2024-11-19_12h27.45.750,experiment,2023.2.3,Win32,50,61084dbab48ab21fce452554,673c6e3c1bdcd7f14d4497df,673cca33eee1f86dff640056,,,,,,,,,,,,,,,,,,,,,,,,,,,,,,,,,,,,,,,,,,5,,,,,,,,,,,,,3,,,,,,,,,,,,,,,,,,,,,,,,,,,,,,,,,,,,,,,,,,,,,,,s,0.4019,,space,3,green_gnome,3,8,bright_forest,red_basket,purple_gnome,3,3,dark_forest,yellow_basket,40,0,0,1,green_gnome,bright_forest,red_basket,2870,2,-3,29,5,237,6,1,0.1269,,,,,,,,,,,,,,,,,,,,,,,,,,,,,,,,,,,,,,,,,,,,,,,,,,,,,,,,,,,,,,,,,,,,,,
,,,,,,,,,,,,,,,,,,,,,,,,,,,,,,,,,,,,,,,,,,,,,,,,,,,,,,,,,,,,,,,,,,138517,001,2024-11-19_12h27.45.750,experiment,2023.2.3,Win32,50,61084dbab48ab21fce452554,673c6e3c1bdcd7f14d4497df,673cca33eee1f86dff640056,,,,,,,,,,,,,,,,,,,,,,,,,,,,,,,,,,,,,,,,,,5,,,,,,,,,,,,,4,,,,,,,,,,,,,,,,,,,,,,,,,,,,,,,,,,,,,,,,,,,,,,,s,0.3958,,space,4,red_gnome,4,8,bright_forest,red_basket,pink_gnome,4,0,dark_forest,yellow_basket,40,0,0,1,red_gnome,bright_forest,red_basket,2910,3,1,29,6,238,7,1,0.7878,,,,,,,,,,,,,,,,,,,,,,,,,,,,,,,,,,,,,,,,,,,,,,,,,,,,,,,,,,,,,,,,,,,,,,
,,,,,,,,,,,,,,,,,,,,,,,,,,,,,,,,,,,,,,,,,,,,,,,,,,,,,,,,,,,,,,,,,,138517,001,2024-11-19_12h27.45.750,experiment,2023.2.3,Win32,50,61084dbab48ab21fce452554,673c6e3c1bdcd7f14d4497df,673cca33eee1f86dff640056,,,,,,,,,,,,,,,,,,,,,,,,,,,,,,,,,,,,,,,,,,1,,,,,,,,,,,,,2,,,,,,,,,,,,,,,,,,,,,,,,,,,,,,,,,,,,,,,,,,,,,,,s,0.486,,space,2,blue_gnome,2,7,bright_forest,red_basket,brown_gnome,2,1,dark_forest,yellow_basket,7,0,0,1,blue_gnome,bright_forest,red_basket,2917,0,-1,29,7,239,1,1,0.5879,,,,,,,,,,,,,,,,,,,,,,,,,,,,,,,,,,,,,,,,,,,,,,,,,,,,,,,,,,,,,,,,,,,,,,
,,,,,,,,,,,,,,,,,,,,,,,,,,,,,,,,,,,,,,,,,,,,,,,,,,,,,,,,,,,,,,,,,,138517,001,2024-11-19_12h27.45.750,experiment,2023.2.3,Win32,50,61084dbab48ab21fce452554,673c6e3c1bdcd7f14d4497df,673cca33eee1f86dff640056,,,,,,,,,,,,,,,,,,,,,,,,,,,,,,,,,,,,,,,,,,5,,,,,,,,,,,,,2,,,,,,,,,,,,,,,,,,,,,,,,,,,,,,,,,,,,,,,,,,,,,,,s,0.6477,,space,2,brown_gnome,2,0,dark_forest,yellow_basket,blue_gnome,2,7,bright_forest,red_basket,0,0,0,1,brown_gnome,dark_forest,yellow_basket,2917,4,-3,30,0,240,5,1,0.4684,,,,,,,,,,,,,,,,,,,,,,,,,,,,,,,,,,,,,,,,,,,,,,,,,,,,,,,,,,,,,,,,,,,,,,
,,,,,,,,,,,,,,,,,,,,,,,,,,,,,,,,,,,,,,,,,,,,,,,,,,,,,,,,,,,,,,,,,,138517,001,2024-11-19_12h27.45.750,experiment,2023.2.3,Win32,50,61084dbab48ab21fce452554,673c6e3c1bdcd7f14d4497df,673cca33eee1f86dff640056,,,,,,,,,,,,,,,,,,,,,,,,,,,,,,,,,,,,,,,,,,1,,,,,,,,,,,,,4,,,,,,,,,,,,,,,,,,,,,,,,,,,,,,,,,,,,,,,,,,,,,,,s,0.2512,,space,4,pink_gnome,4,3,dark_forest,yellow_basket,red_gnome,4,7,bright_forest,red_basket,3,0,0,1,pink_gnome,dark_forest,yellow_basket,2920,0,1,30,1,241,3,1,0.332,,,,,,,,,,,,,,,,,,,,,,,,,,,,,,,,,,,,,,,,,,,,,,,,,,,,,,,,,,,,,,,,,,,,,,
,,,,,,,,,,,,,,,,,,,,,,,,,,,,,,,,,,,,,,,,,,,,,,,,,,,,,,,,,,,,,,,,,,138517,001,2024-11-19_12h27.45.750,experiment,2023.2.3,Win32,50,61084dbab48ab21fce452554,673c6e3c1bdcd7f14d4497df,673cca33eee1f86dff640056,,,,,,,,,,,,,,,,,,,,,,,,,,,,,,,,,,,,,,,,,,1,,,,,,,,,,,,,1,,,,,,,,,,,,,,,,,,,,,,,,,,,,,,,,,,,,,,,,,,,,,,,s,0.4969,,space,1,yellow_gnome,1,7,bright_forest,red_basket,orange_gnome,1,4,dark_forest,yellow_basket,7,0,0,1,yellow_gnome,bright_forest,red_basket,2927,1,0,30,2,242,0,1,0.2374,,,,,,,,,,,,,,,,,,,,,,,,,,,,,,,,,,,,,,,,,,,,,,,,,,,,,,,,,,,,,,,,,,,,,,
,,,,,,,,,,,,,,,,,,,,,,,,,,,,,,,,,,,,,,,,,,,,,,,,,,,,,,,,,,,,,,,,,,138517,001,2024-11-19_12h27.45.750,experiment,2023.2.3,Win32,50,61084dbab48ab21fce452554,673c6e3c1bdcd7f14d4497df,673cca33eee1f86dff640056,,,,,,,,,,,,,,,,,,,,,,,,,,,,,,,,,,,,,,,,,,1,,,,,,,,,,,,,1,,,,,,,,,,,,,,,,,,,,,,,,,,,,,,,,,,,,,,,,,,,,,,,s,0.6986,,space,1,yellow_gnome,1,8,bright_forest,red_basket,orange_gnome,1,4,dark_forest,yellow_basket,8,0,0,1,yellow_gnome,bright_forest,red_basket,2935,1,0,30,3,243,0,1,0.5876,,,,,,,,,,,,,,,,,,,,,,,,,,,,,,,,,,,,,,,,,,,,,,,,,,,,,,,,,,,,,,,,,,,,,,
,,,,,,,,,,,,,,,,,,,,,,,,,,,,,,,,,,,,,,,,,,,,,,,,,,,,,,,,,,,,,,,,,,138517,001,2024-11-19_12h27.45.750,experiment,2023.2.3,Win32,50,61084dbab48ab21fce452554,673c6e3c1bdcd7f14d4497df,673cca33eee1f86dff640056,,,,,,,,,,,,,,,,,,,,,,,,,,,,,,,,,,,,,,,,,,5,,,,,,,,,,,,,4,,,,,,,,,,,,,,,,,,,,,,,,,,,,,,,,,,,,,,,,,,,,,,,s,0.132,,space,4,red_gnome,4,9,bright_forest,red_basket,pink_gnome,4,4,dark_forest,yellow_basket,45,0,0,1,red_gnome,bright_forest,red_basket,2980,-1,2,30,4,244,7,1,0.2916,,,,,,,,,,,,,,,,,,,,,,,,,,,,,,,,,,,,,,,,,,,,,,,,,,,,,,,,,,,,,,,,,,,,,,
,,,,,,,,,,,,,,,,,,,,,,,,,,,,,,,,,,,,,,,,,,,,,,,,,,,,,,,,,,,,,,,,,,138517,001,2024-11-19_12h27.45.750,experiment,2023.2.3,Win32,50,61084dbab48ab21fce452554,673c6e3c1bdcd7f14d4497df,673cca33eee1f86dff640056,,,,,,,,,,,,,,,,,,,,,,,,,,,,,,,,,,,,,,,,,,1,,,,,,,,,,,,,1,,,,,,,,,,,,,,,,,,,,,,,,,,,,,,,,,,,,,,,,,,,,,,,s,0.2685,,space,1,orange_gnome,1,6,dark_forest,yellow_basket,yellow_gnome,1,8,bright_forest,red_basket,6,0,0,1,orange_gnome,dark_forest,yellow_basket,2986,-4,-2,30,5,245,0,1,0.3653,,,,,,,,,,,,,,,,,,,,,,,,,,,,,,,,,,,,,,,,,,,,,,,,,,,,,,,,,,,,,,,,,,,,,,
,,,,,,,,,,,,,,,,,,,,,,,,,,,,,,,,,,,,,,,,,,,,,,,,,,,,,,,,,,,,,,,,,,138517,001,2024-11-19_12h27.45.750,experiment,2023.2.3,Win32,50,61084dbab48ab21fce452554,673c6e3c1bdcd7f14d4497df,673cca33eee1f86dff640056,,,,,,,,,,,,,,,,,,,,,,,,,,,,,,,,,,,,,,,,,,1,,,,,,,,,,,,,4,,,,,,,,,,,,,,,,,,,,,,,,,,,,,,,,,,,,,,,,,,,,,,,s,0.2866,,space,4,red_gnome,4,4,bright_forest,red_basket,pink_gnome,4,4,dark_forest,yellow_basket,4,0,0,1,red_gnome,bright_forest,red_basket,2990,0,-2,30,6,246,3,1,0.269,,,,,,,,,,,,,,,,,,,,,,,,,,,,,,,,,,,,,,,,,,,,,,,,,,,,,,,,,,,,,,,,,,,,,,
,,,,,,,,,,,,,,,,,,,,,,,,,,,,,,,,,,,,,,,,,,,,,,,,,,,,,,,,,,,,,,,,,,138517,001,2024-11-19_12h27.45.750,experiment,2023.2.3,Win32,50,61084dbab48ab21fce452554,673c6e3c1bdcd7f14d4497df,673cca33eee1f86dff640056,,,,,,,,,,,,,,,,,,,,,,,,,,,,,,,,,,,,,,,,,,1,,,,,,,,,,,,,3,,,,,,,,,,,,,,,,,,,,,,,,,,,,,,,,,,,,,,,,,,,,,,,s,0.2881,,space,3,purple_gnome,3,2,dark_forest,yellow_basket,green_gnome,3,4,bright_forest,red_basket,2,0,0,1,purple_gnome,dark_forest,yellow_basket,2992,3,-2,30,7,247,2,1,0.3392,,,,,,,,,,,,,,,,,,,,,,,,,,,,,,,,,,,,,,,,,,,,,,,,,,,,,,,,,,,,,,,,,,,,,,
,,,,,,,,,,,,,,,,,,,,,,,,,,,,,,,,,,,,,,,,,,,,,,,,,,,,,,,,,,,,,,,,,,138517,001,2024-11-19_12h27.45.750,experiment,2023.2.3,Win32,50,61084dbab48ab21fce452554,673c6e3c1bdcd7f14d4497df,673cca33eee1f86dff640056,,,,,,,,,,,,,,,,,,,,,,,,,,,,,,,,,,,,,,,,,,5,,,,,,,,,,,,,2,,,,,,,,,,,,,,,,,,,,,,,,,,,,,,,,,,,,,,,,,,,,,,,s,0.2875,,space,2,blue_gnome,2,7,bright_forest,red_basket,brown_gnome,2,0,dark_forest,yellow_basket,35,0,0,1,blue_gnome,bright_forest,red_basket,3027,-1,-4,31,0,248,5,1,0.0461,,,,,,,,,,,,,,,,,,,,,,,,,,,,,,,,,,,,,,,,,,,,,,,,,,,,,,,,,,,,,,,,,,,,,,
,,,,,,,,,,,,,,,,,,,,,,,,,,,,,,,,,,,,,,,,,,,,,,,,,,,,,,,,,,,,,,,,,,138517,001,2024-11-19_12h27.45.750,experiment,2023.2.3,Win32,50,61084dbab48ab21fce452554,673c6e3c1bdcd7f14d4497df,673cca33eee1f86dff640056,,,,,,,,,,,,,,,,,,,,,,,,,,,,,,,,,,,,,,,,,,5,,,,,,,,,,,,,3,,,,,,,,,,,,,,,,,,,,,,,,,,,,,,,,,,,,,,,,,,,,,,,s,0.4573,,space,3,green_gnome,3,6,bright_forest,red_basket,purple_gnome,3,4,dark_forest,yellow_basket,30,0,0,1,green_gnome,bright_forest,red_basket,3057,-3,-1,31,1,249,6,1,0.0479,,,,,,,,,,,,,,,,,,,,,,,,,,,,,,,,,,,,,,,,,,,,,,,,,,,,,,,,,,,,,,,,,,,,,,
,,,,,,,,,,,,,,,,,,,,,,,,,,,,,,,,,,,,,,,,,,,,,,,,,,,,,,,,,,,,,,,,,,138517,001,2024-11-19_12h27.45.750,experiment,2023.2.3,Win32,50,61084dbab48ab21fce452554,673c6e3c1bdcd7f14d4497df,673cca33eee1f86dff640056,,,,,,,,,,,,,,,,,,,,,,,,,,,,,,,,,,,,,,,,,,5,,,,,,,,,,,,,3,,,,,,,,,,,,,,,,,,,,,,,,,,,,,,,,,,,,,,,,,,,,,,,s,0.3058,,space,3,purple_gnome,3,3,dark_forest,yellow_basket,green_gnome,3,3,bright_forest,red_basket,15,0,0,1,purple_gnome,dark_forest,yellow_basket,3072,-2,0,31,2,250,6,1,0.2462,,,,,,,,,,,,,,,,,,,,,,,,,,,,,,,,,,,,,,,,,,,,,,,,,,,,,,,,,,,,,,,,,,,,,,
,,,,,,,,,,,,,,,,,,,,,,,,,,,,,,,,,,,,,,,,,,,,,,,,,,,,,,,,,,,,,,,,,,138517,001,2024-11-19_12h27.45.750,experiment,2023.2.3,Win32,50,61084dbab48ab21fce452554,673c6e3c1bdcd7f14d4497df,673cca33eee1f86dff640056,,,,,,,,,,,,,,,,,,,,,,,,,,,,,,,,,,,,,,,,,,5,,,,,,,,,,,,,4,,,,,,,,,,,,,,,,,,,,,,,,,,,,,,,,,,,,,,,,,,,,,,,s,0.3074,,space,4,pink_gnome,4,3,dark_forest,yellow_basket,red_gnome,4,1,bright_forest,red_basket,15,0,0,1,pink_gnome,dark_forest,yellow_basket,3087,-1,1,31,3,251,7,1,0.0455,,,,,,,,,,,,,,,,,,,,,,,,,,,,,,,,,,,,,,,,,,,,,,,,,,,,,,,,,,,,,,,,,,,,,,
,,,,,,,,,,,,,,,,,,,,,,,,,,,,,,,,,,,,,,,,,,,,,,,,,,,,,,,,,,,,,,,,,,138517,001,2024-11-19_12h27.45.750,experiment,2023.2.3,Win32,50,61084dbab48ab21fce452554,673c6e3c1bdcd7f14d4497df,673cca33eee1f86dff640056,,,,,,,,,,,,,,,,,,,,,,,,,,,,,,,,,,,,,,,,,,1,,,,,,,,,,,,,1,,,,,,,,,,,,,,,,,,,,,,,,,,,,,,,,,,,,,,,,,,,,,,,s,0.345,,space,1,yellow_gnome,1,0,bright_forest,red_basket,orange_gnome,1,4,dark_forest,yellow_basket,0,0,0,1,yellow_gnome,bright_forest,red_basket,3087,-1,-1,31,4,252,0,1,0.2465,,,,,,,,,,,,,,,,,,,,,,,,,,,,,,,,,,,,,,,,,,,,,,,,,,,,,,,,,,,,,,,,,,,,,,
,,,,,,,,,,,,,,,,,,,,,,,,,,,,,,,,,,,,,,,,,,,,,,,,,,,,,,,,,,,,,,,,,,138517,001,2024-11-19_12h27.45.750,experiment,2023.2.3,Win32,50,61084dbab48ab21fce452554,673c6e3c1bdcd7f14d4497df,673cca33eee1f86dff640056,,,,,,,,,,,,,,,,,,,,,,,,,,,,,,,,,,,,,,,,,,1,,,,,,,,,,,,,3,,,,,,,,,,,,,,,,,,,,,,,,,,,,,,,,,,,,,,,,,,,,,,,s,0.3623,,space,3,purple_gnome,3,3,dark_forest,yellow_basket,green_gnome,3,1,bright_forest,red_basket,3,0,0,1,purple_gnome,dark_forest,yellow_basket,3090,-1,1,31,5,253,2,1,0.4205,,,,,,,,,,,,,,,,,,,,,,,,,,,,,,,,,,,,,,,,,,,,,,,,,,,,,,,,,,,,,,,,,,,,,,
,,,,,,,,,,,,,,,,,,,,,,,,,,,,,,,,,,,,,,,,,,,,,,,,,,,,,,,,,,,,,,,,,,138517,001,2024-11-19_12h27.45.750,experiment,2023.2.3,Win32,50,61084dbab48ab21fce452554,673c6e3c1bdcd7f14d4497df,673cca33eee1f86dff640056,,,,,,,,,,,,,,,,,,,,,,,,,,,,,,,,,,,,,,,,,,5,,,,,,,,,,,,,4,,,,,,,,,,,,,,,,,,,,,,,,,,,,,,,,,,,,,,,,,,,,,,,s,0.1211,,space,4,pink_gnome,4,4,dark_forest,yellow_basket,red_gnome,4,0,bright_forest,red_basket,20,0,0,1,pink_gnome,dark_forest,yellow_basket,3110,-1,0,31,6,254,7,1,0.2552,,,,,,,,,,,,,,,,,,,,,,,,,,,,,,,,,,,,,,,,,,,,,,,,,,,,,,,,,,,,,,,,,,,,,,
,,,,,,,,,,,,,,,,,,,,,,,,,,,,,,,,,,,,,,,,,,,,,,,,,,,,,,,,,,,,,,,,,,138517,001,2024-11-19_12h27.45.750,experiment,2023.2.3,Win32,50,61084dbab48ab21fce452554,673c6e3c1bdcd7f14d4497df,673cca33eee1f86dff640056,,,,,,,,,,,,,,,,,,,,,,,,,,,,,,,,,,,,,,,,,,5,,,,,,,,,,,,,4,,,,,,,,,,,,,,,,,,,,,,,,,,,,,,,,,,,,,,,,,,,,,,,s,0.351,,space,4,pink_gnome,4,4,dark_forest,yellow_basket,red_gnome,4,1,bright_forest,red_basket,20,0,0,1,pink_gnome,dark_forest,yellow_basket,3130,-2,-3,31,7,255,7,1,0.2466,,,,,,,,,,,,,,,,,,,,,,,,,,,,,,,,,,,,,,,,,,,,,,,,,,,,,,,,,,,,,,,,,,,,,,
,,,,,,,,,,,,,,,,,,,,,,,,,,,,,,,,,,,,,,,,,,,,,,,,,,,,,,,,,,,,,,,,,,138517,001,2024-11-19_12h27.45.750,experiment,2023.2.3,Win32,50,61084dbab48ab21fce452554,673c6e3c1bdcd7f14d4497df,673cca33eee1f86dff640056,,,,,,,,,,,,,,,,,,,,,,,,,,,,,,,,,,,,,,,,,,,,,,,,,,,,,,,,,,,,,,,,,,,,,,,,,,,,,,,,,,,,,,,,,,,,,,,,,,,,,,,,,,,,,,,,,,,,,,,,,,,,,,,,,,,,,,,,,,,space,5.6871,,space,9.1447,,space,20.2343,,space,5.6678,,space,4.4122,,23.88888889,5.7767,78.98148148,8.6395,space,9.2793,,blue_gnome,orange_gnome,0,0,0,21,1,3,7,,,,,,,,,,,,,,,,,,,,,,,,,,,,,,,,,
,,,,,,,,,,,,,,,,,,,,,,,,,,,,,,,,,,,,,,,,,,,,,,,,,,,,,,,,,,,,,,,,,,138517,001,2024-11-19_12h27.45.750,experiment,2023.2.3,Win32,50,61084dbab48ab21fce452554,673c6e3c1bdcd7f14d4497df,673cca33eee1f86dff640056,,,,,,,,,,,,,,,,,,,,,,,,,,,,,,,,,,,,,,,,,,,,,,,,,,,,,,,,,,,,,,,,,,,,,,,,,,,,,,,,,,,,,,,,,,,,,,,,,,,,,,,,,,,,,,,,,,,,,,,,,,,,,,,,,,,,,,,,,,,,,,,,,,,,,,,,,,72.12962963,4.8937,62.87037037,6.2459,space,6.1655,,yellow_gnome,orange_gnome,0,1,1,27,1,6,7,,,,,,,,,,,,,,,,,,,,,,,,,,,,,,,,,
,,,,,,,,,,,,,,,,,,,,,,,,,,,,,,,,,,,,,,,,,,,,,,,,,,,,,,,,,,,,,,,,,,138517,001,2024-11-19_12h27.45.750,experiment,2023.2.3,Win32,50,61084dbab48ab21fce452554,673c6e3c1bdcd7f14d4497df,673cca33eee1f86dff640056,,,,,,,,,,,,,,,,,,,,,,,,,,,,,,,,,,,,,,,,,,,,,,,,,,,,,,,,,,,,,,,,,,,,,,,,,,,,,,,,,,,,,,,,,,,,,,,,,,,,,,,,,,,,,,,,,,,,,,,,,,,,,,,,,,,,,,,,,,,,,,,,,,,,,,,,,,30.64814815,5.0647,47.77777778,6.2255,space,5.9584,,brown_gnome,red_gnome,0,2,2,4,1,0,5,,,,,,,,,,,,,,,,,,,,,,,,,,,,,,,,,
,,,,,,,,,,,,,,,,,,,,,,,,,,,,,,,,,,,,,,,,,,,,,,,,,,,,,,,,,,,,,,,,,,138517,001,2024-11-19_12h27.45.750,experiment,2023.2.3,Win32,50,61084dbab48ab21fce452554,673c6e3c1bdcd7f14d4497df,673cca33eee1f86dff640056,,,,,,,,,,,,,,,,,,,,,,,,,,,,,,,,,,,,,,,,,,,,,,,,,,,,,,,,,,,,,,,,,,,,,,,,,,,,,,,,,,,,,,,,,,,,,,,,,,,,,,,,,,,,,,,,,,,,,,,,,,,,,,,,,,,,,,,,,,,,,,,,,,,,,,,,,,73.42592593,5.2391,68.24074074,7.5755,space,7.26,,green_gnome,blue_gnome,0,3,3,18,1,3,4,,,,,,,,,,,,,,,,,,,,,,,,,,,,,,,,,
,,,,,,,,,,,,,,,,,,,,,,,,,,,,,,,,,,,,,,,,,,,,,,,,,,,,,,,,,,,,,,,,,,138517,001,2024-11-19_12h27.45.750,experiment,2023.2.3,Win32,50,61084dbab48ab21fce452554,673c6e3c1bdcd7f14d4497df,673cca33eee1f86dff640056,,,,,,,,,,,,,,,,,,,,,,,,,,,,,,,,,,,,,,,,,,,,,,,,,,,,,,,,,,,,,,,,,,,,,,,,,,,,,,,,,,,,,,,,,,,,,,,,,,,,,,,,,,,,,,,,,,,,,,,,,,,,,,,,,,,,,,,,,,,,,,,,,,,,,,,,,,79.90740741,3.5773,69.72222222,6.8369,space,6.5779,,pink_gnome,yellow_gnome,0,4,4,16,1,2,6,,,,,,,,,,,,,,,,,,,,,,,,,,,,,,,,,
,,,,,,,,,,,,,,,,,,,,,,,,,,,,,,,,,,,,,,,,,,,,,,,,,,,,,,,,,,,,,,,,,,138517,001,2024-11-19_12h27.45.750,experiment,2023.2.3,Win32,50,61084dbab48ab21fce452554,673c6e3c1bdcd7f14d4497df,673cca33eee1f86dff640056,,,,,,,,,,,,,,,,,,,,,,,,,,,,,,,,,,,,,,,,,,,,,,,,,,,,,,,,,,,,,,,,,,,,,,,,,,,,,,,,,,,,,,,,,,,,,,,,,,,,,,,,,,,,,,,,,,,,,,,,,,,,,,,,,,,,,,,,,,,,,,,,,,,,,,,,,,89.44444444,4.3233,74.25925926,10.9784,space,11.3131,,orange_gnome,purple_gnome,0,5,5,12,1,1,7,,,,,,,,,,,,,,,,,,,,,,,,,,,,,,,,,
,,,,,,,,,,,,,,,,,,,,,,,,,,,,,,,,,,,,,,,,,,,,,,,,,,,,,,,,,,,,,,,,,,138517,001,2024-11-19_12h27.45.750,experiment,2023.2.3,Win32,50,61084dbab48ab21fce452554,673c6e3c1bdcd7f14d4497df,673cca33eee1f86dff640056,,,,,,,,,,,,,,,,,,,,,,,,,,,,,,,,,,,,,,,,,,,,,,,,,,,,,,,,,,,,,,,,,,,,,,,,,,,,,,,,,,,,,,,,,,,,,,,,,,,,,,,,,,,,,,,,,,,,,,,,,,,,,,,,,,,,,,,,,,,,,,,,,,,,,,,,,,94.25925926,8.565,100,5.7145,space,8.7058,,brown_gnome,yellow_gnome,0,6,6,5,1,0,6,,,,,,,,,,,,,,,,,,,,,,,,,,,,,,,,,
,,,,,,,,,,,,,,,,,,,,,,,,,,,,,,,,,,,,,,,,,,,,,,,,,,,,,,,,,,,,,,,,,,138517,001,2024-11-19_12h27.45.750,experiment,2023.2.3,Win32,50,61084dbab48ab21fce452554,673c6e3c1bdcd7f14d4497df,673cca33eee1f86dff640056,,,,,,,,,,,,,,,,,,,,,,,,,,,,,,,,,,,,,,,,,,,,,,,,,,,,,,,,,,,,,,,,,,,,,,,,,,,,,,,,,,,,,,,,,,,,,,,,,,,,,,,,,,,,,,,,,,,,,,,,,,,,,,,,,,,,,,,,,,,,,,,,,,,,,,,,,,0,8.3783,93.33333333,7.0909,space,9.3473,,red_gnome,pink_gnome,0,7,7,15,1,2,5,,,,,,,,,,,,,,,,,,,,,,,,,,,,,,,,,
,,,,,,,,,,,,,,,,,,,,,,,,,,,,,,,,,,,,,,,,,,,,,,,,,,,,,,,,,,,,,,,,,,138517,001,2024-11-19_12h27.45.750,experiment,2023.2.3,Win32,50,61084dbab48ab21fce452554,673c6e3c1bdcd7f14d4497df,673cca33eee1f86dff640056,,,,,,,,,,,,,,,,,,,,,,,,,,,,,,,,,,,,,,,,,,,,,,,,,,,,,,,,,,,,,,,,,,,,,,,,,,,,,,,,,,,,,,,,,,,,,,,,,,,,,,,,,,,,,,,,,,,,,,,,,,,,,,,,,,,,,,,,,,,,,,,,,,,,,,,,,,82.12962963,7.0864,67.22222222,8.7306,space,8.5744,,yellow_gnome,blue_gnome,0,8,8,20,1,3,6,,,,,,,,,,,,,,,,,,,,,,,,,,,,,,,,,
,,,,,,,,,,,,,,,,,,,,,,,,,,,,,,,,,,,,,,,,,,,,,,,,,,,,,,,,,,,,,,,,,,138517,001,2024-11-19_12h27.45.750,experiment,2023.2.3,Win32,50,61084dbab48ab21fce452554,673c6e3c1bdcd7f14d4497df,673cca33eee1f86dff640056,,,,,,,,,,,,,,,,,,,,,,,,,,,,,,,,,,,,,,,,,,,,,,,,,,,,,,,,,,,,,,,,,,,,,,,,,,,,,,,,,,,,,,,,,,,,,,,,,,,,,,,,,,,,,,,,,,,,,,,,,,,,,,,,,,,,,,,,,,,,,,,,,,,,,,,,,,90.55555556,5.0659,68.14814815,7.0395,space,6.8635,,orange_gnome,red_gnome,0,9,9,26,1,5,7,,,,,,,,,,,,,,,,,,,,,,,,,,,,,,,,,
,,,,,,,,,,,,,,,,,,,,,,,,,,,,,,,,,,,,,,,,,,,,,,,,,,,,,,,,,,,,,,,,,,138517,001,2024-11-19_12h27.45.750,experiment,2023.2.3,Win32,50,61084dbab48ab21fce452554,673c6e3c1bdcd7f14d4497df,673cca33eee1f86dff640056,,,,,,,,,,,,,,,,,,,,,,,,,,,,,,,,,,,,,,,,,,,,,,,,,,,,,,,,,,,,,,,,,,,,,,,,,,,,,,,,,,,,,,,,,,,,,,,,,,,,,,,,,,,,,,,,,,,,,,,,,,,,,,,,,,,,,,,,,,,,,,,,,,,,,,,,,,95.55555556,4.2067,100,6.9908,space,6.5752,,purple_gnome,brown_gnome,0,10,10,0,1,0,1,,,,,,,,,,,,,,,,,,,,,,,,,,,,,,,,,
,,,,,,,,,,,,,,,,,,,,,,,,,,,,,,,,,,,,,,,,,,,,,,,,,,,,,,,,,,,,,,,,,,138517,001,2024-11-19_12h27.45.750,experiment,2023.2.3,Win32,50,61084dbab48ab21fce452554,673c6e3c1bdcd7f14d4497df,673cca33eee1f86dff640056,,,,,,,,,,,,,,,,,,,,,,,,,,,,,,,,,,,,,,,,,,,,,,,,,,,,,,,,,,,,,,,,,,,,,,,,,,,,,,,,,,,,,,,,,,,,,,,,,,,,,,,,,,,,,,,,,,,,,,,,,,,,,,,,,,,,,,,,,,,,,,,,,,,,,,,,,,0,4.3954,100,6.364,space,6.1418,,purple_gnome,pink_gnome,0,11,11,7,1,1,2,,,,,,,,,,,,,,,,,,,,,,,,,,,,,,,,,
,,,,,,,,,,,,,,,,,,,,,,,,,,,,,,,,,,,,,,,,,,,,,,,,,,,,,,,,,,,,,,,,,,138517,001,2024-11-19_12h27.45.750,experiment,2023.2.3,Win32,50,61084dbab48ab21fce452554,673c6e3c1bdcd7f14d4497df,673cca33eee1f86dff640056,,,,,,,,,,,,,,,,,,,,,,,,,,,,,,,,,,,,,,,,,,,,,,,,,,,,,,,,,,,,,,,,,,,,,,,,,,,,,,,,,,,,,,,,,,,,,,,,,,,,,,,,,,,,,,,,,,,,,,,,,,,,,,,,,,,,,,,,,,,,,,,,,,,,,,,,,,92.40740741,3.5716,96.01851852,5.9794,space,5.6938,,red_gnome,green_gnome,0,12,12,22,1,4,5,,,,,,,,,,,,,,,,,,,,,,,,,,,,,,,,,
,,,,,,,,,,,,,,,,,,,,,,,,,,,,,,,,,,,,,,,,,,,,,,,,,,,,,,,,,,,,,,,,,,138517,001,2024-11-19_12h27.45.750,experiment,2023.2.3,Win32,50,61084dbab48ab21fce452554,673c6e3c1bdcd7f14d4497df,673cca33eee1f86dff640056,,,,,,,,,,,,,,,,,,,,,,,,,,,,,,,,,,,,,,,,,,,,,,,,,,,,,,,,,,,,,,,,,,,,,,,,,,,,,,,,,,,,,,,,,,,,,,,,,,,,,,,,,,,,,,,,,,,,,,,,,,,,,,,,,,,,,,,,,,,,,,,,,,,,,,,,,,79.81481481,3.8952,68.24074074,5.7912,space,5.4935,,pink_gnome,blue_gnome,0,13,13,13,1,2,3,,,,,,,,,,,,,,,,,,,,,,,,,,,,,,,,,
,,,,,,,,,,,,,,,,,,,,,,,,,,,,,,,,,,,,,,,,,,,,,,,,,,,,,,,,,,,,,,,,,,138517,001,2024-11-19_12h27.45.750,experiment,2023.2.3,Win32,50,61084dbab48ab21fce452554,673c6e3c1bdcd7f14d4497df,673cca33eee1f86dff640056,,,,,,,,,,,,,,,,,,,,,,,,,,,,,,,,,,,,,,,,,,,,,,,,,,,,,,,,,,,,,,,,,,,,,,,,,,,,,,,,,,,,,,,,,,,,,,,,,,,,,,,,,,,,,,,,,,,,,,,,,,,,,,,,,,,,,,,,,,,,,,,,,,,,,,,,,,96.94444444,4.6875,100,3.6793,space,4.4458,,brown_gnome,blue_gnome,0,14,14,2,1,0,3,,,,,,,,,,,,,,,,,,,,,,,,,,,,,,,,,
,,,,,,,,,,,,,,,,,,,,,,,,,,,,,,,,,,,,,,,,,,,,,,,,,,,,,,,,,,,,,,,,,,138517,001,2024-11-19_12h27.45.750,experiment,2023.2.3,Win32,50,61084dbab48ab21fce452554,673c6e3c1bdcd7f14d4497df,673cca33eee1f86dff640056,,,,,,,,,,,,,,,,,,,,,,,,,,,,,,,,,,,,,,,,,,,,,,,,,,,,,,,,,,,,,,,,,,,,,,,,,,,,,,,,,,,,,,,,,,,,,,,,,,,,,,,,,,,,,,,,,,,,,,,,,,,,,,,,,,,,,,,,,,,,,,,,,,,,,,,,,,39.35185185,5.6872,47.96296296,7.0374,space,6.7735,,brown_gnome,green_gnome,0,15,15,3,1,0,4,,,,,,,,,,,,,,,,,,,,,,,,,,,,,,,,,
,,,,,,,,,,,,,,,,,,,,,,,,,,,,,,,,,,,,,,,,,,,,,,,,,,,,,,,,,,,,,,,,,,138517,001,2024-11-19_12h27.45.750,experiment,2023.2.3,Win32,50,61084dbab48ab21fce452554,673c6e3c1bdcd7f14d4497df,673cca33eee1f86dff640056,,,,,,,,,,,,,,,,,,,,,,,,,,,,,,,,,,,,,,,,,,,,,,,,,,,,,,,,,,,,,,,,,,,,,,,,,,,,,,,,,,,,,,,,,,,,,,,,,,,,,,,,,,,,,,,,,,,,,,,,,,,,,,,,,,,,,,,,,,,,,,,,,,,,,,,,,,77.40740741,2.5518,70.27777778,4.8555,space,4.6435,,blue_gnome,purple_gnome,0,16,16,8,1,1,3,,,,,,,,,,,,,,,,,,,,,,,,,,,,,,,,,
,,,,,,,,,,,,,,,,,,,,,,,,,,,,,,,,,,,,,,,,,,,,,,,,,,,,,,,,,,,,,,,,,,138517,001,2024-11-19_12h27.45.750,experiment,2023.2.3,Win32,50,61084dbab48ab21fce452554,673c6e3c1bdcd7f14d4497df,673cca33eee1f86dff640056,,,,,,,,,,,,,,,,,,,,,,,,,,,,,,,,,,,,,,,,,,,,,,,,,,,,,,,,,,,,,,,,,,,,,,,,,,,,,,,,,,,,,,,,,,,,,,,,,,,,,,,,,,,,,,,,,,,,,,,,,,,,,,,,,,,,,,,,,,,,,,,,,,,,,,,,,,79.07407407,2.9861,80,4.9794,space,4.5256,,red_gnome,blue_gnome,0,17,17,19,1,3,5,,,,,,,,,,,,,,,,,,,,,,,,,,,,,,,,,
,,,,,,,,,,,,,,,,,,,,,,,,,,,,,,,,,,,,,,,,,,,,,,,,,,,,,,,,,,,,,,,,,,138517,001,2024-11-19_12h27.45.750,experiment,2023.2.3,Win32,50,61084dbab48ab21fce452554,673c6e3c1bdcd7f14d4497df,673cca33eee1f86dff640056,,,,,,,,,,,,,,,,,,,,,,,,,,,,,,,,,,,,,,,,,,,,,,,,,,,,,,,,,,,,,,,,,,,,,,,,,,,,,,,,,,,,,,,,,,,,,,,,,,,,,,,,,,,,,,,,,,,,,,,,,,,,,,,,,,,,,,,,,,,,,,,,,,,,,,,,,,64.81481481,4.1861,59.16666667,6.1057,space,5.8021,,red_gnome,purple_gnome,0,18,18,10,1,1,5,,,,,,,,,,,,,,,,,,,,,,,,,,,,,,,,,
,,,,,,,,,,,,,,,,,,,,,,,,,,,,,,,,,,,,,,,,,,,,,,,,,,,,,,,,,,,,,,,,,,138517,001,2024-11-19_12h27.45.750,experiment,2023.2.3,Win32,50,61084dbab48ab21fce452554,673c6e3c1bdcd7f14d4497df,673cca33eee1f86dff640056,,,,,,,,,,,,,,,,,,,,,,,,,,,,,,,,,,,,,,,,,,,,,,,,,,,,,,,,,,,,,,,,,,,,,,,,,,,,,,,,,,,,,,,,,,,,,,,,,,,,,,,,,,,,,,,,,,,,,,,,,,,,,,,,,,,,,,,,,,,,,,,,,,,,,,,,,,19.72222222,4.795,40.92592593,7.1149,space,6.7415,,red_gnome,yellow_gnome,0,19,19,25,1,5,6,,,,,,,,,,,,,,,,,,,,,,,,,,,,,,,,,
,,,,,,,,,,,,,,,,,,,,,,,,,,,,,,,,,,,,,,,,,,,,,,,,,,,,,,,,,,,,,,,,,,138517,001,2024-11-19_12h27.45.750,experiment,2023.2.3,Win32,50,61084dbab48ab21fce452554,673c6e3c1bdcd7f14d4497df,673cca33eee1f86dff640056,,,,,,,,,,,,,,,,,,,,,,,,,,,,,,,,,,,,,,,,,,,,,,,,,,,,,,,,,,,,,,,,,,,,,,,,,,,,,,,,,,,,,,,,,,,,,,,,,,,,,,,,,,,,,,,,,,,,,,,,,,,,,,,,,,,,,,,,,,,,,,,,,,,,,,,,,,24.53703704,5.1788,51.94444444,7.0515,space,6.9645,,yellow_gnome,green_gnome,0,20,20,23,1,4,6,,,,,,,,,,,,,,,,,,,,,,,,,,,,,,,,,
,,,,,,,,,,,,,,,,,,,,,,,,,,,,,,,,,,,,,,,,,,,,,,,,,,,,,,,,,,,,,,,,,,138517,001,2024-11-19_12h27.45.750,experiment,2023.2.3,Win32,50,61084dbab48ab21fce452554,673c6e3c1bdcd7f14d4497df,673cca33eee1f86dff640056,,,,,,,,,,,,,,,,,,,,,,,,,,,,,,,,,,,,,,,,,,,,,,,,,,,,,,,,,,,,,,,,,,,,,,,,,,,,,,,,,,,,,,,,,,,,,,,,,,,,,,,,,,,,,,,,,,,,,,,,,,,,,,,,,,,,,,,,,,,,,,,,,,,,,,,,,,66.66666667,3.6972,37.40740741,5.4716,space,5.3952,,orange_gnome,pink_gnome,0,21,21,17,1,2,7,,,,,,,,,,,,,,,,,,,,,,,,,,,,,,,,,
,,,,,,,,,,,,,,,,,,,,,,,,,,,,,,,,,,,,,,,,,,,,,,,,,,,,,,,,,,,,,,,,,,138517,001,2024-11-19_12h27.45.750,experiment,2023.2.3,Win32,50,61084dbab48ab21fce452554,673c6e3c1bdcd7f14d4497df,673cca33eee1f86dff640056,,,,,,,,,,,,,,,,,,,,,,,,,,,,,,,,,,,,,,,,,,,,,,,,,,,,,,,,,,,,,,,,,,,,,,,,,,,,,,,,,,,,,,,,,,,,,,,,,,,,,,,,,,,,,,,,,,,,,,,,,,,,,,,,,,,,,,,,,,,,,,,,,,,,,,,,,,71.75925926,6.4956,65.37037037,8.2468,space,7.9928,,brown_gnome,pink_gnome,0,22,22,1,1,0,2,,,,,,,,,,,,,,,,,,,,,,,,,,,,,,,,,
,,,,,,,,,,,,,,,,,,,,,,,,,,,,,,,,,,,,,,,,,,,,,,,,,,,,,,,,,,,,,,,,,,138517,001,2024-11-19_12h27.45.750,experiment,2023.2.3,Win32,50,61084dbab48ab21fce452554,673c6e3c1bdcd7f14d4497df,673cca33eee1f86dff640056,,,,,,,,,,,,,,,,,,,,,,,,,,,,,,,,,,,,,,,,,,,,,,,,,,,,,,,,,,,,,,,,,,,,,,,,,,,,,,,,,,,,,,,,,,,,,,,,,,,,,,,,,,,,,,,,,,,,,,,,,,,,,,,,,,,,,,,,,,,,,,,,,,,,,,,,,,62.12962963,3.8668,48.24074074,5.0148,space,4.7313,,pink_gnome,green_gnome,0,23,23,14,1,2,4,,,,,,,,,,,,,,,,,,,,,,,,,,,,,,,,,
,,,,,,,,,,,,,,,,,,,,,,,,,,,,,,,,,,,,,,,,,,,,,,,,,,,,,,,,,,,,,,,,,,138517,001,2024-11-19_12h27.45.750,experiment,2023.2.3,Win32,50,61084dbab48ab21fce452554,673c6e3c1bdcd7f14d4497df,673cca33eee1f86dff640056,,,,,,,,,,,,,,,,,,,,,,,,,,,,,,,,,,,,,,,,,,,,,,,,,,,,,,,,,,,,,,,,,,,,,,,,,,,,,,,,,,,,,,,,,,,,,,,,,,,,,,,,,,,,,,,,,,,,,,,,,,,,,,,,,,,,,,,,,,,,,,,,,,,,,,,,,,85.37037037,3.6768,92.5,5.5792,space,5.3034,,green_gnome,purple_gnome,0,24,24,9,1,1,4,,,,,,,,,,,,,,,,,,,,,,,,,,,,,,,,,
,,,,,,,,,,,,,,,,,,,,,,,,,,,,,,,,,,,,,,,,,,,,,,,,,,,,,,,,,,,,,,,,,,138517,001,2024-11-19_12h27.45.750,experiment,2023.2.3,Win32,50,61084dbab48ab21fce452554,673c6e3c1bdcd7f14d4497df,673cca33eee1f86dff640056,,,,,,,,,,,,,,,,,,,,,,,,,,,,,,,,,,,,,,,,,,,,,,,,,,,,,,,,,,,,,,,,,,,,,,,,,,,,,,,,,,,,,,,,,,,,,,,,,,,,,,,,,,,,,,,,,,,,,,,,,,,,,,,,,,,,,,,,,,,,,,,,,,,,,,,,,,76.38888889,4.8275,61.57407407,6.1394,space,5.8376,,green_gnome,orange_gnome,0,25,25,24,1,4,7,,,,,,,,,,,,,,,,,,,,,,,,,,,,,,,,,
,,,,,,,,,,,,,,,,,,,,,,,,,,,,,,,,,,,,,,,,,,,,,,,,,,,,,,,,,,,,,,,,,,138517,001,2024-11-19_12h27.45.750,experiment,2023.2.3,Win32,50,61084dbab48ab21fce452554,673c6e3c1bdcd7f14d4497df,673cca33eee1f86dff640056,,,,,,,,,,,,,,,,,,,,,,,,,,,,,,,,,,,,,,,,,,,,,,,,,,,,,,,,,,,,,,,,,,,,,,,,,,,,,,,,,,,,,,,,,,,,,,,,,,,,,,,,,,,,,,,,,,,,,,,,,,,,,,,,,,,,,,,,,,,,,,,,,,,,,,,,,,82.96296296,3.6447,93.88888889,5.4073,space,5.1625,,brown_gnome,orange_gnome,0,26,26,6,1,0,7,,,,,,,,,,,,,,,,,,,,,,,,,,,,,,,,,
,,,,,,,,,,,,,,,,,,,,,,,,,,,,,,,,,,,,,,,,,,,,,,,,,,,,,,,,,,,,,,,,,,138517,001,2024-11-19_12h27.45.750,experiment,2023.2.3,Win32,50,61084dbab48ab21fce452554,673c6e3c1bdcd7f14d4497df,673cca33eee1f86dff640056,,,,,,,,,,,,,,,,,,,,,,,,,,,,,,,,,,,,,,,,,,,,,,,,,,,,,,,,,,,,,,,,,,,,,,,,,,,,,,,,,,,,,,,,,,,,,,,,,,,,,,,,,,,,,,,,,,,,,,,,,,,,,,,,,,,,,,,,,,,,,,,,,,,,,,,,,,77.31481481,4.5352,87.59259259,6.1588,space,5.8741,,purple_gnome,yellow_gnome,0,27,27,11,1,1,6,,,,,,,,,,,,,,,,,,,,,,,,,,,,,,,,,
,,,,,,,,,,,,,,,,,,,,,,,,,,,,,,,,,,,,,,,,,,,,,,,,,,,,,,,,,,,,,,,,,,138517,001,2024-11-19_12h27.45.750,experiment,2023.2.3,Win32,50,61084dbab48ab21fce452554,673c6e3c1bdcd7f14d4497df,673cca33eee1f86dff640056,,,,,,,,,,,,,,,,,,,,,,,,,,,,,,,,,,,,,,,,,,,,,,,,,,,,,,,,,,,,,,,,,,,,,,,,,,,,,,,,,,,,,,,,,,,,,,,,,,,,,,,,,,,,,,,,,,,,,,,,,,,,,,,,,,,,,,,,,,,,,,,,,,,,,,,,,,,,,,,,,,,,,,,,,,space,10.9391,,74.44444444,4.3855,9.259259259,5.7827,space,5.4667,,pink_gnome,dark_forest,yellow_basket,0,0,0,5,1,2,1,,,,,,,,,,,,,
,,,,,,,,,,,,,,,,,,,,,,,,,,,,,,,,,,,,,,,,,,,,,,,,,,,,,,,,,,,,,,,,,,138517,001,2024-11-19_12h27.45.750,experiment,2023.2.3,Win32,50,61084dbab48ab21fce452554,673c6e3c1bdcd7f14d4497df,673cca33eee1f86dff640056,,,,,,,,,,,,,,,,,,,,,,,,,,,,,,,,,,,,,,,,,,,,,,,,,,,,,,,,,,,,,,,,,,,,,,,,,,,,,,,,,,,,,,,,,,,,,,,,,,,,,,,,,,,,,,,,,,,,,,,,,,,,,,,,,,,,,,,,,,,,,,,,,,,,,,,,,,,,,,,,,,,,,,,,,,,,,85.09259259,3.2671,0,4.5866,space,4.1859,,blue_gnome,bright_forest,red_basket,0,1,1,6,1,3,0,,,,,,,,,,,,,
,,,,,,,,,,,,,,,,,,,,,,,,,,,,,,,,,,,,,,,,,,,,,,,,,,,,,,,,,,,,,,,,,,138517,001,2024-11-19_12h27.45.750,experiment,2023.2.3,Win32,50,61084dbab48ab21fce452554,673c6e3c1bdcd7f14d4497df,673cca33eee1f86dff640056,,,,,,,,,,,,,,,,,,,,,,,,,,,,,,,,,,,,,,,,,,,,,,,,,,,,,,,,,,,,,,,,,,,,,,,,,,,,,,,,,,,,,,,,,,,,,,,,,,,,,,,,,,,,,,,,,,,,,,,,,,,,,,,,,,,,,,,,,,,,,,,,,,,,,,,,,,,,,,,,,,,,,,,,,,,,,28.42592593,3.3652,5.925925926,6.7873,space,6.3304,,pink_gnome,bright_forest,red_basket,0,2,2,4,1,2,0,,,,,,,,,,,,,
,,,,,,,,,,,,,,,,,,,,,,,,,,,,,,,,,,,,,,,,,,,,,,,,,,,,,,,,,,,,,,,,,,138517,001,2024-11-19_12h27.45.750,experiment,2023.2.3,Win32,50,61084dbab48ab21fce452554,673c6e3c1bdcd7f14d4497df,673cca33eee1f86dff640056,,,,,,,,,,,,,,,,,,,,,,,,,,,,,,,,,,,,,,,,,,,,,,,,,,,,,,,,,,,,,,,,,,,,,,,,,,,,,,,,,,,,,,,,,,,,,,,,,,,,,,,,,,,,,,,,,,,,,,,,,,,,,,,,,,,,,,,,,,,,,,,,,,,,,,,,,,,,,,,,,,,,,,,,,,,,,73.42592593,3.7158,6.018518519,5.1881,space,4.8244,,green_gnome,dark_forest,yellow_basket,0,3,3,9,1,4,1,,,,,,,,,,,,,
,,,,,,,,,,,,,,,,,,,,,,,,,,,,,,,,,,,,,,,,,,,,,,,,,,,,,,,,,,,,,,,,,,138517,001,2024-11-19_12h27.45.750,experiment,2023.2.3,Win32,50,61084dbab48ab21fce452554,673c6e3c1bdcd7f14d4497df,673cca33eee1f86dff640056,,,,,,,,,,,,,,,,,,,,,,,,,,,,,,,,,,,,,,,,,,,,,,,,,,,,,,,,,,,,,,,,,,,,,,,,,,,,,,,,,,,,,,,,,,,,,,,,,,,,,,,,,,,,,,,,,,,,,,,,,,,,,,,,,,,,,,,,,,,,,,,,,,,,,,,,,,,,,,,,,,,,,,,,,,,,,27.87037037,3.7504,1.111111111,5.1907,space,5.0061,,blue_gnome,dark_forest,yellow_basket,0,4,4,7,1,3,1,,,,,,,,,,,,,
,,,,,,,,,,,,,,,,,,,,,,,,,,,,,,,,,,,,,,,,,,,,,,,,,,,,,,,,,,,,,,,,,,138517,001,2024-11-19_12h27.45.750,experiment,2023.2.3,Win32,50,61084dbab48ab21fce452554,673c6e3c1bdcd7f14d4497df,673cca33eee1f86dff640056,,,,,,,,,,,,,,,,,,,,,,,,,,,,,,,,,,,,,,,,,,,,,,,,,,,,,,,,,,,,,,,,,,,,,,,,,,,,,,,,,,,,,,,,,,,,,,,,,,,,,,,,,,,,,,,,,,,,,,,,,,,,,,,,,,,,,,,,,,,,,,,,,,,,,,,,,,,,,,,,,,,,,,,,,,,,,83.61111111,2.8686,53.7037037,3.7792,space,3.4432,,brown_gnome,dark_forest,yellow_basket,0,5,5,1,1,0,1,,,,,,,,,,,,,
,,,,,,,,,,,,,,,,,,,,,,,,,,,,,,,,,,,,,,,,,,,,,,,,,,,,,,,,,,,,,,,,,,138517,001,2024-11-19_12h27.45.750,experiment,2023.2.3,Win32,50,61084dbab48ab21fce452554,673c6e3c1bdcd7f14d4497df,673cca33eee1f86dff640056,,,,,,,,,,,,,,,,,,,,,,,,,,,,,,,,,,,,,,,,,,,,,,,,,,,,,,,,,,,,,,,,,,,,,,,,,,,,,,,,,,,,,,,,,,,,,,,,,,,,,,,,,,,,,,,,,,,,,,,,,,,,,,,,,,,,,,,,,,,,,,,,,,,,,,,,,,,,,,,,,,,,,,,,,,,,,65.92592593,4.0712,5.092592593,5.567,space,5.1897,,red_gnome,dark_forest,yellow_basket,0,6,6,11,1,5,1,,,,,,,,,,,,,
,,,,,,,,,,,,,,,,,,,,,,,,,,,,,,,,,,,,,,,,,,,,,,,,,,,,,,,,,,,,,,,,,,138517,001,2024-11-19_12h27.45.750,experiment,2023.2.3,Win32,50,61084dbab48ab21fce452554,673c6e3c1bdcd7f14d4497df,673cca33eee1f86dff640056,,,,,,,,,,,,,,,,,,,,,,,,,,,,,,,,,,,,,,,,,,,,,,,,,,,,,,,,,,,,,,,,,,,,,,,,,,,,,,,,,,,,,,,,,,,,,,,,,,,,,,,,,,,,,,,,,,,,,,,,,,,,,,,,,,,,,,,,,,,,,,,,,,,,,,,,,,,,,,,,,,,,,,,,,,,,,71.38888889,5.1272,1.944444444,7.1905,space,6.8376,,red_gnome,bright_forest,red_basket,0,7,7,10,1,5,0,,,,,,,,,,,,,
,,,,,,,,,,,,,,,,,,,,,,,,,,,,,,,,,,,,,,,,,,,,,,,,,,,,,,,,,,,,,,,,,,138517,001,2024-11-19_12h27.45.750,experiment,2023.2.3,Win32,50,61084dbab48ab21fce452554,673c6e3c1bdcd7f14d4497df,673cca33eee1f86dff640056,,,,,,,,,,,,,,,,,,,,,,,,,,,,,,,,,,,,,,,,,,,,,,,,,,,,,,,,,,,,,,,,,,,,,,,,,,,,,,,,,,,,,,,,,,,,,,,,,,,,,,,,,,,,,,,,,,,,,,,,,,,,,,,,,,,,,,,,,,,,,,,,,,,,,,,,,,,,,,,,,,,,,,,,,,,,,30.74074074,3.2445,0,4.3569,space,4.095,,green_gnome,bright_forest,red_basket,0,8,8,8,1,4,0,,,,,,,,,,,,,
,,,,,,,,,,,,,,,,,,,,,,,,,,,,,,,,,,,,,,,,,,,,,,,,,,,,,,,,,,,,,,,,,,138517,001,2024-11-19_12h27.45.750,experiment,2023.2.3,Win32,50,61084dbab48ab21fce452554,673c6e3c1bdcd7f14d4497df,673cca33eee1f86dff640056,,,,,,,,,,,,,,,,,,,,,,,,,,,,,,,,,,,,,,,,,,,,,,,,,,,,,,,,,,,,,,,,,,,,,,,,,,,,,,,,,,,,,,,,,,,,,,,,,,,,,,,,,,,,,,,,,,,,,,,,,,,,,,,,,,,,,,,,,,,,,,,,,,,,,,,,,,,,,,,,,,,,,,,,,,,,,72.40740741,3.9656,0,4.8509,space,4.4908,,purple_gnome,dark_forest,yellow_basket,0,9,9,3,1,1,1,,,,,,,,,,,,,
,,,,,,,,,,,,,,,,,,,,,,,,,,,,,,,,,,,,,,,,,,,,,,,,,,,,,,,,,,,,,,,,,,138517,001,2024-11-19_12h27.45.750,experiment,2023.2.3,Win32,50,61084dbab48ab21fce452554,673c6e3c1bdcd7f14d4497df,673cca33eee1f86dff640056,,,,,,,,,,,,,,,,,,,,,,,,,,,,,,,,,,,,,,,,,,,,,,,,,,,,,,,,,,,,,,,,,,,,,,,,,,,,,,,,,,,,,,,,,,,,,,,,,,,,,,,,,,,,,,,,,,,,,,,,,,,,,,,,,,,,,,,,,,,,,,,,,,,,,,,,,,,,,,,,,,,,,,,,,,,,,67.12962963,3.3908,42.22222222,4.5467,space,5.1094,,brown_gnome,bright_forest,red_basket,0,10,10,0,1,0,0,,,,,,,,,,,,,
,,,,,,,,,,,,,,,,,,,,,,,,,,,,,,,,,,,,,,,,,,,,,,,,,,,,,,,,,,,,,,,,,,138517,001,2024-11-19_12h27.45.750,experiment,2023.2.3,Win32,50,61084dbab48ab21fce452554,673c6e3c1bdcd7f14d4497df,673cca33eee1f86dff640056,,,,,,,,,,,,,,,,,,,,,,,,,,,,,,,,,,,,,,,,,,,,,,,,,,,,,,,,,,,,,,,,,,,,,,,,,,,,,,,,,,,,,,,,,,,,,,,,,,,,,,,,,,,,,,,,,,,,,,,,,,,,,,,,,,,,,,,,,,,,,,,,,,,,,,,,,,,,,,,,,,,,,,,,,,,,,71.94444444,4.1671,20.74074074,6.1476,space,5.8851,,orange_gnome,bright_forest,red_basket,0,11,11,14,1,7,0,,,,,,,,,,,,,
,,,,,,,,,,,,,,,,,,,,,,,,,,,,,,,,,,,,,,,,,,,,,,,,,,,,,,,,,,,,,,,,,,138517,001,2024-11-19_12h27.45.750,experiment,2023.2.3,Win32,50,61084dbab48ab21fce452554,673c6e3c1bdcd7f14d4497df,673cca33eee1f86dff640056,,,,,,,,,,,,,,,,,,,,,,,,,,,,,,,,,,,,,,,,,,,,,,,,,,,,,,,,,,,,,,,,,,,,,,,,,,,,,,,,,,,,,,,,,,,,,,,,,,,,,,,,,,,,,,,,,,,,,,,,,,,,,,,,,,,,,,,,,,,,,,,,,,,,,,,,,,,,,,,,,,,,,,,,,,,,,42.77777778,3.1713,8.703703704,4.971,space,4.5843,,purple_gnome,bright_forest,red_basket,0,12,12,2,1,1,0,,,,,,,,,,,,,
,,,,,,,,,,,,,,,,,,,,,,,,,,,,,,,,,,,,,,,,,,,,,,,,,,,,,,,,,,,,,,,,,,138517,001,2024-11-19_12h27.45.750,experiment,2023.2.3,Win32,50,61084dbab48ab21fce452554,673c6e3c1bdcd7f14d4497df,673cca33eee1f86dff640056,,,,,,,,,,,,,,,,,,,,,,,,,,,,,,,,,,,,,,,,,,,,,,,,,,,,,,,,,,,,,,,,,,,,,,,,,,,,,,,,,,,,,,,,,,,,,,,,,,,,,,,,,,,,,,,,,,,,,,,,,,,,,,,,,,,,,,,,,,,,,,,,,,,,,,,,,,,,,,,,,,,,,,,,,,,,,75.92592593,5.7783,6.018518519,7.0587,space,6.6905,,yellow_gnome,dark_forest,yellow_basket,0,13,13,13,1,6,1,,,,,,,,,,,,,
,,,,,,,,,,,,,,,,,,,,,,,,,,,,,,,,,,,,,,,,,,,,,,,,,,,,,,,,,,,,,,,,,,138517,001,2024-11-19_12h27.45.750,experiment,2023.2.3,Win32,50,61084dbab48ab21fce452554,673c6e3c1bdcd7f14d4497df,673cca33eee1f86dff640056,,,,,,,,,,,,,,,,,,,,,,,,,,,,,,,,,,,,,,,,,,,,,,,,,,,,,,,,,,,,,,,,,,,,,,,,,,,,,,,,,,,,,,,,,,,,,,,,,,,,,,,,,,,,,,,,,,,,,,,,,,,,,,,,,,,,,,,,,,,,,,,,,,,,,,,,,,,,,,,,,,,,,,,,,,,,,42.03703704,3.0277,6.759259259,4.4496,space,4.0264,,yellow_gnome,bright_forest,red_basket,0,14,14,12,1,6,0,,,,,,,,,,,,,
,,,,,,,,,,,,,,,,,,,,,,,,,,,,,,,,,,,,,,,,,,,,,,,,,,,,,,,,,,,,,,,,,,138517,001,2024-11-19_12h27.45.750,experiment,2023.2.3,Win32,50,61084dbab48ab21fce452554,673c6e3c1bdcd7f14d4497df,673cca33eee1f86dff640056,,,,,,,,,,,,,,,,,,,,,,,,,,,,,,,,,,,,,,,,,,,,,,,,,,,,,,,,,,,,,,,,,,,,,,,,,,,,,,,,,,,,,,,,,,,,,,,,,,,,,,,,,,,,,,,,,,,,,,,,,,,,,,,,,,,,,,,,,,,,,,,,,,,,,,,,,,,,,,,,,,,,,,,,,,,,,19.44444444,3.5666,3.148148148,6.0865,space,5.7255,,orange_gnome,dark_forest,yellow_basket,0,15,15,15,1,7,1,,,,,,,,,,,,,
,,,,,,,,,,,,,,,,,,,,,,,,,,,,,,,,,,,,,,,,,,,,,,,,,,,,,,,,,,,,,,,,,,138517,001,2024-11-19_12h27.45.750,experiment,2023.2.3,Win32,50,61084dbab48ab21fce452554,673c6e3c1bdcd7f14d4497df,673cca33eee1f86dff640056,,,,,,,,,,,,,,,,,,,,,,,,,,,,,,,,,,,,,,,,,,,,,,,,,,,,,,,,,,,,,,,,,,,,,,,,,,,,,,,,,,,,,,,,,,,,,,,,,,,,,,,,,,,,,,,,,,,,,,,,,,,,,,,,,,,,,,,,,,,,,,,,,,,,,,,,,,,,,,,,,,,,,,,,,,,,,,,,,,,,,,,,,,,,,,space,7.3665,,0,0,0,0,1,,,,,
,,,,,,,,,,,,,,,,,,,,,,,,,,,,,,,,,,,,,,,,,,,,,,,,,,,,,,,,,,,,,,,,,,138517,001,2024-11-19_12h27.45.750,experiment,2023.2.3,Win32,50,61084dbab48ab21fce452554,673c6e3c1bdcd7f14d4497df,673cca33eee1f86dff640056,,,,,,,,,,,,,,,,,,,,,,,,,,,,,,,,,,,,,,,,,,,,,,,,,,,,,,,,,,,,,,,,,,,,,,,,,,,,,,,,,,,,,,,,,,,,,,,,,,,,,,,,,,,,,,,,,,,,,,,,,,,,,,,,,,,,,,,,,,,,,,,,,,,,,,,,,,,,,,,,,,,,,,,,,,,,,,,,,,,,,,,,,,,,,,,,,,,,,,0,0,0,0,1