parent_PID,stim1_name,stim1_file,stim1_pair,stim1_deact_file,stim1_step2_name,stim1_step2_file,stim1_step2_basket_name,stim1_step2_basket_file,stim2_name,stim2_file,stim2_pair,stim2_deact_file,stim2_step2_name,stim2_step2_file,stim2_step2_basket_name,stim2_step2_basket_file,stim3_name,stim3_file,stim3_pair,stim3_deact_file,stim3_step2_name,stim3_step2_file,stim3_step2_basket_name,stim3_step2_basket_file,stim4_name,stim4_file,stim4_pair,stim4_deact_file,stim4_step2_name,stim4_step2_file,stim4_step2_basket_name,stim4_step2_basket_file,stim5_name,stim5_file,stim5_pair,stim5_deact_file,stim5_step2_name,stim5_step2_file,stim5_step2_basket_name,stim5_step2_basket_file,stim6_name,stim6_file,stim6_pair,stim6_deact_file,stim6_step2_name,stim6_step2_file,stim6_step2_basket_name,stim6_step2_basket_file,stim7_name,stim7_file,stim7_pair,stim7_deact_file,stim7_step2_name,stim7_step2_file,stim7_step2_basket_name,stim7_step2_basket_file,stim8_name,stim8_file,stim8_pair,stim8_deact_file,stim8_step2_name,stim8_step2_file,stim8_step2_basket_name,stim8_step2_basket_file,obs_AC_trials,participant,session,date,expName,psychopyVersion,OS,frameRate,PROLIFIC_PID,STUDY_ID,SESSION_ID,consent_keyresp.keys,consent_keyresp.rt,consent_keyresp.duration,global_instructions1_key.keys,global_instructions1_key.rt,global_instructions1_key.duration,global_instructions2_key.keys,global_instructions2_key.rt,global_instructions2_key.duration,global_instructions3_key.keys,global_instructions3_key.rt,global_instructions3_key.duration,global_instructions4_key.keys,global_instructions4_key.rt,global_instructions4_key.duration,stake_instructions_key.keys,stake_instructions_key.rt,stake_instructions_key.duration,global_instructions5_key.keys,global_instructions5_key.rt,global_instructions5_key.duration,p_fixation_2.started,p_fixation_2.stopped,p_step1_keyresp.keys,p_step1_keyresp.rt,p_step1_keyresp.duration,p_step2_keyresp.keys,p_failStep2_keyresp.keys,p_failStep2_keyresp.rt,p_failStep2_keyresp.duration,p_step1_pair_index,p_step1_stimLeft_name,p_step1_stimLeft_pair,p_step1_stimLeft_reward,p_step1_stimLeft_step2Stim,p_step1_stimLeft_step2Basket,p_step1_stimRight_name,p_step1_stimRight_pair,p_step1_stimRight_reward,p_step1_stimRight_step2Stim,p_step1_stimRight_step2Basket,p_points,t_mult,p_fail_step1,p_fail_step2,p_reward_flag,p_step1_choice,p_step2_stim,p_step2_basket,p_score,practice.thisRepN,practice.thisTrialN,practice.thisN,practice.thisIndex,practice.ran,pair_index,p_mult,p_step2_keyresp.rt,p_step2_keyresp.duration,obs_instructions_1_key.keys,obs_instructions_1_key.rt,obs_instructions_1_key.duration,obs_instructions_2_key.keys,obs_instructions_2_key.rt,obs_instructions_2_key.duration,obs_attention_check_step2_keyresp.keys,obs_stim_left,obs_stim_right,obs_step1_key,obs_step1_RT,obs_step2_forest,obs_step2_basket,obs_step2_RT,obs_mult,obs_points,obs_score,obs_AC_flag,obs_AC_step1_flag,obs_AC_step2_flag,obs_AC_mistake_flag,obs_AC_no_answer_flag,obs_AC_step2_no_answer_flag,obs_AC_counter,good_answer,obs_attention_check_fail,obs.thisRepN,obs.thisTrialN,obs.thisN,obs.thisIndex,obs.ran,obs_attention_check_step1_keyresp.keys,obs_attention_check_step1_keyresp.rt,obs_attention_check_step1_keyresp.duration,obs_attention_check_step2_keyresp.rt,obs_attention_check_step2_keyresp.duration,t_instructions_keyresp.keys,t_instructions_keyresp.rt,t_instructions_keyresp.duration,t_instructions_2_keyresp.keys,t_instructions_2_keyresp.rt,t_instructions_2_keyresp.duration,t_step1_keyresp.keys,t_step1_keyresp.rt,t_step1_keyresp.duration,t_step2_keyresp.keys,t_step2_keyresp.rt,t_step2_keyresp.duration,t_step1_pair_index,t_step1_stimLeft_name,t_step1_stimLeft_pair,t_step1_stimLeft_reward,t_step1_stimLeft_step2Stim,t_step1_stimLeft_step2Basket,t_step1_stimRight_name,t_step1_stimRight_pair,t_step1_stimRight_reward,t_step1_stimRight_step2Stim,t_step1_stimRight_step2Basket,t_points,t_fail_step1,t_fail_step2,t_reward_flag,t_step1_choice,t_step2_stim,t_step2_basket,globa_score,t_data_stimWalk0,t_data_stimWalk1,trials.thisRepN,trials.thisTrialN,trials.thisN,trials.thisIndex,trials.ran,break_key_resp.keys,break_key_resp.rt,break_key_resp.duration,t_recording.started,t_recording.stopped,pl_global_instructions_keyresp.keys,pl_global_instructions_keyresp.rt,pl_global_instructions_keyresp.duration,pl1_instructions1_keyresp.keys,pl1_instructions1_keyresp.rt,pl1_instructions1_keyresp.duration,pl1_instructions2_keyresp.keys,pl1_instructions2_keyresp.rt,pl1_instructions2_keyresp.duration,pl1_instructions3_keyresp.keys,pl1_instructions3_keyresp.rt,pl1_instructions3_keyresp.duration,pl1_instructions4_keyresp.keys,pl1_instructions4_keyresp.rt,pl1_instructions4_keyresp.duration,pl1_task_lickert.response,pl1_task_lickert.rt,pl1_task_confidence_lickert.response,pl1_task_confidence_lickert.rt,pl1_task_keyresp.keys,pl1_task_keyresp.rt,pl1_task_keyresp.duration,pl1_task_stimLeft,pl1_task_stimRight,pl1_loop.thisRepN,pl1_loop.thisTrialN,pl1_loop.thisN,pl1_loop.thisIndex,pl1_loop.ran,stimLeft_index,stimRight_index,pl2_instructions_keyresp.keys,pl2_instructions_keyresp.rt,pl2_instructions_keyresp.duration,pl2_task_lickert.response,pl2_task_lickert.rt,pl2_task_confidence_lickert.response,pl2_task_confidence_lickert.rt,pl2_task_keyresp.keys,pl2_task_keyresp.rt,pl2_task_keyresp.duration,pl2_task_gnome,pl2_task_forest,pl2_task_basket,pl2_loop.thisRepN,pl2_loop.thisTrialN,pl2_loop.thisN,pl2_loop.thisIndex,pl2_loop.ran,gnome_id,forest_id,end_keyresp.keys,end_keyresp.rt,end_keyresp.duration,passed_attention_check_loop.thisRepN,passed_attention_check_loop.thisTrialN,passed_attention_check_loop.thisN,passed_attention_check_loop.thisIndex,passed_attention_check_loop.ran,show_trials.thisRepN,show_trials.thisTrialN,show_trials.thisN,show_trials.thisIndex,show_trials.ran
5bbd2bdcf7358a000171636f,brown_gnome,ressources/step1_stim1.png,3,ressources/step1_tallGnome_deact.png,dark_forest,ressources/step2_background2.png,red_basket,ressources/step2_stim2.png,purple_gnome,ressources/step1_stim2.png,4,ressources/step1_tallGnome_deact.png,dark_forest,ressources/step2_background2.png,red_basket,ressources/step2_stim2.png,pink_gnome,ressources/step1_stim3.png,2,ressources/step1_tallGnome_deact.png,dark_forest,ressources/step2_background2.png,red_basket,ressources/step2_stim2.png,blue_gnome,ressources/step1_stim4.png,2,ressources/step1_tallGnome_deact.png,bright_forest,ressources/step2_background1.png,yellow_basket,ressources/step2_stim1.png,green_gnome,ressources/step1_stim5.png,1,ressources/step1_smallGnome_deact.png,dark_forest,ressources/step2_background2.png,red_basket,ressources/step2_stim2.png,red_gnome,ressources/step1_stim6.png,3,ressources/step1_smallGnome_deact.png,bright_forest,ressources/step2_background1.png,yellow_basket,ressources/step2_stim1.png,yellow_gnome,ressources/step1_stim7.png,1,ressources/step1_smallGnome_deact.png,bright_forest,ressources/step2_background1.png,yellow_basket,ressources/step2_stim1.png,orange_gnome,ressources/step1_stim8.png,4,ressources/step1_smallGnome_deact.png,bright_forest,ressources/step2_background1.png,yellow_basket,ressources/step2_stim1.png,"[21,23,10,35,34,9,0,30,1,11]",152771,001,2024-11-06_17h26.26.319,experiment,2023.2.3,Win32,48.07692308,66b8e2fd7ed9ec6e6bb94a9d,672b928d7ee8c8ad18e9ad28,672ba68864bf9bfe3e1ebc5c,,,,,,,,,,,,,,,,,,,,,,,,,,,,,,,,,,,,,,,,,,,,,,,,,,,,,,,,,,,,,,,,,,,,,,,,,,,,,,,,,,,,,,,,,,,,,,,,,,,,,,,,,,,,,,,,,,,,,,,,,,,,,,,,,,,,,,,,,,,,,,,,,,,,,,,,,,,,,,,,,,,,,,,,,,,,,,,,,,,,,,,,,,,,,,,,,,,,,,,,,,
,,,,,,,,,,,,,,,,,,,,,,,,,,,,,,,,,,,,,,,,,,,,,,,,,,,,,,,,,,,,,,,,,,152771,001,2024-11-06_17h26.26.319,experiment,2023.2.3,Win32,48.07692308,66b8e2fd7ed9ec6e6bb94a9d,672b928d7ee8c8ad18e9ad28,672ba68864bf9bfe3e1ebc5c,y,15.3044,,,,,,,,,,,,,,,,,,,,,,,,,,,,,,,,,,,,,,,,,,,,,,,,,,,,,,,,,,,,,,,,,,,,,,,,,,,,,,,,,,,,,,,,,,,,,,,,,,,,,,,,,,,,,,,,,,,,,,,,,,,,,,,,,,,,,,,,,,,,,,,,,,,,,,,,,,,,,,,,,,,,,,,,,,,,,,,,,,,,,,,,,,,,,,,,,,,,,,,,
,,,,,,,,,,,,,,,,,,,,,,,,,,,,,,,,,,,,,,,,,,,,,,,,,,,,,,,,,,,,,,,,,,152771,001,2024-11-06_17h26.26.319,experiment,2023.2.3,Win32,48.07692308,66b8e2fd7ed9ec6e6bb94a9d,672b928d7ee8c8ad18e9ad28,672ba68864bf9bfe3e1ebc5c,,,,space,18.0249,,space,21.924,,space,13.4804,,space,22.8688,,space,25.7542,,space,24.942,,143.9166,144.4199,s,1.1641,,,space,3.398,,2,p_pink_gnome,2,0,p_green_forest,p_green_basket,p_blue_gnome,2,5,p_yellow_forest,p_blue_basket,0,5,0,1,0,p_pink_gnome,p_green_forest,p_green_basket,0,0,0,0,3,1,2,5,,,,,,,,,,,,,,,,,,,,,,,,,,,,,,,,,,,,,,,,,,,,,,,,,,,,,,,,,,,,,,,,,,,,,,,,,,,,,,,,,,,,,,,,,,,,,,,,,,,,,,,,,,,,,,,,,,,,,,,,,,,,,,,,,,,,,,,,,,,,,,,,,
,,,,,,,,,,,,,,,,,,,,,,,,,,,,,,,,,,,,,,,,,,,,,,,,,,,,,,,,,,,,,,,,,,152771,001,2024-11-06_17h26.26.319,experiment,2023.2.3,Win32,48.07692308,66b8e2fd7ed9ec6e6bb94a9d,672b928d7ee8c8ad18e9ad28,672ba68864bf9bfe3e1ebc5c,,,,,,,,,,,,,,,,,,,,,,152.4327,152.9392,k,0.947,,space,,,,1,p_green_gnome,1,5,p_yellow_forest,p_blue_basket,p_orange_gnome,1,0,p_green_forest,p_green_basket,0,5,0,0,1,p_orange_gnome,p_green_forest,p_green_basket,0,0,1,1,2,1,1,5,0.3247,,,,,,,,,,,,,,,,,,,,,,,,,,,,,,,,,,,,,,,,,,,,,,,,,,,,,,,,,,,,,,,,,,,,,,,,,,,,,,,,,,,,,,,,,,,,,,,,,,,,,,,,,,,,,,,,,,,,,,,,,,,,,,,,,,,,,,,,,,,,,,,,
,,,,,,,,,,,,,,,,,,,,,,,,,,,,,,,,,,,,,,,,,,,,,,,,,,,,,,,,,,,,,,,,,,152771,001,2024-11-06_17h26.26.319,experiment,2023.2.3,Win32,48.07692308,66b8e2fd7ed9ec6e6bb94a9d,672b928d7ee8c8ad18e9ad28,672ba68864bf9bfe3e1ebc5c,,,,,,,,,,,,,,,,,,,,,,159.5648,160.0681,s,0.6461,,space,,,,2,p_pink_gnome,2,0,p_green_forest,p_green_basket,p_blue_gnome,2,5,p_yellow_forest,p_blue_basket,0,1,0,0,1,p_pink_gnome,p_green_forest,p_green_basket,0,0,2,2,1,1,2,1,0.2854,,,,,,,,,,,,,,,,,,,,,,,,,,,,,,,,,,,,,,,,,,,,,,,,,,,,,,,,,,,,,,,,,,,,,,,,,,,,,,,,,,,,,,,,,,,,,,,,,,,,,,,,,,,,,,,,,,,,,,,,,,,,,,,,,,,,,,,,,,,,,,,,
,,,,,,,,,,,,,,,,,,,,,,,,,,,,,,,,,,,,,,,,,,,,,,,,,,,,,,,,,,,,,,,,,,152771,001,2024-11-06_17h26.26.319,experiment,2023.2.3,Win32,48.07692308,66b8e2fd7ed9ec6e6bb94a9d,672b928d7ee8c8ad18e9ad28,672ba68864bf9bfe3e1ebc5c,,,,,,,,,,,,,,,,,,,,,,166.7052,167.208,k,0.5318,,space,,,,2,p_pink_gnome,2,0,p_green_forest,p_green_basket,p_blue_gnome,2,5,p_yellow_forest,p_blue_basket,25,5,0,0,1,p_blue_gnome,p_yellow_forest,p_blue_basket,25,0,3,3,3,1,2,5,0.4029,,,,,,,,,,,,,,,,,,,,,,,,,,,,,,,,,,,,,,,,,,,,,,,,,,,,,,,,,,,,,,,,,,,,,,,,,,,,,,,,,,,,,,,,,,,,,,,,,,,,,,,,,,,,,,,,,,,,,,,,,,,,,,,,,,,,,,,,,,,,,,,,
,,,,,,,,,,,,,,,,,,,,,,,,,,,,,,,,,,,,,,,,,,,,,,,,,,,,,,,,,,,,,,,,,,152771,001,2024-11-06_17h26.26.319,experiment,2023.2.3,Win32,48.07692308,66b8e2fd7ed9ec6e6bb94a9d,672b928d7ee8c8ad18e9ad28,672ba68864bf9bfe3e1ebc5c,,,,,,,,,,,,,,,,,,,,,,173.8229,174.3317,s,0.4672,,space,,,,2,p_blue_gnome,2,6,p_yellow_forest,p_blue_basket,p_pink_gnome,2,1,p_green_forest,p_green_basket,6,1,0,0,1,p_blue_gnome,p_yellow_forest,p_blue_basket,31,1,0,4,1,1,2,1,0.0772,,,,,,,,,,,,,,,,,,,,,,,,,,,,,,,,,,,,,,,,,,,,,,,,,,,,,,,,,,,,,,,,,,,,,,,,,,,,,,,,,,,,,,,,,,,,,,,,,,,,,,,,,,,,,,,,,,,,,,,,,,,,,,,,,,,,,,,,,,,,,,,,
,,,,,,,,,,,,,,,,,,,,,,,,,,,,,,,,,,,,,,,,,,,,,,,,,,,,,,,,,,,,,,,,,,152771,001,2024-11-06_17h26.26.319,experiment,2023.2.3,Win32,48.07692308,66b8e2fd7ed9ec6e6bb94a9d,672b928d7ee8c8ad18e9ad28,672ba68864bf9bfe3e1ebc5c,,,,,,,,,,,,,,,,,,,,,,180.9498,181.4558,k,0.12,,space,,,,1,p_orange_gnome,1,1,p_green_forest,p_green_basket,p_green_gnome,1,6,p_yellow_forest,p_blue_basket,30,5,0,0,1,p_green_gnome,p_yellow_forest,p_blue_basket,61,1,1,5,2,1,1,5,0.2618,,,,,,,,,,,,,,,,,,,,,,,,,,,,,,,,,,,,,,,,,,,,,,,,,,,,,,,,,,,,,,,,,,,,,,,,,,,,,,,,,,,,,,,,,,,,,,,,,,,,,,,,,,,,,,,,,,,,,,,,,,,,,,,,,,,,,,,,,,,,,,,,
,,,,,,,,,,,,,,,,,,,,,,,,,,,,,,,,,,,,,,,,,,,,,,,,,,,,,,,,,,,,,,,,,,152771,001,2024-11-06_17h26.26.319,experiment,2023.2.3,Win32,48.07692308,66b8e2fd7ed9ec6e6bb94a9d,672b928d7ee8c8ad18e9ad28,672ba68864bf9bfe3e1ebc5c,,,,,,,,,,,,,,,,,,,,,,188.0916,188.6004,s,0.406,,space,,,,2,p_pink_gnome,2,1,p_green_forest,p_green_basket,p_blue_gnome,2,6,p_yellow_forest,p_blue_basket,5,5,0,0,1,p_pink_gnome,p_green_forest,p_green_basket,66,1,2,6,3,1,2,5,0.3612,,,,,,,,,,,,,,,,,,,,,,,,,,,,,,,,,,,,,,,,,,,,,,,,,,,,,,,,,,,,,,,,,,,,,,,,,,,,,,,,,,,,,,,,,,,,,,,,,,,,,,,,,,,,,,,,,,,,,,,,,,,,,,,,,,,,,,,,,,,,,,,,
,,,,,,,,,,,,,,,,,,,,,,,,,,,,,,,,,,,,,,,,,,,,,,,,,,,,,,,,,,,,,,,,,,152771,001,2024-11-06_17h26.26.319,experiment,2023.2.3,Win32,48.07692308,66b8e2fd7ed9ec6e6bb94a9d,672b928d7ee8c8ad18e9ad28,672ba68864bf9bfe3e1ebc5c,,,,,,,,,,,,,,,,,,,,,,195.2195,195.7243,k,0.5773,,space,,,,2,p_blue_gnome,2,6,p_yellow_forest,p_blue_basket,p_pink_gnome,2,1,p_green_forest,p_green_basket,1,1,0,0,1,p_pink_gnome,p_green_forest,p_green_basket,67,1,3,7,1,1,2,1,0.6427,,,,,,,,,,,,,,,,,,,,,,,,,,,,,,,,,,,,,,,,,,,,,,,,,,,,,,,,,,,,,,,,,,,,,,,,,,,,,,,,,,,,,,,,,,,,,,,,,,,,,,,,,,,,,,,,,,,,,,,,,,,,,,,,,,,,,,,,,,,,,,,,
,,,,,,,,,,,,,,,,,,,,,,,,,,,,,,,,,,,,,,,,,,,,,,,,,,,,,,,,,,,,,,,,,,152771,001,2024-11-06_17h26.26.319,experiment,2023.2.3,Win32,48.07692308,66b8e2fd7ed9ec6e6bb94a9d,672b928d7ee8c8ad18e9ad28,672ba68864bf9bfe3e1ebc5c,,,,,,,,,,,,,,,,,,,,,,202.3432,202.8482,s,0.3951,,space,,,,1,p_orange_gnome,1,2,p_green_forest,p_green_basket,p_green_gnome,1,7,p_yellow_forest,p_blue_basket,10,5,0,0,1,p_orange_gnome,p_green_forest,p_green_basket,77,2,0,8,2,1,1,5,0.2456,,,,,,,,,,,,,,,,,,,,,,,,,,,,,,,,,,,,,,,,,,,,,,,,,,,,,,,,,,,,,,,,,,,,,,,,,,,,,,,,,,,,,,,,,,,,,,,,,,,,,,,,,,,,,,,,,,,,,,,,,,,,,,,,,,,,,,,,,,,,,,,,
,,,,,,,,,,,,,,,,,,,,,,,,,,,,,,,,,,,,,,,,,,,,,,,,,,,,,,,,,,,,,,,,,,152771,001,2024-11-06_17h26.26.319,experiment,2023.2.3,Win32,48.07692308,66b8e2fd7ed9ec6e6bb94a9d,672b928d7ee8c8ad18e9ad28,672ba68864bf9bfe3e1ebc5c,,,,,,,,,,,,,,,,,,,,,,209.4796,210.0014,s,0.4036,,space,,,,2,p_blue_gnome,2,7,p_yellow_forest,p_blue_basket,p_pink_gnome,2,2,p_green_forest,p_green_basket,7,1,0,0,1,p_blue_gnome,p_yellow_forest,p_blue_basket,84,2,1,9,1,1,2,1,0.0591,,,,,,,,,,,,,,,,,,,,,,,,,,,,,,,,,,,,,,,,,,,,,,,,,,,,,,,,,,,,,,,,,,,,,,,,,,,,,,,,,,,,,,,,,,,,,,,,,,,,,,,,,,,,,,,,,,,,,,,,,,,,,,,,,,,,,,,,,,,,,,,,
,,,,,,,,,,,,,,,,,,,,,,,,,,,,,,,,,,,,,,,,,,,,,,,,,,,,,,,,,,,,,,,,,,152771,001,2024-11-06_17h26.26.319,experiment,2023.2.3,Win32,48.07692308,66b8e2fd7ed9ec6e6bb94a9d,672b928d7ee8c8ad18e9ad28,672ba68864bf9bfe3e1ebc5c,,,,,,,,,,,,,,,,,,,,,,216.6036,217.1264,k,0.3914,,space,,,,1,p_orange_gnome,1,2,p_green_forest,p_green_basket,p_green_gnome,1,7,p_yellow_forest,p_blue_basket,7,1,0,0,1,p_green_gnome,p_yellow_forest,p_blue_basket,91,2,2,10,0,1,1,1,0.7148,,,,,,,,,,,,,,,,,,,,,,,,,,,,,,,,,,,,,,,,,,,,,,,,,,,,,,,,,,,,,,,,,,,,,,,,,,,,,,,,,,,,,,,,,,,,,,,,,,,,,,,,,,,,,,,,,,,,,,,,,,,,,,,,,,,,,,,,,,,,,,,,
,,,,,,,,,,,,,,,,,,,,,,,,,,,,,,,,,,,,,,,,,,,,,,,,,,,,,,,,,,,,,,,,,,152771,001,2024-11-06_17h26.26.319,experiment,2023.2.3,Win32,48.07692308,66b8e2fd7ed9ec6e6bb94a9d,672b928d7ee8c8ad18e9ad28,672ba68864bf9bfe3e1ebc5c,,,,,,,,,,,,,,,,,,,,,,223.7077,224.2199,s,0.4115,,space,,,,1,p_green_gnome,1,7,p_yellow_forest,p_blue_basket,p_orange_gnome,1,2,p_green_forest,p_green_basket,7,1,0,0,1,p_green_gnome,p_yellow_forest,p_blue_basket,98,2,3,11,0,1,1,1,0.332,,,,,,,,,,,,,,,,,,,,,,,,,,,,,,,,,,,,,,,,,,,,,,,,,,,,,,,,,,,,,,,,,,,,,,,,,,,,,,,,,,,,,,,,,,,,,,,,,,,,,,,,,,,,,,,,,,,,,,,,,,,,,,,,,,,,,,,,,,,,,,,,
,,,,,,,,,,,,,,,,,,,,,,,,,,,,,,,,,,,,,,,,,,,,,,,,,,,,,,,,,,,,,,,,,,152771,001,2024-11-06_17h26.26.319,experiment,2023.2.3,Win32,48.07692308,66b8e2fd7ed9ec6e6bb94a9d,672b928d7ee8c8ad18e9ad28,672ba68864bf9bfe3e1ebc5c,,,,,,,,,,,,,,,,,,,,,,230.8535,231.3644,k,0.3327,,space,,,,1,p_green_gnome,1,8,p_yellow_forest,p_blue_basket,p_orange_gnome,1,3,p_green_forest,p_green_basket,3,1,0,0,1,p_orange_gnome,p_green_forest,p_green_basket,101,3,0,12,0,1,1,1,0.0772,,,,,,,,,,,,,,,,,,,,,,,,,,,,,,,,,,,,,,,,,,,,,,,,,,,,,,,,,,,,,,,,,,,,,,,,,,,,,,,,,,,,,,,,,,,,,,,,,,,,,,,,,,,,,,,,,,,,,,,,,,,,,,,,,,,,,,,,,,,,,,,,
,,,,,,,,,,,,,,,,,,,,,,,,,,,,,,,,,,,,,,,,,,,,,,,,,,,,,,,,,,,,,,,,,,152771,001,2024-11-06_17h26.26.319,experiment,2023.2.3,Win32,48.07692308,66b8e2fd7ed9ec6e6bb94a9d,672b928d7ee8c8ad18e9ad28,672ba68864bf9bfe3e1ebc5c,,,,,,,,,,,,,,,,,,,,,,238.0084,238.509,k,0.4602,,space,,,,1,p_orange_gnome,1,3,p_green_forest,p_green_basket,p_green_gnome,1,8,p_yellow_forest,p_blue_basket,8,1,0,0,1,p_green_gnome,p_yellow_forest,p_blue_basket,109,3,1,13,0,1,1,1,0.3853,,,,,,,,,,,,,,,,,,,,,,,,,,,,,,,,,,,,,,,,,,,,,,,,,,,,,,,,,,,,,,,,,,,,,,,,,,,,,,,,,,,,,,,,,,,,,,,,,,,,,,,,,,,,,,,,,,,,,,,,,,,,,,,,,,,,,,,,,,,,,,,,
,,,,,,,,,,,,,,,,,,,,,,,,,,,,,,,,,,,,,,,,,,,,,,,,,,,,,,,,,,,,,,,,,,152771,001,2024-11-06_17h26.26.319,experiment,2023.2.3,Win32,48.07692308,66b8e2fd7ed9ec6e6bb94a9d,672b928d7ee8c8ad18e9ad28,672ba68864bf9bfe3e1ebc5c,,,,,,,,,,,,,,,,,,,,,,245.0965,245.6,s,0.3754,,space,,,,2,p_blue_gnome,2,8,p_yellow_forest,p_blue_basket,p_pink_gnome,2,3,p_green_forest,p_green_basket,40,5,0,0,1,p_blue_gnome,p_yellow_forest,p_blue_basket,149,3,2,14,3,1,2,5,0.0932,,,,,,,,,,,,,,,,,,,,,,,,,,,,,,,,,,,,,,,,,,,,,,,,,,,,,,,,,,,,,,,,,,,,,,,,,,,,,,,,,,,,,,,,,,,,,,,,,,,,,,,,,,,,,,,,,,,,,,,,,,,,,,,,,,,,,,,,,,,,,,,,
,,,,,,,,,,,,,,,,,,,,,,,,,,,,,,,,,,,,,,,,,,,,,,,,,,,,,,,,,,,,,,,,,,152771,001,2024-11-06_17h26.26.319,experiment,2023.2.3,Win32,48.07692308,66b8e2fd7ed9ec6e6bb94a9d,672b928d7ee8c8ad18e9ad28,672ba68864bf9bfe3e1ebc5c,,,,,,,,,,,,,,,,,,,,,,252.2001,252.7033,k,0.386,,space,,,,1,p_orange_gnome,1,3,p_green_forest,p_green_basket,p_green_gnome,1,8,p_yellow_forest,p_blue_basket,8,1,0,0,1,p_green_gnome,p_yellow_forest,p_blue_basket,157,3,3,15,0,1,1,1,0.412,,,,,,,,,,,,,,,,,,,,,,,,,,,,,,,,,,,,,,,,,,,,,,,,,,,,,,,,,,,,,,,,,,,,,,,,,,,,,,,,,,,,,,,,,,,,,,,,,,,,,,,,,,,,,,,,,,,,,,,,,,,,,,,,,,,,,,,,,,,,,,,,
,,,,,,,,,,,,,,,,,,,,,,,,,,,,,,,,,,,,,,,,,,,,,,,,,,,,,,,,,,,,,,,,,,152771,001,2024-11-06_17h26.26.319,experiment,2023.2.3,Win32,48.07692308,66b8e2fd7ed9ec6e6bb94a9d,672b928d7ee8c8ad18e9ad28,672ba68864bf9bfe3e1ebc5c,,,,,,,,,,,,,,,,,,,,,,259.3273,259.839,s,0.492,,space,,,,2,p_blue_gnome,2,9,p_yellow_forest,p_blue_basket,p_pink_gnome,2,4,p_green_forest,p_green_basket,45,5,0,0,1,p_blue_gnome,p_yellow_forest,p_blue_basket,202,4,0,16,3,1,2,5,0.9038,,,,,,,,,,,,,,,,,,,,,,,,,,,,,,,,,,,,,,,,,,,,,,,,,,,,,,,,,,,,,,,,,,,,,,,,,,,,,,,,,,,,,,,,,,,,,,,,,,,,,,,,,,,,,,,,,,,,,,,,,,,,,,,,,,,,,,,,,,,,,,,,
,,,,,,,,,,,,,,,,,,,,,,,,,,,,,,,,,,,,,,,,,,,,,,,,,,,,,,,,,,,,,,,,,,152771,001,2024-11-06_17h26.26.319,experiment,2023.2.3,Win32,48.07692308,66b8e2fd7ed9ec6e6bb94a9d,672b928d7ee8c8ad18e9ad28,672ba68864bf9bfe3e1ebc5c,,,,,,,,,,,,,,,,,,,,,,266.4529,266.9631,k,0.6155,,space,,,,1,p_orange_gnome,1,4,p_green_forest,p_green_basket,p_green_gnome,1,9,p_yellow_forest,p_blue_basket,45,5,0,0,1,p_green_gnome,p_yellow_forest,p_blue_basket,247,4,1,17,2,1,1,5,0.2798,,,,,,,,,,,,,,,,,,,,,,,,,,,,,,,,,,,,,,,,,,,,,,,,,,,,,,,,,,,,,,,,,,,,,,,,,,,,,,,,,,,,,,,,,,,,,,,,,,,,,,,,,,,,,,,,,,,,,,,,,,,,,,,,,,,,,,,,,,,,,,,,
,,,,,,,,,,,,,,,,,,,,,,,,,,,,,,,,,,,,,,,,,,,,,,,,,,,,,,,,,,,,,,,,,,152771,001,2024-11-06_17h26.26.319,experiment,2023.2.3,Win32,48.07692308,66b8e2fd7ed9ec6e6bb94a9d,672b928d7ee8c8ad18e9ad28,672ba68864bf9bfe3e1ebc5c,,,,,,,,,,,,,,,,,,,,,,273.5605,274.0659,s,0.4042,,space,,,,2,p_pink_gnome,2,4,p_green_forest,p_green_basket,p_blue_gnome,2,9,p_yellow_forest,p_blue_basket,4,1,0,0,1,p_pink_gnome,p_green_forest,p_green_basket,251,4,2,18,1,1,2,1,0.4158,,,,,,,,,,,,,,,,,,,,,,,,,,,,,,,,,,,,,,,,,,,,,,,,,,,,,,,,,,,,,,,,,,,,,,,,,,,,,,,,,,,,,,,,,,,,,,,,,,,,,,,,,,,,,,,,,,,,,,,,,,,,,,,,,,,,,,,,,,,,,,,,
,,,,,,,,,,,,,,,,,,,,,,,,,,,,,,,,,,,,,,,,,,,,,,,,,,,,,,,,,,,,,,,,,,152771,001,2024-11-06_17h26.26.319,experiment,2023.2.3,Win32,48.07692308,66b8e2fd7ed9ec6e6bb94a9d,672b928d7ee8c8ad18e9ad28,672ba68864bf9bfe3e1ebc5c,,,,,,,,,,,,,,,,,,,,,,280.6553,281.1776,k,0.3099,,space,,,,1,p_green_gnome,1,9,p_yellow_forest,p_blue_basket,p_orange_gnome,1,4,p_green_forest,p_green_basket,20,5,0,0,1,p_orange_gnome,p_green_forest,p_green_basket,271,4,3,19,2,1,1,5,0.5716,,,,,,,,,,,,,,,,,,,,,,,,,,,,,,,,,,,,,,,,,,,,,,,,,,,,,,,,,,,,,,,,,,,,,,,,,,,,,,,,,,,,,,,,,,,,,,,,,,,,,,,,,,,,,,,,,,,,,,,,,,,,,,,,,,,,,,,,,,,,,,,,
,,,,,,,,,,,,,,,,,,,,,,,,,,,,,,,,,,,,,,,,,,,,,,,,,,,,,,,,,,,,,,,,,,152771,001,2024-11-06_17h26.26.319,experiment,2023.2.3,Win32,48.07692308,66b8e2fd7ed9ec6e6bb94a9d,672b928d7ee8c8ad18e9ad28,672ba68864bf9bfe3e1ebc5c,,,,,,,,,,,,,,,,,,,,,,,,,,,,,,,,,,,,,,,,,,,,,,,,,,,,,,,,,,,,space,304.006,,space,36.6478,,,ressources/step1_stim6.png,ressources/step1_stim1.png,s,0.7415,ressources/step2_background1.png,ressources/step2_stim1.png,0.3076,5,30,2329,1,0,1,0,0,1,1,k,1,0,0,0,0,1,,,,,,,,,,,,,,,,,,,,,,,,,,,,,,,,,,,,,,,,,,,,,,,,,,,,,,,,,,,,,,,,,,,,,,,,,,,,,,,,,,,,,,,,,,,,,,,,,,,,,,,,,,,,,,,,
,,,,,,,,,,,,,,,,,,,,,,,,,,,,,,,,,,,,,,,,,,,,,,,,,,,,,,,,,,,,,,,,,,152771,001,2024-11-06_17h26.26.319,experiment,2023.2.3,Win32,48.07692308,66b8e2fd7ed9ec6e6bb94a9d,672b928d7ee8c8ad18e9ad28,672ba68864bf9bfe3e1ebc5c,,,,,,,,,,,,,,,,,,,,,,,,,,,,,,,,,,,,,,,,,,,,,,,,,,,,,,,,,,,,,,,,,,,ressources/step1_stim3.png,ressources/step1_stim4.png,s,0.7894,ressources/step2_background2.png,ressources/step2_stim2.png,0.2356,5,40,2369,1,1,0,0,0,0,2,k,1,1,0,1,0,1,s,0.9119,,,,,,,,,,,,,,,,,,,,,,,,,,,,,,,,,,,,,,,,,,,,,,,,,,,,,,,,,,,,,,,,,,,,,,,,,,,,,,,,,,,,,,,,,,,,,,,,,,,,,,,,,,,,,,
,,,,,,,,,,,,,,,,,,,,,,,,,,,,,,,,,,,,,,,,,,,,,,,,,,,,,,,,,,,,,,,,,,152771,001,2024-11-06_17h26.26.319,experiment,2023.2.3,Win32,48.07692308,66b8e2fd7ed9ec6e6bb94a9d,672b928d7ee8c8ad18e9ad28,672ba68864bf9bfe3e1ebc5c,,,,,,,,,,,,,,,,,,,,,,,,,,,,,,,,,,,,,,,,,,,,,,,,,,,,,,,,,,,,,,,,,,,ressources/step1_stim7.png,ressources/step1_stim5.png,s,0.7853,ressources/step2_background1.png,ressources/step2_stim1.png,0.27,5,0,2369,0,0,0,0,0,0,2,s,1,2,0,2,0,1,,,,,,,,,,,,,,,,,,,,,,,,,,,,,,,,,,,,,,,,,,,,,,,,,,,,,,,,,,,,,,,,,,,,,,,,,,,,,,,,,,,,,,,,,,,,,,,,,,,,,,,,,,,,,,,,
,,,,,,,,,,,,,,,,,,,,,,,,,,,,,,,,,,,,,,,,,,,,,,,,,,,,,,,,,,,,,,,,,,152771,001,2024-11-06_17h26.26.319,experiment,2023.2.3,Win32,48.07692308,66b8e2fd7ed9ec6e6bb94a9d,672b928d7ee8c8ad18e9ad28,672ba68864bf9bfe3e1ebc5c,,,,,,,,,,,,,,,,,,,,,,,,,,,,,,,,,,,,,,,,,,,,,,,,,,,,,,,,,,,,,,,,,,,ressources/step1_stim6.png,ressources/step1_stim1.png,s,0.8531,ressources/step2_background1.png,ressources/step2_stim1.png,0.2634,5,5,2374,0,0,0,0,0,0,2,s,1,3,0,3,0,1,,,,,,,,,,,,,,,,,,,,,,,,,,,,,,,,,,,,,,,,,,,,,,,,,,,,,,,,,,,,,,,,,,,,,,,,,,,,,,,,,,,,,,,,,,,,,,,,,,,,,,,,,,,,,,,,
,,,,,,,,,,,,,,,,,,,,,,,,,,,,,,,,,,,,,,,,,,,,,,,,,,,,,,,,,,,,,,,,,,152771,001,2024-11-06_17h26.26.319,experiment,2023.2.3,Win32,48.07692308,66b8e2fd7ed9ec6e6bb94a9d,672b928d7ee8c8ad18e9ad28,672ba68864bf9bfe3e1ebc5c,,,,,,,,,,,,,,,,,,,,,,,,,,,,,,,,,,,,,,,,,,,,,,,,,,,,,,,,,,,,,,,,,,,ressources/step1_stim5.png,ressources/step1_stim7.png,s,0.7872,ressources/step2_background2.png,ressources/step2_stim2.png,0.2448,5,35,2409,0,0,0,0,0,0,2,k,1,4,0,4,0,1,,,,,,,,,,,,,,,,,,,,,,,,,,,,,,,,,,,,,,,,,,,,,,,,,,,,,,,,,,,,,,,,,,,,,,,,,,,,,,,,,,,,,,,,,,,,,,,,,,,,,,,,,,,,,,,,
,,,,,,,,,,,,,,,,,,,,,,,,,,,,,,,,,,,,,,,,,,,,,,,,,,,,,,,,,,,,,,,,,,152771,001,2024-11-06_17h26.26.319,experiment,2023.2.3,Win32,48.07692308,66b8e2fd7ed9ec6e6bb94a9d,672b928d7ee8c8ad18e9ad28,672ba68864bf9bfe3e1ebc5c,,,,,,,,,,,,,,,,,,,,,,,,,,,,,,,,,,,,,,,,,,,,,,,,,,,,,,,,,,,,,,,,,,,ressources/step1_stim5.png,ressources/step1_stim7.png,s,1.2061,ressources/step2_background2.png,ressources/step2_stim2.png,0.2959,5,40,2449,0,0,0,0,0,0,2,k,1,5,0,5,0,1,,,,,,,,,,,,,,,,,,,,,,,,,,,,,,,,,,,,,,,,,,,,,,,,,,,,,,,,,,,,,,,,,,,,,,,,,,,,,,,,,,,,,,,,,,,,,,,,,,,,,,,,,,,,,,,,
,,,,,,,,,,,,,,,,,,,,,,,,,,,,,,,,,,,,,,,,,,,,,,,,,,,,,,,,,,,,,,,,,,152771,001,2024-11-06_17h26.26.319,experiment,2023.2.3,Win32,48.07692308,66b8e2fd7ed9ec6e6bb94a9d,672b928d7ee8c8ad18e9ad28,672ba68864bf9bfe3e1ebc5c,,,,,,,,,,,,,,,,,,,,,,,,,,,,,,,,,,,,,,,,,,,,,,,,,,,,,,,,,,,,,,,,,,,ressources/step1_stim2.png,ressources/step1_stim8.png,s,0.7879,ressources/step2_background2.png,ressources/step2_stim2.png,0.2404,1,8,2457,0,0,0,0,0,0,2,k,1,6,0,6,0,1,,,,,,,,,,,,,,,,,,,,,,,,,,,,,,,,,,,,,,,,,,,,,,,,,,,,,,,,,,,,,,,,,,,,,,,,,,,,,,,,,,,,,,,,,,,,,,,,,,,,,,,,,,,,,,,,
,,,,,,,,,,,,,,,,,,,,,,,,,,,,,,,,,,,,,,,,,,,,,,,,,,,,,,,,,,,,,,,,,,152771,001,2024-11-06_17h26.26.319,experiment,2023.2.3,Win32,48.07692308,66b8e2fd7ed9ec6e6bb94a9d,672b928d7ee8c8ad18e9ad28,672ba68864bf9bfe3e1ebc5c,,,,,,,,,,,,,,,,,,,,,,,,,,,,,,,,,,,,,,,,,,,,,,,,,,,,,,,,,,,,,,,,,,,ressources/step1_stim7.png,ressources/step1_stim5.png,k,0.5721,ressources/step2_background2.png,ressources/step2_stim2.png,0.2561,1,5,2462,0,0,0,0,0,0,2,s,1,7,0,7,0,1,,,,,,,,,,,,,,,,,,,,,,,,,,,,,,,,,,,,,,,,,,,,,,,,,,,,,,,,,,,,,,,,,,,,,,,,,,,,,,,,,,,,,,,,,,,,,,,,,,,,,,,,,,,,,,,,
,,,,,,,,,,,,,,,,,,,,,,,,,,,,,,,,,,,,,,,,,,,,,,,,,,,,,,,,,,,,,,,,,,152771,001,2024-11-06_17h26.26.319,experiment,2023.2.3,Win32,48.07692308,66b8e2fd7ed9ec6e6bb94a9d,672b928d7ee8c8ad18e9ad28,672ba68864bf9bfe3e1ebc5c,,,,,,,,,,,,,,,,,,,,,,,,,,,,,,,,,,,,,,,,,,,,,,,,,,,,,,,,,,,,,,,,,,,ressources/step1_stim5.png,ressources/step1_stim7.png,s,1.0459,ressources/step2_background2.png,ressources/step2_stim2.png,0.2378,5,35,2497,0,0,0,0,0,0,2,k,1,8,0,8,0,1,,,,,,,,,,,,,,,,,,,,,,,,,,,,,,,,,,,,,,,,,,,,,,,,,,,,,,,,,,,,,,,,,,,,,,,,,,,,,,,,,,,,,,,,,,,,,,,,,,,,,,,,,,,,,,,,
,,,,,,,,,,,,,,,,,,,,,,,,,,,,,,,,,,,,,,,,,,,,,,,,,,,,,,,,,,,,,,,,,,152771,001,2024-11-06_17h26.26.319,experiment,2023.2.3,Win32,48.07692308,66b8e2fd7ed9ec6e6bb94a9d,672b928d7ee8c8ad18e9ad28,672ba68864bf9bfe3e1ebc5c,,,,,,,,,,,,,,,,,,,,,,,,,,,,,,,,,,,,,,,,,,,,,,,,,,,,,,,,,,,,,,,,,,s,ressources/step1_stim5.png,ressources/step1_stim7.png,s,1.0361,ressources/step2_background2.png,ressources/step2_stim2.png,0.2521,1,8,2505,1,0,1,0,0,0,3,k,2,9,0,9,0,1,,,,0.9403,,,,,,,,,,,,,,,,,,,,,,,,,,,,,,,,,,,,,,,,,,,,,,,,,,,,,,,,,,,,,,,,,,,,,,,,,,,,,,,,,,,,,,,,,,,,,,,,,,,,,,,,,,,,
,,,,,,,,,,,,,,,,,,,,,,,,,,,,,,,,,,,,,,,,,,,,,,,,,,,,,,,,,,,,,,,,,,152771,001,2024-11-06_17h26.26.319,experiment,2023.2.3,Win32,48.07692308,66b8e2fd7ed9ec6e6bb94a9d,672b928d7ee8c8ad18e9ad28,672ba68864bf9bfe3e1ebc5c,,,,,,,,,,,,,,,,,,,,,,,,,,,,,,,,,,,,,,,,,,,,,,,,,,,,,,,,,,,,,,,,,,,ressources/step1_stim1.png,ressources/step1_stim6.png,s,1.1775,ressources/step2_background2.png,ressources/step2_stim2.png,0.2476,1,5,2510,1,1,0,0,0,0,4,s,2,10,0,10,0,1,s,2.2241,,,,,,,,,,,,,,,,,,,,,,,,,,,,,,,,,,,,,,,,,,,,,,,,,,,,,,,,,,,,,,,,,,,,,,,,,,,,,,,,,,,,,,,,,,,,,,,,,,,,,,,,,,,,,,
,,,,,,,,,,,,,,,,,,,,,,,,,,,,,,,,,,,,,,,,,,,,,,,,,,,,,,,,,,,,,,,,,,152771,001,2024-11-06_17h26.26.319,experiment,2023.2.3,Win32,48.07692308,66b8e2fd7ed9ec6e6bb94a9d,672b928d7ee8c8ad18e9ad28,672ba68864bf9bfe3e1ebc5c,,,,,,,,,,,,,,,,,,,,,,,,,,,,,,,,,,,,,,,,,,,,,,,,,,,,,,,,,,,,,,,,,,,ressources/step1_stim5.png,ressources/step1_stim7.png,s,0.5179,ressources/step2_background2.png,ressources/step2_stim2.png,0.2518,1,8,2518,1,1,0,0,0,0,5,k,2,11,0,11,0,1,s,1.8336,,,,,,,,,,,,,,,,,,,,,,,,,,,,,,,,,,,,,,,,,,,,,,,,,,,,,,,,,,,,,,,,,,,,,,,,,,,,,,,,,,,,,,,,,,,,,,,,,,,,,,,,,,,,,,
,,,,,,,,,,,,,,,,,,,,,,,,,,,,,,,,,,,,,,,,,,,,,,,,,,,,,,,,,,,,,,,,,,152771,001,2024-11-06_17h26.26.319,experiment,2023.2.3,Win32,48.07692308,66b8e2fd7ed9ec6e6bb94a9d,672b928d7ee8c8ad18e9ad28,672ba68864bf9bfe3e1ebc5c,,,,,,,,,,,,,,,,,,,,,,,,,,,,,,,,,,,,,,,,,,,,,,,,,,,,,,,,,,,,,,,,,,,ressources/step1_stim4.png,ressources/step1_stim3.png,s,0.939,ressources/step2_background1.png,ressources/step2_stim1.png,0.2824,5,30,2548,0,0,0,0,0,0,5,k,2,12,0,12,0,1,,,,,,,,,,,,,,,,,,,,,,,,,,,,,,,,,,,,,,,,,,,,,,,,,,,,,,,,,,,,,,,,,,,,,,,,,,,,,,,,,,,,,,,,,,,,,,,,,,,,,,,,,,,,,,,,
,,,,,,,,,,,,,,,,,,,,,,,,,,,,,,,,,,,,,,,,,,,,,,,,,,,,,,,,,,,,,,,,,,152771,001,2024-11-06_17h26.26.319,experiment,2023.2.3,Win32,48.07692308,66b8e2fd7ed9ec6e6bb94a9d,672b928d7ee8c8ad18e9ad28,672ba68864bf9bfe3e1ebc5c,,,,,,,,,,,,,,,,,,,,,,,,,,,,,,,,,,,,,,,,,,,,,,,,,,,,,,,,,,,,,,,,,,,ressources/step1_stim5.png,ressources/step1_stim7.png,s,0.6419,ressources/step2_background2.png,ressources/step2_stim2.png,0.2375,5,45,2593,0,0,0,0,0,0,5,k,2,13,0,13,0,1,,,,,,,,,,,,,,,,,,,,,,,,,,,,,,,,,,,,,,,,,,,,,,,,,,,,,,,,,,,,,,,,,,,,,,,,,,,,,,,,,,,,,,,,,,,,,,,,,,,,,,,,,,,,,,,,
,,,,,,,,,,,,,,,,,,,,,,,,,,,,,,,,,,,,,,,,,,,,,,,,,,,,,,,,,,,,,,,,,,152771,001,2024-11-06_17h26.26.319,experiment,2023.2.3,Win32,48.07692308,66b8e2fd7ed9ec6e6bb94a9d,672b928d7ee8c8ad18e9ad28,672ba68864bf9bfe3e1ebc5c,,,,,,,,,,,,,,,,,,,,,,,,,,,,,,,,,,,,,,,,,,,,,,,,,,,,,,,,,,,,,,,,,,,ressources/step1_stim6.png,ressources/step1_stim1.png,s,0.773,ressources/step2_background1.png,ressources/step2_stim1.png,0.2875,5,40,2633,0,0,0,0,0,0,5,k,2,14,0,14,0,1,,,,,,,,,,,,,,,,,,,,,,,,,,,,,,,,,,,,,,,,,,,,,,,,,,,,,,,,,,,,,,,,,,,,,,,,,,,,,,,,,,,,,,,,,,,,,,,,,,,,,,,,,,,,,,,,
,,,,,,,,,,,,,,,,,,,,,,,,,,,,,,,,,,,,,,,,,,,,,,,,,,,,,,,,,,,,,,,,,,152771,001,2024-11-06_17h26.26.319,experiment,2023.2.3,Win32,48.07692308,66b8e2fd7ed9ec6e6bb94a9d,672b928d7ee8c8ad18e9ad28,672ba68864bf9bfe3e1ebc5c,,,,,,,,,,,,,,,,,,,,,,,,,,,,,,,,,,,,,,,,,,,,,,,,,,,,,,,,,,,,,,,,,,,ressources/step1_stim7.png,ressources/step1_stim5.png,k,0.8314,ressources/step2_background2.png,ressources/step2_stim2.png,0.4064,1,7,2640,0,0,0,0,0,0,5,k,2,15,0,15,0,1,,,,,,,,,,,,,,,,,,,,,,,,,,,,,,,,,,,,,,,,,,,,,,,,,,,,,,,,,,,,,,,,,,,,,,,,,,,,,,,,,,,,,,,,,,,,,,,,,,,,,,,,,,,,,,,,
,,,,,,,,,,,,,,,,,,,,,,,,,,,,,,,,,,,,,,,,,,,,,,,,,,,,,,,,,,,,,,,,,,152771,001,2024-11-06_17h26.26.319,experiment,2023.2.3,Win32,48.07692308,66b8e2fd7ed9ec6e6bb94a9d,672b928d7ee8c8ad18e9ad28,672ba68864bf9bfe3e1ebc5c,,,,,,,,,,,,,,,,,,,,,,,,,,,,,,,,,,,,,,,,,,,,,,,,,,,,,,,,,,,,,,,,,,,ressources/step1_stim5.png,ressources/step1_stim7.png,s,0.6427,ressources/step2_background2.png,ressources/step2_stim2.png,0.2718,5,35,2675,0,0,0,0,0,0,5,k,2,16,0,16,0,1,,,,,,,,,,,,,,,,,,,,,,,,,,,,,,,,,,,,,,,,,,,,,,,,,,,,,,,,,,,,,,,,,,,,,,,,,,,,,,,,,,,,,,,,,,,,,,,,,,,,,,,,,,,,,,,,
,,,,,,,,,,,,,,,,,,,,,,,,,,,,,,,,,,,,,,,,,,,,,,,,,,,,,,,,,,,,,,,,,,152771,001,2024-11-06_17h26.26.319,experiment,2023.2.3,Win32,48.07692308,66b8e2fd7ed9ec6e6bb94a9d,672b928d7ee8c8ad18e9ad28,672ba68864bf9bfe3e1ebc5c,,,,,,,,,,,,,,,,,,,,,,,,,,,,,,,,,,,,,,,,,,,,,,,,,,,,,,,,,,,,,,,,,,,ressources/step1_stim4.png,ressources/step1_stim3.png,s,0.8357,ressources/step2_background1.png,ressources/step2_stim1.png,0.2799,5,25,2700,0,0,0,0,0,0,5,k,2,17,0,17,0,1,,,,,,,,,,,,,,,,,,,,,,,,,,,,,,,,,,,,,,,,,,,,,,,,,,,,,,,,,,,,,,,,,,,,,,,,,,,,,,,,,,,,,,,,,,,,,,,,,,,,,,,,,,,,,,,,
,,,,,,,,,,,,,,,,,,,,,,,,,,,,,,,,,,,,,,,,,,,,,,,,,,,,,,,,,,,,,,,,,,152771,001,2024-11-06_17h26.26.319,experiment,2023.2.3,Win32,48.07692308,66b8e2fd7ed9ec6e6bb94a9d,672b928d7ee8c8ad18e9ad28,672ba68864bf9bfe3e1ebc5c,,,,,,,,,,,,,,,,,,,,,,,,,,,,,,,,,,,,,,,,,,,,,,,,,,,,,,,,,,,,,,,,,,,ressources/step1_stim7.png,ressources/step1_stim5.png,k,0.7359,ressources/step2_background2.png,ressources/step2_stim2.png,0.2046,5,45,2745,0,0,0,0,0,0,5,k,2,18,0,18,0,1,,,,,,,,,,,,,,,,,,,,,,,,,,,,,,,,,,,,,,,,,,,,,,,,,,,,,,,,,,,,,,,,,,,,,,,,,,,,,,,,,,,,,,,,,,,,,,,,,,,,,,,,,,,,,,,,
,,,,,,,,,,,,,,,,,,,,,,,,,,,,,,,,,,,,,,,,,,,,,,,,,,,,,,,,,,,,,,,,,,152771,001,2024-11-06_17h26.26.319,experiment,2023.2.3,Win32,48.07692308,66b8e2fd7ed9ec6e6bb94a9d,672b928d7ee8c8ad18e9ad28,672ba68864bf9bfe3e1ebc5c,,,,,,,,,,,,,,,,,,,,,,,,,,,,,,,,,,,,,,,,,,,,,,,,,,,,,,,,,,,,,,,,,,,ressources/step1_stim6.png,ressources/step1_stim1.png,s,0.7195,ressources/step2_background1.png,ressources/step2_stim1.png,0.3148,5,20,2765,0,0,0,0,0,0,5,k,2,19,0,19,0,1,,,,,,,,,,,,,,,,,,,,,,,,,,,,,,,,,,,,,,,,,,,,,,,,,,,,,,,,,,,,,,,,,,,,,,,,,,,,,,,,,,,,,,,,,,,,,,,,,,,,,,,,,,,,,,,,
,,,,,,,,,,,,,,,,,,,,,,,,,,,,,,,,,,,,,,,,,,,,,,,,,,,,,,,,,,,,,,,,,,152771,001,2024-11-06_17h26.26.319,experiment,2023.2.3,Win32,48.07692308,66b8e2fd7ed9ec6e6bb94a9d,672b928d7ee8c8ad18e9ad28,672ba68864bf9bfe3e1ebc5c,,,,,,,,,,,,,,,,,,,,,,,,,,,,,,,,,,,,,,,,,,,,,,,,,,,,,,,,,,,,,,,,,,,ressources/step1_stim3.png,ressources/step1_stim4.png,s,0.7036,ressources/step2_background2.png,ressources/step2_stim2.png,0.2428,1,7,2772,0,0,0,0,0,0,5,k,2,20,0,20,0,1,,,,,,,,,,,,,,,,,,,,,,,,,,,,,,,,,,,,,,,,,,,,,,,,,,,,,,,,,,,,,,,,,,,,,,,,,,,,,,,,,,,,,,,,,,,,,,,,,,,,,,,,,,,,,,,,
,,,,,,,,,,,,,,,,,,,,,,,,,,,,,,,,,,,,,,,,,,,,,,,,,,,,,,,,,,,,,,,,,,152771,001,2024-11-06_17h26.26.319,experiment,2023.2.3,Win32,48.07692308,66b8e2fd7ed9ec6e6bb94a9d,672b928d7ee8c8ad18e9ad28,672ba68864bf9bfe3e1ebc5c,,,,,,,,,,,,,,,,,,,,,,,,,,,,,,,,,,,,,,,,,,,,,,,,,,,,,,,,,,,,,,,,,,k,ressources/step1_stim7.png,ressources/step1_stim5.png,k,0.8689,ressources/step2_background2.png,ressources/step2_stim2.png,0.2511,5,40,2812,1,0,1,0,0,0,6,k,2,21,0,21,0,1,,,,2.9295,,,,,,,,,,,,,,,,,,,,,,,,,,,,,,,,,,,,,,,,,,,,,,,,,,,,,,,,,,,,,,,,,,,,,,,,,,,,,,,,,,,,,,,,,,,,,,,,,,,,,,,,,,,,
,,,,,,,,,,,,,,,,,,,,,,,,,,,,,,,,,,,,,,,,,,,,,,,,,,,,,,,,,,,,,,,,,,152771,001,2024-11-06_17h26.26.319,experiment,2023.2.3,Win32,48.07692308,66b8e2fd7ed9ec6e6bb94a9d,672b928d7ee8c8ad18e9ad28,672ba68864bf9bfe3e1ebc5c,,,,,,,,,,,,,,,,,,,,,,,,,,,,,,,,,,,,,,,,,,,,,,,,,,,,,,,,,,,,,,,,,,,ressources/step1_stim2.png,ressources/step1_stim8.png,s,0.8112,ressources/step2_background2.png,ressources/step2_stim2.png,0.2519,5,30,2842,0,0,0,0,0,0,6,k,2,22,0,22,0,1,,,,,,,,,,,,,,,,,,,,,,,,,,,,,,,,,,,,,,,,,,,,,,,,,,,,,,,,,,,,,,,,,,,,,,,,,,,,,,,,,,,,,,,,,,,,,,,,,,,,,,,,,,,,,,,,
,,,,,,,,,,,,,,,,,,,,,,,,,,,,,,,,,,,,,,,,,,,,,,,,,,,,,,,,,,,,,,,,,,152771,001,2024-11-06_17h26.26.319,experiment,2023.2.3,Win32,48.07692308,66b8e2fd7ed9ec6e6bb94a9d,672b928d7ee8c8ad18e9ad28,672ba68864bf9bfe3e1ebc5c,,,,,,,,,,,,,,,,,,,,,,,,,,,,,,,,,,,,,,,,,,,,,,,,,,,,,,,,,,,,,,,,,,,ressources/step1_stim5.png,ressources/step1_stim7.png,s,0.8331,ressources/step2_background2.png,ressources/step2_stim2.png,0.2337,5,35,2877,1,1,0,0,0,0,7,k,2,23,0,23,0,1,s,1.7735,,,,,,,,,,,,,,,,,,,,,,,,,,,,,,,,,,,,,,,,,,,,,,,,,,,,,,,,,,,,,,,,,,,,,,,,,,,,,,,,,,,,,,,,,,,,,,,,,,,,,,,,,,,,,,
,,,,,,,,,,,,,,,,,,,,,,,,,,,,,,,,,,,,,,,,,,,,,,,,,,,,,,,,,,,,,,,,,,152771,001,2024-11-06_17h26.26.319,experiment,2023.2.3,Win32,48.07692308,66b8e2fd7ed9ec6e6bb94a9d,672b928d7ee8c8ad18e9ad28,672ba68864bf9bfe3e1ebc5c,,,,,,,,,,,,,,,,,,,,,,,,,,,,,,,,,,,,,,,,,,,,,,,,,,,,,,,,,,,,,,,,,,,ressources/step1_stim1.png,ressources/step1_stim6.png,k,0.9855,ressources/step2_background1.png,ressources/step2_stim1.png,0.2733,5,10,2887,0,0,0,0,0,0,7,k,2,24,0,24,0,1,,,,,,,,,,,,,,,,,,,,,,,,,,,,,,,,,,,,,,,,,,,,,,,,,,,,,,,,,,,,,,,,,,,,,,,,,,,,,,,,,,,,,,,,,,,,,,,,,,,,,,,,,,,,,,,,
,,,,,,,,,,,,,,,,,,,,,,,,,,,,,,,,,,,,,,,,,,,,,,,,,,,,,,,,,,,,,,,,,,152771,001,2024-11-06_17h26.26.319,experiment,2023.2.3,Win32,48.07692308,66b8e2fd7ed9ec6e6bb94a9d,672b928d7ee8c8ad18e9ad28,672ba68864bf9bfe3e1ebc5c,,,,,,,,,,,,,,,,,,,,,,,,,,,,,,,,,,,,,,,,,,,,,,,,,,,,,,,,,,,,,,,,,,,ressources/step1_stim3.png,ressources/step1_stim4.png,s,0.8319,ressources/step2_background2.png,ressources/step2_stim2.png,0.2133,1,9,2896,0,0,0,0,0,0,7,k,2,25,0,25,0,1,,,,,,,,,,,,,,,,,,,,,,,,,,,,,,,,,,,,,,,,,,,,,,,,,,,,,,,,,,,,,,,,,,,,,,,,,,,,,,,,,,,,,,,,,,,,,,,,,,,,,,,,,,,,,,,,
,,,,,,,,,,,,,,,,,,,,,,,,,,,,,,,,,,,,,,,,,,,,,,,,,,,,,,,,,,,,,,,,,,152771,001,2024-11-06_17h26.26.319,experiment,2023.2.3,Win32,48.07692308,66b8e2fd7ed9ec6e6bb94a9d,672b928d7ee8c8ad18e9ad28,672ba68864bf9bfe3e1ebc5c,,,,,,,,,,,,,,,,,,,,,,,,,,,,,,,,,,,,,,,,,,,,,,,,,,,,,,,,,,,,,,,,,,,ressources/step1_stim6.png,ressources/step1_stim1.png,s,0.7259,ressources/step2_background1.png,ressources/step2_stim1.png,0.2673,5,5,2901,0,0,0,0,0,0,7,s,2,26,0,26,0,1,,,,,,,,,,,,,,,,,,,,,,,,,,,,,,,,,,,,,,,,,,,,,,,,,,,,,,,,,,,,,,,,,,,,,,,,,,,,,,,,,,,,,,,,,,,,,,,,,,,,,,,,,,,,,,,,
,,,,,,,,,,,,,,,,,,,,,,,,,,,,,,,,,,,,,,,,,,,,,,,,,,,,,,,,,,,,,,,,,,152771,001,2024-11-06_17h26.26.319,experiment,2023.2.3,Win32,48.07692308,66b8e2fd7ed9ec6e6bb94a9d,672b928d7ee8c8ad18e9ad28,672ba68864bf9bfe3e1ebc5c,,,,,,,,,,,,,,,,,,,,,,,,,,,,,,,,,,,,,,,,,,,,,,,,,,,,,,,,,,,,,,,,,,,ressources/step1_stim6.png,ressources/step1_stim1.png,k,0.6525,ressources/step2_background2.png,ressources/step2_stim2.png,0.2341,1,6,2907,0,0,0,0,0,0,7,k,2,27,0,27,0,1,,,,,,,,,,,,,,,,,,,,,,,,,,,,,,,,,,,,,,,,,,,,,,,,,,,,,,,,,,,,,,,,,,,,,,,,,,,,,,,,,,,,,,,,,,,,,,,,,,,,,,,,,,,,,,,,
,,,,,,,,,,,,,,,,,,,,,,,,,,,,,,,,,,,,,,,,,,,,,,,,,,,,,,,,,,,,,,,,,,152771,001,2024-11-06_17h26.26.319,experiment,2023.2.3,Win32,48.07692308,66b8e2fd7ed9ec6e6bb94a9d,672b928d7ee8c8ad18e9ad28,672ba68864bf9bfe3e1ebc5c,,,,,,,,,,,,,,,,,,,,,,,,,,,,,,,,,,,,,,,,,,,,,,,,,,,,,,,,,,,,,,,,,,,ressources/step1_stim2.png,ressources/step1_stim8.png,s,0.9685,ressources/step2_background2.png,ressources/step2_stim2.png,0.2694,5,25,2932,0,0,0,0,0,0,7,k,2,28,0,28,0,1,,,,,,,,,,,,,,,,,,,,,,,,,,,,,,,,,,,,,,,,,,,,,,,,,,,,,,,,,,,,,,,,,,,,,,,,,,,,,,,,,,,,,,,,,,,,,,,,,,,,,,,,,,,,,,,,
,,,,,,,,,,,,,,,,,,,,,,,,,,,,,,,,,,,,,,,,,,,,,,,,,,,,,,,,,,,,,,,,,,152771,001,2024-11-06_17h26.26.319,experiment,2023.2.3,Win32,48.07692308,66b8e2fd7ed9ec6e6bb94a9d,672b928d7ee8c8ad18e9ad28,672ba68864bf9bfe3e1ebc5c,,,,,,,,,,,,,,,,,,,,,,,,,,,,,,,,,,,,,,,,,,,,,,,,,,,,,,,,,,,,,,,,,,,ressources/step1_stim1.png,ressources/step1_stim6.png,s,0.5269,ressources/step2_background2.png,ressources/step2_stim2.png,0.2157,1,8,2940,0,0,0,0,0,0,7,k,2,29,0,29,0,1,,,,,,,,,,,,,,,,,,,,,,,,,,,,,,,,,,,,,,,,,,,,,,,,,,,,,,,,,,,,,,,,,,,,,,,,,,,,,,,,,,,,,,,,,,,,,,,,,,,,,,,,,,,,,,,,
,,,,,,,,,,,,,,,,,,,,,,,,,,,,,,,,,,,,,,,,,,,,,,,,,,,,,,,,,,,,,,,,,,152771,001,2024-11-06_17h26.26.319,experiment,2023.2.3,Win32,48.07692308,66b8e2fd7ed9ec6e6bb94a9d,672b928d7ee8c8ad18e9ad28,672ba68864bf9bfe3e1ebc5c,,,,,,,,,,,,,,,,,,,,,,,,,,,,,,,,,,,,,,,,,,,,,,,,,,,,,,,,,,,,,,,,,,k,ressources/step1_stim5.png,ressources/step1_stim7.png,s,0.7026,ressources/step2_background2.png,ressources/step2_stim2.png,0.2535,1,6,2946,1,0,1,0,0,0,8,k,2,30,0,30,0,1,,,,1.9577,,,,,,,,,,,,,,,,,,,,,,,,,,,,,,,,,,,,,,,,,,,,,,,,,,,,,,,,,,,,,,,,,,,,,,,,,,,,,,,,,,,,,,,,,,,,,,,,,,,,,,,,,,,,
,,,,,,,,,,,,,,,,,,,,,,,,,,,,,,,,,,,,,,,,,,,,,,,,,,,,,,,,,,,,,,,,,,152771,001,2024-11-06_17h26.26.319,experiment,2023.2.3,Win32,48.07692308,66b8e2fd7ed9ec6e6bb94a9d,672b928d7ee8c8ad18e9ad28,672ba68864bf9bfe3e1ebc5c,,,,,,,,,,,,,,,,,,,,,,,,,,,,,,,,,,,,,,,,,,,,,,,,,,,,,,,,,,,,,,,,,,,ressources/step1_stim6.png,ressources/step1_stim1.png,k,0.9691,ressources/step2_background2.png,ressources/step2_stim2.png,0.219,5,40,2986,0,0,0,0,0,0,8,k,2,31,0,31,0,1,,,,,,,,,,,,,,,,,,,,,,,,,,,,,,,,,,,,,,,,,,,,,,,,,,,,,,,,,,,,,,,,,,,,,,,,,,,,,,,,,,,,,,,,,,,,,,,,,,,,,,,,,,,,,,,,
,,,,,,,,,,,,,,,,,,,,,,,,,,,,,,,,,,,,,,,,,,,,,,,,,,,,,,,,,,,,,,,,,,152771,001,2024-11-06_17h26.26.319,experiment,2023.2.3,Win32,48.07692308,66b8e2fd7ed9ec6e6bb94a9d,672b928d7ee8c8ad18e9ad28,672ba68864bf9bfe3e1ebc5c,,,,,,,,,,,,,,,,,,,,,,,,,,,,,,,,,,,,,,,,,,,,,,,,,,,,,,,,,,,,,,,,,,,ressources/step1_stim4.png,ressources/step1_stim3.png,k,0.7358,ressources/step2_background2.png,ressources/step2_stim2.png,0.2804,1,8,2994,0,0,0,0,0,0,8,k,2,32,0,32,0,1,,,,,,,,,,,,,,,,,,,,,,,,,,,,,,,,,,,,,,,,,,,,,,,,,,,,,,,,,,,,,,,,,,,,,,,,,,,,,,,,,,,,,,,,,,,,,,,,,,,,,,,,,,,,,,,,
,,,,,,,,,,,,,,,,,,,,,,,,,,,,,,,,,,,,,,,,,,,,,,,,,,,,,,,,,,,,,,,,,,152771,001,2024-11-06_17h26.26.319,experiment,2023.2.3,Win32,48.07692308,66b8e2fd7ed9ec6e6bb94a9d,672b928d7ee8c8ad18e9ad28,672ba68864bf9bfe3e1ebc5c,,,,,,,,,,,,,,,,,,,,,,,,,,,,,,,,,,,,,,,,,,,,,,,,,,,,,,,,,,,,,,,,,,,ressources/step1_stim5.png,ressources/step1_stim7.png,s,0.7925,ressources/step2_background2.png,ressources/step2_stim2.png,0.2158,5,40,3034,0,0,0,0,0,0,8,k,2,33,0,33,0,1,,,,,,,,,,,,,,,,,,,,,,,,,,,,,,,,,,,,,,,,,,,,,,,,,,,,,,,,,,,,,,,,,,,,,,,,,,,,,,,,,,,,,,,,,,,,,,,,,,,,,,,,,,,,,,,,
,,,,,,,,,,,,,,,,,,,,,,,,,,,,,,,,,,,,,,,,,,,,,,,,,,,,,,,,,,,,,,,,,,152771,001,2024-11-06_17h26.26.319,experiment,2023.2.3,Win32,48.07692308,66b8e2fd7ed9ec6e6bb94a9d,672b928d7ee8c8ad18e9ad28,672ba68864bf9bfe3e1ebc5c,,,,,,,,,,,,,,,,,,,,,,,,,,,,,,,,,,,,,,,,,,,,,,,,,,,,,,,,,,,,,,,,,,,ressources/step1_stim1.png,ressources/step1_stim6.png,s,0.569,ressources/step2_background2.png,ressources/step2_stim2.png,0.2372,1,7,3041,1,1,0,0,0,0,9,k,2,34,0,34,0,1,s,1.478,,,,,,,,,,,,,,,,,,,,,,,,,,,,,,,,,,,,,,,,,,,,,,,,,,,,,,,,,,,,,,,,,,,,,,,,,,,,,,,,,,,,,,,,,,,,,,,,,,,,,,,,,,,,,,
,,,,,,,,,,,,,,,,,,,,,,,,,,,,,,,,,,,,,,,,,,,,,,,,,,,,,,,,,,,,,,,,,,152771,001,2024-11-06_17h26.26.319,experiment,2023.2.3,Win32,48.07692308,66b8e2fd7ed9ec6e6bb94a9d,672b928d7ee8c8ad18e9ad28,672ba68864bf9bfe3e1ebc5c,,,,,,,,,,,,,,,,,,,,,,,,,,,,,,,,,,,,,,,,,,,,,,,,,,,,,,,,,,,,,,,,,,s,ressources/step1_stim2.png,ressources/step1_stim8.png,k,0.9368,ressources/step2_background1.png,ressources/step2_stim1.png,0.274,1,2,3043,1,0,1,0,0,0,10,s,2,35,0,35,0,1,,,,3.1384,,,,,,,,,,,,,,,,,,,,,,,,,,,,,,,,,,,,,,,,,,,,,,,,,,,,,,,,,,,,,,,,,,,,,,,,,,,,,,,,,,,,,,,,,,,,,,,,,,,,,,,,,,,,
,,,,,,,,,,,,,,,,,,,,,,,,,,,,,,,,,,,,,,,,,,,,,,,,,,,,,,,,,,,,,,,,,,152771,001,2024-11-06_17h26.26.319,experiment,2023.2.3,Win32,48.07692308,66b8e2fd7ed9ec6e6bb94a9d,672b928d7ee8c8ad18e9ad28,672ba68864bf9bfe3e1ebc5c,,,,,,,,,,,,,,,,,,,,,,,,,,,,,,,,,,,,,,,,,,,,,,,,,,,,,,,,,,,,,,,,,,,ressources/step1_stim2.png,ressources/step1_stim8.png,s,0.7596,ressources/step2_background2.png,ressources/step2_stim2.png,0.2201,5,35,3078,0,0,0,0,0,0,10,k,2,36,0,36,0,1,,,,,,,,,,,,,,,,,,,,,,,,,,,,,,,,,,,,,,,,,,,,,,,,,,,,,,,,,,,,,,,,,,,,,,,,,,,,,,,,,,,,,,,,,,,,,,,,,,,,,,,,,,,,,,,,
,,,,,,,,,,,,,,,,,,,,,,,,,,,,,,,,,,,,,,,,,,,,,,,,,,,,,,,,,,,,,,,,,,152771,001,2024-11-06_17h26.26.319,experiment,2023.2.3,Win32,48.07692308,66b8e2fd7ed9ec6e6bb94a9d,672b928d7ee8c8ad18e9ad28,672ba68864bf9bfe3e1ebc5c,,,,,,,,,,,,,,,,,,,,,,,,,,,,,,,,,,,,,,,,,,,,,,,,,,,,,,,,,,,,,,,,,,,ressources/step1_stim4.png,ressources/step1_stim3.png,k,0.7057,ressources/step2_background2.png,ressources/step2_stim2.png,0.2209,5,40,3118,0,0,0,0,0,0,10,k,2,37,0,37,0,1,,,,,,,,,,,,,,,,,,,,,,,,,,,,,,,,,,,,,,,,,,,,,,,,,,,,,,,,,,,,,,,,,,,,,,,,,,,,,,,,,,,,,,,,,,,,,,,,,,,,,,,,,,,,,,,,
,,,,,,,,,,,,,,,,,,,,,,,,,,,,,,,,,,,,,,,,,,,,,,,,,,,,,,,,,,,,,,,,,,152771,001,2024-11-06_17h26.26.319,experiment,2023.2.3,Win32,48.07692308,66b8e2fd7ed9ec6e6bb94a9d,672b928d7ee8c8ad18e9ad28,672ba68864bf9bfe3e1ebc5c,,,,,,,,,,,,,,,,,,,,,,,,,,,,,,,,,,,,,,,,,,,,,,,,,,,,,,,,,,,,,,,,,,,ressources/step1_stim7.png,ressources/step1_stim5.png,k,0.8924,ressources/step2_background2.png,ressources/step2_stim2.png,0.2468,1,8,3126,0,0,0,0,0,0,10,k,2,38,0,38,0,1,,,,,,,,,,,,,,,,,,,,,,,,,,,,,,,,,,,,,,,,,,,,,,,,,,,,,,,,,,,,,,,,,,,,,,,,,,,,,,,,,,,,,,,,,,,,,,,,,,,,,,,,,,,,,,,,
,,,,,,,,,,,,,,,,,,,,,,,,,,,,,,,,,,,,,,,,,,,,,,,,,,,,,,,,,,,,,,,,,,152771,001,2024-11-06_17h26.26.319,experiment,2023.2.3,Win32,48.07692308,66b8e2fd7ed9ec6e6bb94a9d,672b928d7ee8c8ad18e9ad28,672ba68864bf9bfe3e1ebc5c,,,,,,,,,,,,,,,,,,,,,,,,,,,,,,,,,,,,,,,,,,,,,,,,,,,,,,,,,,,,,,,,,,,ressources/step1_stim7.png,ressources/step1_stim5.png,k,0.7641,ressources/step2_background2.png,ressources/step2_stim2.png,0.2395,1,8,3134,0,0,0,0,0,0,10,k,2,39,0,39,0,1,,,,,,,,,,,,,,,,,,,,,,,,,,,,,,,,,,,,,,,,,,,,,,,,,,,,,,,,,,,,,,,,,,,,,,,,,,,,,,,,,,,,,,,,,,,,,,,,,,,,,,,,,,,,,,,,
,,,,,,,,,,,,,,,,,,,,,,,,,,,,,,,,,,,,,,,,,,,,,,,,,,,,,,,,,,,,,,,,,,152771,001,2024-11-06_17h26.26.319,experiment,2023.2.3,Win32,48.07692308,66b8e2fd7ed9ec6e6bb94a9d,672b928d7ee8c8ad18e9ad28,672ba68864bf9bfe3e1ebc5c,,,,,,,,,,,,,,,,,,,,,,,,,,,,,,,,,,,,,,,,,,,,,,,,,,,,,,,,,,,,,,,,,,,ressources/step1_stim7.png,ressources/step1_stim5.png,k,0.6371,ressources/step2_background2.png,ressources/step2_stim2.png,0.2526,5,35,3169,0,0,0,0,0,0,10,k,2,40,0,40,0,1,,,,,,,,,,,,,,,,,,,,,,,,,,,,,,,,,,,,,,,,,,,,,,,,,,,,,,,,,,,,,,,,,,,,,,,,,,,,,,,,,,,,,,,,,,,,,,,,,,,,,,,,,,,,,,,,
,,,,,,,,,,,,,,,,,,,,,,,,,,,,,,,,,,,,,,,,,,,,,,,,,,,,,,,,,,,,,,,,,,152771,001,2024-11-06_17h26.26.319,experiment,2023.2.3,Win32,48.07692308,66b8e2fd7ed9ec6e6bb94a9d,672b928d7ee8c8ad18e9ad28,672ba68864bf9bfe3e1ebc5c,,,,,,,,,,,,,,,,,,,,,,,,,,,,,,,,,,,,,,,,,,,,,,,,,,,,,,,,,,,,,,,,,,,ressources/step1_stim4.png,ressources/step1_stim3.png,k,0.7694,ressources/step2_background2.png,ressources/step2_stim2.png,0.1914,5,20,3189,0,0,0,0,0,0,10,k,2,41,0,41,0,1,,,,,,,,,,,,,,,,,,,,,,,,,,,,,,,,,,,,,,,,,,,,,,,,,,,,,,,,,,,,,,,,,,,,,,,,,,,,,,,,,,,,,,,,,,,,,,,,,,,,,,,,,,,,,,,,
,,,,,,,,,,,,,,,,,,,,,,,,,,,,,,,,,,,,,,,,,,,,,,,,,,,,,,,,,,,,,,,,,,152771,001,2024-11-06_17h26.26.319,experiment,2023.2.3,Win32,48.07692308,66b8e2fd7ed9ec6e6bb94a9d,672b928d7ee8c8ad18e9ad28,672ba68864bf9bfe3e1ebc5c,,,,,,,,,,,,,,,,,,,,,,,,,,,,,,,,,,,,,,,,,,,,,,,,,,,,,,,,,,,,,,,,,,,ressources/step1_stim3.png,ressources/step1_stim4.png,s,0.5392,ressources/step2_background2.png,ressources/step2_stim2.png,0.2363,5,5,3194,0,0,0,0,0,0,10,s,2,42,0,42,0,1,,,,,,,,,,,,,,,,,,,,,,,,,,,,,,,,,,,,,,,,,,,,,,,,,,,,,,,,,,,,,,,,,,,,,,,,,,,,,,,,,,,,,,,,,,,,,,,,,,,,,,,,,,,,,,,,
,,,,,,,,,,,,,,,,,,,,,,,,,,,,,,,,,,,,,,,,,,,,,,,,,,,,,,,,,,,,,,,,,,152771,001,2024-11-06_17h26.26.319,experiment,2023.2.3,Win32,48.07692308,66b8e2fd7ed9ec6e6bb94a9d,672b928d7ee8c8ad18e9ad28,672ba68864bf9bfe3e1ebc5c,,,,,,,,,,,,,,,,,,,,,,,,,,,,,,,,,,,,,,,,,,,,,,,,,,,,,,,,,,,,,,,,,,,ressources/step1_stim5.png,ressources/step1_stim7.png,s,0.6974,ressources/step2_background2.png,ressources/step2_stim2.png,0.2687,5,10,3204,0,0,0,0,0,0,10,k,2,43,0,43,0,1,,,,,,,,,,,,,,,,,,,,,,,,,,,,,,,,,,,,,,,,,,,,,,,,,,,,,,,,,,,,,,,,,,,,,,,,,,,,,,,,,,,,,,,,,,,,,,,,,,,,,,,,,,,,,,,,
,,,,,,,,,,,,,,,,,,,,,,,,,,,,,,,,,,,,,,,,,,,,,,,,,,,,,,,,,,,,,,,,,,152771,001,2024-11-06_17h26.26.319,experiment,2023.2.3,Win32,48.07692308,66b8e2fd7ed9ec6e6bb94a9d,672b928d7ee8c8ad18e9ad28,672ba68864bf9bfe3e1ebc5c,,,,,,,,,,,,,,,,,,,,,,,,,,,,,,,,,,,,,,,,,,,,,,,,,,,,,,,,,,,,,,,,,,,ressources/step1_stim6.png,ressources/step1_stim1.png,s,0.8306,ressources/step2_background1.png,ressources/step2_stim1.png,0.2855,1,5,3209,0,0,0,0,0,0,10,s,2,44,0,44,0,1,,,,,,,,,,,,,,,,,,,,,,,,,,,,,,,,,,,,,,,,,,,,,,,,,,,,,,,,,,,,,,,,,,,,,,,,,,,,,,,,,,,,,,,,,,,,,,,,,,,,,,,,,,,,,,,,
,,,,,,,,,,,,,,,,,,,,,,,,,,,,,,,,,,,,,,,,,,,,,,,,,,,,,,,,,,,,,,,,,,152771,001,2024-11-06_17h26.26.319,experiment,2023.2.3,Win32,48.07692308,66b8e2fd7ed9ec6e6bb94a9d,672b928d7ee8c8ad18e9ad28,672ba68864bf9bfe3e1ebc5c,,,,,,,,,,,,,,,,,,,,,,,,,,,,,,,,,,,,,,,,,,,,,,,,,,,,,,,,,,,,,,,,,,,ressources/step1_stim2.png,ressources/step1_stim8.png,k,1.3191,ressources/step2_background1.png,ressources/step2_stim1.png,0.3514,5,30,3239,0,0,0,0,0,0,10,k,2,45,0,45,0,1,,,,,,,,,,,,,,,,,,,,,,,,,,,,,,,,,,,,,,,,,,,,,,,,,,,,,,,,,,,,,,,,,,,,,,,,,,,,,,,,,,,,,,,,,,,,,,,,,,,,,,,,,,,,,,,,
,,,,,,,,,,,,,,,,,,,,,,,,,,,,,,,,,,,,,,,,,,,,,,,,,,,,,,,,,,,,,,,,,,152771,001,2024-11-06_17h26.26.319,experiment,2023.2.3,Win32,48.07692308,66b8e2fd7ed9ec6e6bb94a9d,672b928d7ee8c8ad18e9ad28,672ba68864bf9bfe3e1ebc5c,,,,,,,,,,,,,,,,,,,,,,,,,,,,,,,,,,,,,,,,,,,,,,,,,,,,,,,,,,,,,,,,,,,ressources/step1_stim6.png,ressources/step1_stim1.png,s,1.0002,ressources/step2_background1.png,ressources/step2_stim1.png,0.2895,1,7,3246,0,0,0,0,0,0,10,k,2,46,0,46,0,1,,,,,,,,,,,,,,,,,,,,,,,,,,,,,,,,,,,,,,,,,,,,,,,,,,,,,,,,,,,,,,,,,,,,,,,,,,,,,,,,,,,,,,,,,,,,,,,,,,,,,,,,,,,,,,,,
,,,,,,,,,,,,,,,,,,,,,,,,,,,,,,,,,,,,,,,,,,,,,,,,,,,,,,,,,,,,,,,,,,152771,001,2024-11-06_17h26.26.319,experiment,2023.2.3,Win32,48.07692308,66b8e2fd7ed9ec6e6bb94a9d,672b928d7ee8c8ad18e9ad28,672ba68864bf9bfe3e1ebc5c,,,,,,,,,,,,,,,,,,,,,,,,,,,,,,,,,,,,,,,,,,,,,,,,,,,,,,,,,,,,,,,,,,,ressources/step1_stim7.png,ressources/step1_stim5.png,s,0.8889,ressources/step2_background1.png,ressources/step2_stim1.png,0.289,5,35,3281,0,0,0,0,0,0,10,k,2,47,0,47,0,1,,,,,,,,,,,,,,,,,,,,,,,,,,,,,,,,,,,,,,,,,,,,,,,,,,,,,,,,,,,,,,,,,,,,,,,,,,,,,,,,,,,,,,,,,,,,,,,,,,,,,,,,,,,,,,,,
,,,,,,,,,,,,,,,,,,,,,,,,,,,,,,,,,,,,,,,,,,,,,,,,,,,,,,,,,,,,,,,,,,152771,001,2024-11-06_17h26.26.319,experiment,2023.2.3,Win32,48.07692308,66b8e2fd7ed9ec6e6bb94a9d,672b928d7ee8c8ad18e9ad28,672ba68864bf9bfe3e1ebc5c,,,,,,,,,,,,,,,,,,,,,,,,,,,,,,,,,,,,,,,,,,,,,,,,,,,,,,,,,,,,,,,,,,,ressources/step1_stim5.png,ressources/step1_stim7.png,k,0.7891,ressources/step2_background1.png,ressources/step2_stim1.png,0.2876,5,45,3326,0,0,0,0,0,0,10,k,2,48,0,48,0,1,,,,,,,,,,,,,,,,,,,,,,,,,,,,,,,,,,,,,,,,,,,,,,,,,,,,,,,,,,,,,,,,,,,,,,,,,,,,,,,,,,,,,,,,,,,,,,,,,,,,,,,,,,,,,,,,
,,,,,,,,,,,,,,,,,,,,,,,,,,,,,,,,,,,,,,,,,,,,,,,,,,,,,,,,,,,,,,,,,,152771,001,2024-11-06_17h26.26.319,experiment,2023.2.3,Win32,48.07692308,66b8e2fd7ed9ec6e6bb94a9d,672b928d7ee8c8ad18e9ad28,672ba68864bf9bfe3e1ebc5c,,,,,,,,,,,,,,,,,,,,,,,,,,,,,,,,,,,,,,,,,,,,,,,,,,,,,,,,,,,,,,,,,,,ressources/step1_stim6.png,ressources/step1_stim1.png,s,0.7688,ressources/step2_background1.png,ressources/step2_stim1.png,0.3016,5,20,3346,0,0,0,0,0,0,10,k,2,49,0,49,0,1,,,,,,,,,,,,,,,,,,,,,,,,,,,,,,,,,,,,,,,,,,,,,,,,,,,,,,,,,,,,,,,,,,,,,,,,,,,,,,,,,,,,,,,,,,,,,,,,,,,,,,,,,,,,,,,,
,,,,,,,,,,,,,,,,,,,,,,,,,,,,,,,,,,,,,,,,,,,,,,,,,,,,,,,,,,,,,,,,,,152771,001,2024-11-06_17h26.26.319,experiment,2023.2.3,Win32,48.07692308,66b8e2fd7ed9ec6e6bb94a9d,672b928d7ee8c8ad18e9ad28,672ba68864bf9bfe3e1ebc5c,,,,,,,,,,,,,,,,,,,,,,,,,,,,,,,,,,,,,,,,,,,,,,,,,,,,,,,,,,,,,,,,,,,ressources/step1_stim2.png,ressources/step1_stim8.png,k,1.0045,ressources/step2_background1.png,ressources/step2_stim1.png,0.2946,5,10,3356,0,0,0,0,0,0,10,k,2,50,0,50,0,1,,,,,,,,,,,,,,,,,,,,,,,,,,,,,,,,,,,,,,,,,,,,,,,,,,,,,,,,,,,,,,,,,,,,,,,,,,,,,,,,,,,,,,,,,,,,,,,,,,,,,,,,,,,,,,,,
,,,,,,,,,,,,,,,,,,,,,,,,,,,,,,,,,,,,,,,,,,,,,,,,,,,,,,,,,,,,,,,,,,152771,001,2024-11-06_17h26.26.319,experiment,2023.2.3,Win32,48.07692308,66b8e2fd7ed9ec6e6bb94a9d,672b928d7ee8c8ad18e9ad28,672ba68864bf9bfe3e1ebc5c,,,,,,,,,,,,,,,,,,,,,,,,,,,,,,,,,,,,,,,,,,,,,,,,,,,,,,,,,,,,,,,,,,,ressources/step1_stim8.png,ressources/step1_stim2.png,s,0.9967,ressources/step2_background1.png,ressources/step2_stim1.png,0.3023,1,4,3360,0,0,0,0,0,0,10,s,2,51,0,51,0,1,,,,,,,,,,,,,,,,,,,,,,,,,,,,,,,,,,,,,,,,,,,,,,,,,,,,,,,,,,,,,,,,,,,,,,,,,,,,,,,,,,,,,,,,,,,,,,,,,,,,,,,,,,,,,,,,
,,,,,,,,,,,,,,,,,,,,,,,,,,,,,,,,,,,,,,,,,,,,,,,,,,,,,,,,,,,,,,,,,,152771,001,2024-11-06_17h26.26.319,experiment,2023.2.3,Win32,48.07692308,66b8e2fd7ed9ec6e6bb94a9d,672b928d7ee8c8ad18e9ad28,672ba68864bf9bfe3e1ebc5c,,,,,,,,,,,,,,,,,,,,,,,,,,,,,,,,,,,,,,,,,,,,,,,,,,,,,,,,,,,,,,,,,,,ressources/step1_stim1.png,ressources/step1_stim6.png,k,0.733,ressources/step2_background1.png,ressources/step2_stim1.png,0.2757,5,15,3375,0,0,0,0,0,0,10,k,2,52,0,52,0,1,,,,,,,,,,,,,,,,,,,,,,,,,,,,,,,,,,,,,,,,,,,,,,,,,,,,,,,,,,,,,,,,,,,,,,,,,,,,,,,,,,,,,,,,,,,,,,,,,,,,,,,,,,,,,,,,
,,,,,,,,,,,,,,,,,,,,,,,,,,,,,,,,,,,,,,,,,,,,,,,,,,,,,,,,,,,,,,,,,,152771,001,2024-11-06_17h26.26.319,experiment,2023.2.3,Win32,48.07692308,66b8e2fd7ed9ec6e6bb94a9d,672b928d7ee8c8ad18e9ad28,672ba68864bf9bfe3e1ebc5c,,,,,,,,,,,,,,,,,,,,,,,,,,,,,,,,,,,,,,,,,,,,,,,,,,,,,,,,,,,,,,,,,,,ressources/step1_stim4.png,ressources/step1_stim3.png,s,0.9548,ressources/step2_background1.png,ressources/step2_stim1.png,0.2961,1,1,3376,0,0,0,0,0,0,10,s,2,53,0,53,0,1,,,,,,,,,,,,,,,,,,,,,,,,,,,,,,,,,,,,,,,,,,,,,,,,,,,,,,,,,,,,,,,,,,,,,,,,,,,,,,,,,,,,,,,,,,,,,,,,,,,,,,,,,,,,,,,,
,,,,,,,,,,,,,,,,,,,,,,,,,,,,,,,,,,,,,,,,,,,,,,,,,,,,,,,,,,,,,,,,,,152771,001,2024-11-06_17h26.26.319,experiment,2023.2.3,Win32,48.07692308,66b8e2fd7ed9ec6e6bb94a9d,672b928d7ee8c8ad18e9ad28,672ba68864bf9bfe3e1ebc5c,,,,,,,,,,,,,,,,,,,,,,,,,,,,,,,,,,,,,,,,,,,,,,,,,,,,,,,,,,,,,,,,,,,ressources/step1_stim5.png,ressources/step1_stim7.png,k,0.9905,ressources/step2_background1.png,ressources/step2_stim1.png,0.1955,1,0,3376,0,0,0,0,0,0,10,s,2,54,0,54,0,1,,,,,,,,,,,,,,,,,,,,,,,,,,,,,,,,,,,,,,,,,,,,,,,,,,,,,,,,,,,,,,,,,,,,,,,,,,,,,,,,,,,,,,,,,,,,,,,,,,,,,,,,,,,,,,,,
,,,,,,,,,,,,,,,,,,,,,,,,,,,,,,,,,,,,,,,,,,,,,,,,,,,,,,,,,,,,,,,,,,152771,001,2024-11-06_17h26.26.319,experiment,2023.2.3,Win32,48.07692308,66b8e2fd7ed9ec6e6bb94a9d,672b928d7ee8c8ad18e9ad28,672ba68864bf9bfe3e1ebc5c,,,,,,,,,,,,,,,,,,,,,,,,,,,,,,,,,,,,,,,,,,,,,,,,,,,,,,,,,,,,,,,,,,,ressources/step1_stim3.png,ressources/step1_stim4.png,s,0.9846,ressources/step2_background2.png,ressources/step2_stim2.png,0.2468,5,35,3411,0,0,0,0,0,0,10,k,2,55,0,55,0,1,,,,,,,,,,,,,,,,,,,,,,,,,,,,,,,,,,,,,,,,,,,,,,,,,,,,,,,,,,,,,,,,,,,,,,,,,,,,,,,,,,,,,,,,,,,,,,,,,,,,,,,,,,,,,,,,
,,,,,,,,,,,,,,,,,,,,,,,,,,,,,,,,,,,,,,,,,,,,,,,,,,,,,,,,,,,,,,,,,,152771,001,2024-11-06_17h26.26.319,experiment,2023.2.3,Win32,48.07692308,66b8e2fd7ed9ec6e6bb94a9d,672b928d7ee8c8ad18e9ad28,672ba68864bf9bfe3e1ebc5c,,,,,,,,,,,,,,,,,,,,,,,,,,,,,,,,,,,,,,,,,,,,,,,,,,,,,,,,,,,,,,,,,,,ressources/step1_stim3.png,ressources/step1_stim4.png,s,0.68,ressources/step2_background2.png,ressources/step2_stim2.png,0.2339,5,30,3441,0,0,0,0,0,0,10,k,2,56,0,56,0,1,,,,,,,,,,,,,,,,,,,,,,,,,,,,,,,,,,,,,,,,,,,,,,,,,,,,,,,,,,,,,,,,,,,,,,,,,,,,,,,,,,,,,,,,,,,,,,,,,,,,,,,,,,,,,,,,
,,,,,,,,,,,,,,,,,,,,,,,,,,,,,,,,,,,,,,,,,,,,,,,,,,,,,,,,,,,,,,,,,,152771,001,2024-11-06_17h26.26.319,experiment,2023.2.3,Win32,48.07692308,66b8e2fd7ed9ec6e6bb94a9d,672b928d7ee8c8ad18e9ad28,672ba68864bf9bfe3e1ebc5c,,,,,,,,,,,,,,,,,,,,,,,,,,,,,,,,,,,,,,,,,,,,,,,,,,,,,,,,,,,,,,,,,,,ressources/step1_stim8.png,ressources/step1_stim2.png,k,1.0913,ressources/step2_background2.png,ressources/step2_stim2.png,0.2518,5,30,3471,0,0,0,0,0,0,10,k,2,57,0,57,0,1,,,,,,,,,,,,,,,,,,,,,,,,,,,,,,,,,,,,,,,,,,,,,,,,,,,,,,,,,,,,,,,,,,,,,,,,,,,,,,,,,,,,,,,,,,,,,,,,,,,,,,,,,,,,,,,,
,,,,,,,,,,,,,,,,,,,,,,,,,,,,,,,,,,,,,,,,,,,,,,,,,,,,,,,,,,,,,,,,,,152771,001,2024-11-06_17h26.26.319,experiment,2023.2.3,Win32,48.07692308,66b8e2fd7ed9ec6e6bb94a9d,672b928d7ee8c8ad18e9ad28,672ba68864bf9bfe3e1ebc5c,,,,,,,,,,,,,,,,,,,,,,,,,,,,,,,,,,,,,,,,,,,,,,,,,,,,,,,,,,,,,,,,,,,ressources/step1_stim3.png,ressources/step1_stim4.png,k,1.1267,ressources/step2_background1.png,ressources/step2_stim1.png,0.2708,1,1,3472,0,0,0,0,0,0,10,s,2,58,0,58,0,1,,,,,,,,,,,,,,,,,,,,,,,,,,,,,,,,,,,,,,,,,,,,,,,,,,,,,,,,,,,,,,,,,,,,,,,,,,,,,,,,,,,,,,,,,,,,,,,,,,,,,,,,,,,,,,,,
,,,,,,,,,,,,,,,,,,,,,,,,,,,,,,,,,,,,,,,,,,,,,,,,,,,,,,,,,,,,,,,,,,152771,001,2024-11-06_17h26.26.319,experiment,2023.2.3,Win32,48.07692308,66b8e2fd7ed9ec6e6bb94a9d,672b928d7ee8c8ad18e9ad28,672ba68864bf9bfe3e1ebc5c,,,,,,,,,,,,,,,,,,,,,,,,,,,,,,,,,,,,,,,,,,,,,,,,,,,,,,,,,,,,,,,,,,,ressources/step1_stim1.png,ressources/step1_stim6.png,s,1.0022,ressources/step2_background2.png,ressources/step2_stim2.png,0.253,1,6,3478,0,0,0,0,0,0,10,k,2,59,0,59,0,1,,,,,,,,,,,,,,,,,,,,,,,,,,,,,,,,,,,,,,,,,,,,,,,,,,,,,,,,,,,,,,,,,,,,,,,,,,,,,,,,,,,,,,,,,,,,,,,,,,,,,,,,,,,,,,,,
,,,,,,,,,,,,,,,,,,,,,,,,,,,,,,,,,,,,,,,,,,,,,,,,,,,,,,,,,,,,,,,,,,152771,001,2024-11-06_17h26.26.319,experiment,2023.2.3,Win32,48.07692308,66b8e2fd7ed9ec6e6bb94a9d,672b928d7ee8c8ad18e9ad28,672ba68864bf9bfe3e1ebc5c,,,,,,,,,,,,,,,,,,,,,,,,,,,,,,,,,,,,,,,,,,,,,,,,,,,,,,,,,,,,,,,,,,,ressources/step1_stim4.png,ressources/step1_stim3.png,k,0.9192,ressources/step2_background2.png,ressources/step2_stim2.png,0.217,5,30,3508,0,0,0,0,0,0,10,k,2,60,0,60,0,1,,,,,,,,,,,,,,,,,,,,,,,,,,,,,,,,,,,,,,,,,,,,,,,,,,,,,,,,,,,,,,,,,,,,,,,,,,,,,,,,,,,,,,,,,,,,,,,,,,,,,,,,,,,,,,,,
,,,,,,,,,,,,,,,,,,,,,,,,,,,,,,,,,,,,,,,,,,,,,,,,,,,,,,,,,,,,,,,,,,152771,001,2024-11-06_17h26.26.319,experiment,2023.2.3,Win32,48.07692308,66b8e2fd7ed9ec6e6bb94a9d,672b928d7ee8c8ad18e9ad28,672ba68864bf9bfe3e1ebc5c,,,,,,,,,,,,,,,,,,,,,,,,,,,,,,,,,,,,,,,,,,,,,,,,,,,,,,,,,,,,,,,,,,,ressources/step1_stim3.png,ressources/step1_stim4.png,s,0.5723,ressources/step2_background2.png,ressources/step2_stim2.png,0.2053,5,15,3523,0,0,0,0,0,0,10,k,2,61,0,61,0,1,,,,,,,,,,,,,,,,,,,,,,,,,,,,,,,,,,,,,,,,,,,,,,,,,,,,,,,,,,,,,,,,,,,,,,,,,,,,,,,,,,,,,,,,,,,,,,,,,,,,,,,,,,,,,,,,
,,,,,,,,,,,,,,,,,,,,,,,,,,,,,,,,,,,,,,,,,,,,,,,,,,,,,,,,,,,,,,,,,,152771,001,2024-11-06_17h26.26.319,experiment,2023.2.3,Win32,48.07692308,66b8e2fd7ed9ec6e6bb94a9d,672b928d7ee8c8ad18e9ad28,672ba68864bf9bfe3e1ebc5c,,,,,,,,,,,,,,,,,,,,,,,,,,,,,,,,,,,,,,,,,,,,,,,,,,,,,,,,,,,,,,,,,,,ressources/step1_stim1.png,ressources/step1_stim6.png,s,0.8186,ressources/step2_background2.png,ressources/step2_stim2.png,0.2519,1,2,3525,0,0,0,0,0,0,10,s,2,62,0,62,0,1,,,,,,,,,,,,,,,,,,,,,,,,,,,,,,,,,,,,,,,,,,,,,,,,,,,,,,,,,,,,,,,,,,,,,,,,,,,,,,,,,,,,,,,,,,,,,,,,,,,,,,,,,,,,,,,,
,,,,,,,,,,,,,,,,,,,,,,,,,,,,,,,,,,,,,,,,,,,,,,,,,,,,,,,,,,,,,,,,,,152771,001,2024-11-06_17h26.26.319,experiment,2023.2.3,Win32,48.07692308,66b8e2fd7ed9ec6e6bb94a9d,672b928d7ee8c8ad18e9ad28,672ba68864bf9bfe3e1ebc5c,,,,,,,,,,,,,,,,,,,,,,,,,,,,,,,,,,,,,,,,,,,,,,,,,,,,,,,,,,,,,,,,,,,ressources/step1_stim4.png,ressources/step1_stim3.png,k,0.5225,ressources/step2_background2.png,ressources/step2_stim2.png,0.2798,5,20,3545,0,0,0,0,0,0,10,k,2,63,0,63,0,1,,,,,,,,,,,,,,,,,,,,,,,,,,,,,,,,,,,,,,,,,,,,,,,,,,,,,,,,,,,,,,,,,,,,,,,,,,,,,,,,,,,,,,,,,,,,,,,,,,,,,,,,,,,,,,,,
,,,,,,,,,,,,,,,,,,,,,,,,,,,,,,,,,,,,,,,,,,,,,,,,,,,,,,,,,,,,,,,,,,152771,001,2024-11-06_17h26.26.319,experiment,2023.2.3,Win32,48.07692308,66b8e2fd7ed9ec6e6bb94a9d,672b928d7ee8c8ad18e9ad28,672ba68864bf9bfe3e1ebc5c,,,,,,,,,,,,,,,,,,,,,,,,,,,,,,,,,,,,,,,,,,,,,,,,,,,,,,,,,,,,,,,,,,,ressources/step1_stim7.png,ressources/step1_stim5.png,s,0.9268,ressources/step2_background1.png,ressources/step2_stim1.png,0.2684,5,30,3575,0,0,0,0,0,0,10,k,2,64,0,64,0,1,,,,,,,,,,,,,,,,,,,,,,,,,,,,,,,,,,,,,,,,,,,,,,,,,,,,,,,,,,,,,,,,,,,,,,,,,,,,,,,,,,,,,,,,,,,,,,,,,,,,,,,,,,,,,,,,
,,,,,,,,,,,,,,,,,,,,,,,,,,,,,,,,,,,,,,,,,,,,,,,,,,,,,,,,,,,,,,,,,,152771,001,2024-11-06_17h26.26.319,experiment,2023.2.3,Win32,48.07692308,66b8e2fd7ed9ec6e6bb94a9d,672b928d7ee8c8ad18e9ad28,672ba68864bf9bfe3e1ebc5c,,,,,,,,,,,,,,,,,,,,,,,,,,,,,,,,,,,,,,,,,,,,,,,,,,,,,,,,,,,,,,,,,,,ressources/step1_stim4.png,ressources/step1_stim3.png,k,0.5501,ressources/step2_background2.png,ressources/step2_stim2.png,0.2636,5,35,3610,0,0,0,0,0,0,10,k,2,65,0,65,0,1,,,,,,,,,,,,,,,,,,,,,,,,,,,,,,,,,,,,,,,,,,,,,,,,,,,,,,,,,,,,,,,,,,,,,,,,,,,,,,,,,,,,,,,,,,,,,,,,,,,,,,,,,,,,,,,,
,,,,,,,,,,,,,,,,,,,,,,,,,,,,,,,,,,,,,,,,,,,,,,,,,,,,,,,,,,,,,,,,,,152771,001,2024-11-06_17h26.26.319,experiment,2023.2.3,Win32,48.07692308,66b8e2fd7ed9ec6e6bb94a9d,672b928d7ee8c8ad18e9ad28,672ba68864bf9bfe3e1ebc5c,,,,,,,,,,,,,,,,,,,,,,,,,,,,,,,,,,,,,,,,,,,,,,,,,,,,,,,,,,,,,,,,,,,ressources/step1_stim6.png,ressources/step1_stim1.png,s,0.8121,ressources/step2_background1.png,ressources/step2_stim1.png,0.2688,5,40,3650,0,0,0,0,0,0,10,k,2,66,0,66,0,1,,,,,,,,,,,,,,,,,,,,,,,,,,,,,,,,,,,,,,,,,,,,,,,,,,,,,,,,,,,,,,,,,,,,,,,,,,,,,,,,,,,,,,,,,,,,,,,,,,,,,,,,,,,,,,,,
,,,,,,,,,,,,,,,,,,,,,,,,,,,,,,,,,,,,,,,,,,,,,,,,,,,,,,,,,,,,,,,,,,152771,001,2024-11-06_17h26.26.319,experiment,2023.2.3,Win32,48.07692308,66b8e2fd7ed9ec6e6bb94a9d,672b928d7ee8c8ad18e9ad28,672ba68864bf9bfe3e1ebc5c,,,,,,,,,,,,,,,,,,,,,,,,,,,,,,,,,,,,,,,,,,,,,,,,,,,,,,,,,,,,,,,,,,,ressources/step1_stim2.png,ressources/step1_stim8.png,s,0.7204,ressources/step2_background2.png,ressources/step2_stim2.png,0.2422,1,6,3656,0,0,0,0,0,0,10,k,2,67,0,67,0,1,,,,,,,,,,,,,,,,,,,,,,,,,,,,,,,,,,,,,,,,,,,,,,,,,,,,,,,,,,,,,,,,,,,,,,,,,,,,,,,,,,,,,,,,,,,,,,,,,,,,,,,,,,,,,,,,
,,,,,,,,,,,,,,,,,,,,,,,,,,,,,,,,,,,,,,,,,,,,,,,,,,,,,,,,,,,,,,,,,,152771,001,2024-11-06_17h26.26.319,experiment,2023.2.3,Win32,48.07692308,66b8e2fd7ed9ec6e6bb94a9d,672b928d7ee8c8ad18e9ad28,672ba68864bf9bfe3e1ebc5c,,,,,,,,,,,,,,,,,,,,,,,,,,,,,,,,,,,,,,,,,,,,,,,,,,,,,,,,,,,,,,,,,,,ressources/step1_stim4.png,ressources/step1_stim3.png,k,0.7432,ressources/step2_background2.png,ressources/step2_stim2.png,0.2664,1,7,3663,0,0,0,0,0,0,10,k,2,68,0,68,0,1,,,,,,,,,,,,,,,,,,,,,,,,,,,,,,,,,,,,,,,,,,,,,,,,,,,,,,,,,,,,,,,,,,,,,,,,,,,,,,,,,,,,,,,,,,,,,,,,,,,,,,,,,,,,,,,,
,,,,,,,,,,,,,,,,,,,,,,,,,,,,,,,,,,,,,,,,,,,,,,,,,,,,,,,,,,,,,,,,,,152771,001,2024-11-06_17h26.26.319,experiment,2023.2.3,Win32,48.07692308,66b8e2fd7ed9ec6e6bb94a9d,672b928d7ee8c8ad18e9ad28,672ba68864bf9bfe3e1ebc5c,,,,,,,,,,,,,,,,,,,,,,,,,,,,,,,,,,,,,,,,,,,,,,,,,,,,,,,,,,,,,,,,,,,ressources/step1_stim2.png,ressources/step1_stim8.png,s,0.7051,ressources/step2_background2.png,ressources/step2_stim2.png,0.252,5,40,3703,0,0,0,0,0,0,10,k,2,69,0,69,0,1,,,,,,,,,,,,,,,,,,,,,,,,,,,,,,,,,,,,,,,,,,,,,,,,,,,,,,,,,,,,,,,,,,,,,,,,,,,,,,,,,,,,,,,,,,,,,,,,,,,,,,,,,,,,,,,,
,,,,,,,,,,,,,,,,,,,,,,,,,,,,,,,,,,,,,,,,,,,,,,,,,,,,,,,,,,,,,,,,,,152771,001,2024-11-06_17h26.26.319,experiment,2023.2.3,Win32,48.07692308,66b8e2fd7ed9ec6e6bb94a9d,672b928d7ee8c8ad18e9ad28,672ba68864bf9bfe3e1ebc5c,,,,,,,,,,,,,,,,,,,,,,,,,,,,,,,,,,,,,,,,,,,,,,,,,,,,,,,,,,,,,,,,,,,ressources/step1_stim2.png,ressources/step1_stim8.png,s,0.5683,ressources/step2_background2.png,ressources/step2_stim2.png,0.1786,1,7,3710,0,0,0,0,0,0,10,k,2,70,0,70,0,1,,,,,,,,,,,,,,,,,,,,,,,,,,,,,,,,,,,,,,,,,,,,,,,,,,,,,,,,,,,,,,,,,,,,,,,,,,,,,,,,,,,,,,,,,,,,,,,,,,,,,,,,,,,,,,,,
,,,,,,,,,,,,,,,,,,,,,,,,,,,,,,,,,,,,,,,,,,,,,,,,,,,,,,,,,,,,,,,,,,152771,001,2024-11-06_17h26.26.319,experiment,2023.2.3,Win32,48.07692308,66b8e2fd7ed9ec6e6bb94a9d,672b928d7ee8c8ad18e9ad28,672ba68864bf9bfe3e1ebc5c,,,,,,,,,,,,,,,,,,,,,,,,,,,,,,,,,,,,,,,,,,,,,,,,,,,,,,,,,,,,,,,,,,,ressources/step1_stim5.png,ressources/step1_stim7.png,s,0.9555,ressources/step2_background2.png,ressources/step2_stim2.png,0.2224,5,20,3730,0,0,0,0,0,0,10,k,2,71,0,71,0,1,,,,,,,,,,,,,,,,,,,,,,,,,,,,,,,,,,,,,,,,,,,,,,,,,,,,,,,,,,,,,,,,,,,,,,,,,,,,,,,,,,,,,,,,,,,,,,,,,,,,,,,,,,,,,,,,
,,,,,,,,,,,,,,,,,,,,,,,,,,,,,,,,,,,,,,,,,,,,,,,,,,,,,,,,,,,,,,,,,,152771,001,2024-11-06_17h26.26.319,experiment,2023.2.3,Win32,48.07692308,66b8e2fd7ed9ec6e6bb94a9d,672b928d7ee8c8ad18e9ad28,672ba68864bf9bfe3e1ebc5c,,,,,,,,,,,,,,,,,,,,,,,,,,,,,,,,,,,,,,,,,,,,,,,,,,,,,,,,,,,,,,,,,,,ressources/step1_stim8.png,ressources/step1_stim2.png,k,0.8406,ressources/step2_background2.png,ressources/step2_stim2.png,0.1525,1,6,3736,0,0,0,0,0,0,10,k,2,72,0,72,0,1,,,,,,,,,,,,,,,,,,,,,,,,,,,,,,,,,,,,,,,,,,,,,,,,,,,,,,,,,,,,,,,,,,,,,,,,,,,,,,,,,,,,,,,,,,,,,,,,,,,,,,,,,,,,,,,,
,,,,,,,,,,,,,,,,,,,,,,,,,,,,,,,,,,,,,,,,,,,,,,,,,,,,,,,,,,,,,,,,,,152771,001,2024-11-06_17h26.26.319,experiment,2023.2.3,Win32,48.07692308,66b8e2fd7ed9ec6e6bb94a9d,672b928d7ee8c8ad18e9ad28,672ba68864bf9bfe3e1ebc5c,,,,,,,,,,,,,,,,,,,,,,,,,,,,,,,,,,,,,,,,,,,,,,,,,,,,,,,,,,,,,,,,,,,ressources/step1_stim2.png,ressources/step1_stim8.png,s,0.9191,ressources/step2_background2.png,ressources/step2_stim2.png,0.2805,5,25,3761,0,0,0,0,0,0,10,k,2,73,0,73,0,1,,,,,,,,,,,,,,,,,,,,,,,,,,,,,,,,,,,,,,,,,,,,,,,,,,,,,,,,,,,,,,,,,,,,,,,,,,,,,,,,,,,,,,,,,,,,,,,,,,,,,,,,,,,,,,,,
,,,,,,,,,,,,,,,,,,,,,,,,,,,,,,,,,,,,,,,,,,,,,,,,,,,,,,,,,,,,,,,,,,152771,001,2024-11-06_17h26.26.319,experiment,2023.2.3,Win32,48.07692308,66b8e2fd7ed9ec6e6bb94a9d,672b928d7ee8c8ad18e9ad28,672ba68864bf9bfe3e1ebc5c,,,,,,,,,,,,,,,,,,,,,,,,,,,,,,,,,,,,,,,,,,,,,,,,,,,,,,,,,,,,,,,,,,,ressources/step1_stim3.png,ressources/step1_stim4.png,s,0.6678,ressources/step2_background2.png,ressources/step2_stim2.png,0.2314,1,4,3765,0,0,0,0,0,0,10,s,2,74,0,74,0,1,,,,,,,,,,,,,,,,,,,,,,,,,,,,,,,,,,,,,,,,,,,,,,,,,,,,,,,,,,,,,,,,,,,,,,,,,,,,,,,,,,,,,,,,,,,,,,,,,,,,,,,,,,,,,,,,
,,,,,,,,,,,,,,,,,,,,,,,,,,,,,,,,,,,,,,,,,,,,,,,,,,,,,,,,,,,,,,,,,,152771,001,2024-11-06_17h26.26.319,experiment,2023.2.3,Win32,48.07692308,66b8e2fd7ed9ec6e6bb94a9d,672b928d7ee8c8ad18e9ad28,672ba68864bf9bfe3e1ebc5c,,,,,,,,,,,,,,,,,,,,,,,,,,,,,,,,,,,,,,,,,,,,,,,,,,,,,,,,,,,,,,,,,,,ressources/step1_stim8.png,ressources/step1_stim2.png,k,0.882,ressources/step2_background2.png,ressources/step2_stim2.png,0.2847,5,20,3785,0,0,0,0,0,0,10,k,2,75,0,75,0,1,,,,,,,,,,,,,,,,,,,,,,,,,,,,,,,,,,,,,,,,,,,,,,,,,,,,,,,,,,,,,,,,,,,,,,,,,,,,,,,,,,,,,,,,,,,,,,,,,,,,,,,,,,,,,,,,
,,,,,,,,,,,,,,,,,,,,,,,,,,,,,,,,,,,,,,,,,,,,,,,,,,,,,,,,,,,,,,,,,,152771,001,2024-11-06_17h26.26.319,experiment,2023.2.3,Win32,48.07692308,66b8e2fd7ed9ec6e6bb94a9d,672b928d7ee8c8ad18e9ad28,672ba68864bf9bfe3e1ebc5c,,,,,,,,,,,,,,,,,,,,,,,,,,,,,,,,,,,,,,,,,,,,,,,,,,,,,,,,,,,,,,,,,,,ressources/step1_stim4.png,ressources/step1_stim3.png,s,0.9899,ressources/step2_background1.png,ressources/step2_stim1.png,0.2877,1,2,3787,0,0,0,0,0,0,10,s,2,76,0,76,0,1,,,,,,,,,,,,,,,,,,,,,,,,,,,,,,,,,,,,,,,,,,,,,,,,,,,,,,,,,,,,,,,,,,,,,,,,,,,,,,,,,,,,,,,,,,,,,,,,,,,,,,,,,,,,,,,,
,,,,,,,,,,,,,,,,,,,,,,,,,,,,,,,,,,,,,,,,,,,,,,,,,,,,,,,,,,,,,,,,,,152771,001,2024-11-06_17h26.26.319,experiment,2023.2.3,Win32,48.07692308,66b8e2fd7ed9ec6e6bb94a9d,672b928d7ee8c8ad18e9ad28,672ba68864bf9bfe3e1ebc5c,,,,,,,,,,,,,,,,,,,,,,,,,,,,,,,,,,,,,,,,,,,,,,,,,,,,,,,,,,,,,,,,,,,ressources/step1_stim6.png,ressources/step1_stim1.png,s,0.867,ressources/step2_background1.png,ressources/step2_stim1.png,0.2742,1,0,3787,0,0,0,0,0,0,10,s,2,77,0,77,0,1,,,,,,,,,,,,,,,,,,,,,,,,,,,,,,,,,,,,,,,,,,,,,,,,,,,,,,,,,,,,,,,,,,,,,,,,,,,,,,,,,,,,,,,,,,,,,,,,,,,,,,,,,,,,,,,,
,,,,,,,,,,,,,,,,,,,,,,,,,,,,,,,,,,,,,,,,,,,,,,,,,,,,,,,,,,,,,,,,,,152771,001,2024-11-06_17h26.26.319,experiment,2023.2.3,Win32,48.07692308,66b8e2fd7ed9ec6e6bb94a9d,672b928d7ee8c8ad18e9ad28,672ba68864bf9bfe3e1ebc5c,,,,,,,,,,,,,,,,,,,,,,,,,,,,,,,,,,,,,,,,,,,,,,,,,,,,,,,,,,,,,,,,,,,ressources/step1_stim3.png,ressources/step1_stim4.png,k,0.7196,ressources/step2_background1.png,ressources/step2_stim1.png,0.2905,5,5,3792,0,0,0,0,0,0,10,s,2,78,0,78,0,1,,,,,,,,,,,,,,,,,,,,,,,,,,,,,,,,,,,,,,,,,,,,,,,,,,,,,,,,,,,,,,,,,,,,,,,,,,,,,,,,,,,,,,,,,,,,,,,,,,,,,,,,,,,,,,,,
,,,,,,,,,,,,,,,,,,,,,,,,,,,,,,,,,,,,,,,,,,,,,,,,,,,,,,,,,,,,,,,,,,152771,001,2024-11-06_17h26.26.319,experiment,2023.2.3,Win32,48.07692308,66b8e2fd7ed9ec6e6bb94a9d,672b928d7ee8c8ad18e9ad28,672ba68864bf9bfe3e1ebc5c,,,,,,,,,,,,,,,,,,,,,,,,,,,,,,,,,,,,,,,,,,,,,,,,,,,,,,,,,,,,,,,,,,,ressources/step1_stim8.png,ressources/step1_stim2.png,k,0.6933,ressources/step2_background2.png,ressources/step2_stim2.png,0.2686,1,3,3795,0,0,0,0,0,0,10,s,2,79,0,79,0,1,,,,,,,,,,,,,,,,,,,,,,,,,,,,,,,,,,,,,,,,,,,,,,,,,,,,,,,,,,,,,,,,,,,,,,,,,,,,,,,,,,,,,,,,,,,,,,,,,,,,,,,,,,,,,,,,
,,,,,,,,,,,,,,,,,,,,,,,,,,,,,,,,,,,,,,,,,,,,,,,,,,,,,,,,,,,,,,,,,,152771,001,2024-11-06_17h26.26.319,experiment,2023.2.3,Win32,48.07692308,66b8e2fd7ed9ec6e6bb94a9d,672b928d7ee8c8ad18e9ad28,672ba68864bf9bfe3e1ebc5c,,,,,,,,,,,,,,,,,,,,,,,,,,,,,,,,,,,,,,,,,,,5,,,,,,,,,,,,,2,,,,,,,,,,,,,,,,,,,,,,,,,,,,,,,,,,,,,,,,space,38.829,,space,15.2984,,k,1.1017,,space,0.6111,,2,pink_gnome,2,9,dark_forest,red_basket,blue_gnome,2,4,bright_forest,yellow_basket,20,0,0,1,blue_gnome,bright_forest,yellow_basket,20,0,2,0,0,0,5,1,,,,,,,,,,,,,,,,,,,,,,,,,,,,,,,,,,,,,,,,,,,,,,,,,,,,,,,,,,,,,,,,,,,,,
,,,,,,,,,,,,,,,,,,,,,,,,,,,,,,,,,,,,,,,,,,,,,,,,,,,,,,,,,,,,,,,,,,152771,001,2024-11-06_17h26.26.319,experiment,2023.2.3,Win32,48.07692308,66b8e2fd7ed9ec6e6bb94a9d,672b928d7ee8c8ad18e9ad28,672ba68864bf9bfe3e1ebc5c,,,,,,,,,,,,,,,,,,,,,,,,,,,,,,,,,,,,,,,,,,,1,,,,,,,,,,,,,1,,,,,,,,,,,,,,,,,,,,,,,,,,,,,,,,,,,,,,,,,,,,,,s,0.4596,,space,0.8256,,1,yellow_gnome,1,4,bright_forest,yellow_basket,green_gnome,1,7,dark_forest,red_basket,4,0,0,1,yellow_gnome,bright_forest,yellow_basket,24,0,0,0,1,1,0,1,,,,,,,,,,,,,,,,,,,,,,,,,,,,,,,,,,,,,,,,,,,,,,,,,,,,,,,,,,,,,,,,,,,,,
,,,,,,,,,,,,,,,,,,,,,,,,,,,,,,,,,,,,,,,,,,,,,,,,,,,,,,,,,,,,,,,,,,152771,001,2024-11-06_17h26.26.319,experiment,2023.2.3,Win32,48.07692308,66b8e2fd7ed9ec6e6bb94a9d,672b928d7ee8c8ad18e9ad28,672ba68864bf9bfe3e1ebc5c,,,,,,,,,,,,,,,,,,,,,,,,,,,,,,,,,,,,,,,,,,,5,,,,,,,,,,,,,1,,,,,,,,,,,,,,,,,,,,,,,,,,,,,,,,,,,,,,,,,,,,,,k,0.5892,,space,0.4423,,1,green_gnome,1,7,dark_forest,red_basket,yellow_gnome,1,4,bright_forest,yellow_basket,20,0,0,1,yellow_gnome,bright_forest,yellow_basket,44,1,-2,0,2,2,4,1,,,,,,,,,,,,,,,,,,,,,,,,,,,,,,,,,,,,,,,,,,,,,,,,,,,,,,,,,,,,,,,,,,,,,
,,,,,,,,,,,,,,,,,,,,,,,,,,,,,,,,,,,,,,,,,,,,,,,,,,,,,,,,,,,,,,,,,,152771,001,2024-11-06_17h26.26.319,experiment,2023.2.3,Win32,48.07692308,66b8e2fd7ed9ec6e6bb94a9d,672b928d7ee8c8ad18e9ad28,672ba68864bf9bfe3e1ebc5c,,,,,,,,,,,,,,,,,,,,,,,,,,,,,,,,,,,,,,,,,,,5,,,,,,,,,,,,,2,,,,,,,,,,,,,,,,,,,,,,,,,,,,,,,,,,,,,,,,,,,,,,k,0.6801,,space,0.3903,,2,blue_gnome,2,5,bright_forest,yellow_basket,pink_gnome,2,5,dark_forest,red_basket,25,0,0,1,pink_gnome,dark_forest,red_basket,69,-1,0,0,3,3,5,1,,,,,,,,,,,,,,,,,,,,,,,,,,,,,,,,,,,,,,,,,,,,,,,,,,,,,,,,,,,,,,,,,,,,,
,,,,,,,,,,,,,,,,,,,,,,,,,,,,,,,,,,,,,,,,,,,,,,,,,,,,,,,,,,,,,,,,,,152771,001,2024-11-06_17h26.26.319,experiment,2023.2.3,Win32,48.07692308,66b8e2fd7ed9ec6e6bb94a9d,672b928d7ee8c8ad18e9ad28,672ba68864bf9bfe3e1ebc5c,,,,,,,,,,,,,,,,,,,,,,,,,,,,,,,,,,,,,,,,,,,1,,,,,,,,,,,,,4,,,,,,,,,,,,,,,,,,,,,,,,,,,,,,,,,,,,,,,,,,,,,,s,0.3378,,space,0.7961,,4,purple_gnome,4,5,dark_forest,red_basket,orange_gnome,4,4,bright_forest,yellow_basket,5,0,0,1,purple_gnome,dark_forest,red_basket,74,-1,0,0,4,4,3,1,,,,,,,,,,,,,,,,,,,,,,,,,,,,,,,,,,,,,,,,,,,,,,,,,,,,,,,,,,,,,,,,,,,,,
,,,,,,,,,,,,,,,,,,,,,,,,,,,,,,,,,,,,,,,,,,,,,,,,,,,,,,,,,,,,,,,,,,152771,001,2024-11-06_17h26.26.319,experiment,2023.2.3,Win32,48.07692308,66b8e2fd7ed9ec6e6bb94a9d,672b928d7ee8c8ad18e9ad28,672ba68864bf9bfe3e1ebc5c,,,,,,,,,,,,,,,,,,,,,,,,,,,,,,,,,,,,,,,,,,,1,,,,,,,,,,,,,2,,,,,,,,,,,,,,,,,,,,,,,,,,,,,,,,,,,,,,,,,,,,,,s,0.4419,,space,0.3115,,2,blue_gnome,2,3,bright_forest,yellow_basket,pink_gnome,2,5,dark_forest,red_basket,3,0,0,1,blue_gnome,bright_forest,yellow_basket,77,-1,0,0,5,5,1,1,,,,,,,,,,,,,,,,,,,,,,,,,,,,,,,,,,,,,,,,,,,,,,,,,,,,,,,,,,,,,,,,,,,,,
,,,,,,,,,,,,,,,,,,,,,,,,,,,,,,,,,,,,,,,,,,,,,,,,,,,,,,,,,,,,,,,,,,152771,001,2024-11-06_17h26.26.319,experiment,2023.2.3,Win32,48.07692308,66b8e2fd7ed9ec6e6bb94a9d,672b928d7ee8c8ad18e9ad28,672ba68864bf9bfe3e1ebc5c,,,,,,,,,,,,,,,,,,,,,,,,,,,,,,,,,,,,,,,,,,,1,,,,,,,,,,,,,3,,,,,,,,,,,,,,,,,,,,,,,,,,,,,,,,,,,,,,,,,,,,,,k,0.3754,,space,0.5126,,3,brown_gnome,3,5,dark_forest,red_basket,red_gnome,3,2,bright_forest,yellow_basket,2,0,0,1,red_gnome,bright_forest,yellow_basket,79,-2,2,0,6,6,2,1,,,,,,,,,,,,,,,,,,,,,,,,,,,,,,,,,,,,,,,,,,,,,,,,,,,,,,,,,,,,,,,,,,,,,
,,,,,,,,,,,,,,,,,,,,,,,,,,,,,,,,,,,,,,,,,,,,,,,,,,,,,,,,,,,,,,,,,,152771,001,2024-11-06_17h26.26.319,experiment,2023.2.3,Win32,48.07692308,66b8e2fd7ed9ec6e6bb94a9d,672b928d7ee8c8ad18e9ad28,672ba68864bf9bfe3e1ebc5c,,,,,,,,,,,,,,,,,,,,,,,,,,,,,,,,,,,,,,,,,,,1,,,,,,,,,,,,,3,,,,,,,,,,,,,,,,,,,,,,,,,,,,,,,,,,,,,,,,,,,,,,s,0.3763,,space,0.4125,,3,red_gnome,3,0,bright_forest,yellow_basket,brown_gnome,3,7,dark_forest,red_basket,0,0,0,1,red_gnome,bright_forest,yellow_basket,79,0,-2,0,7,7,2,1,,,,,,,,,,,,,,,,,,,,,,,,,,,,,,,,,,,,,,,,,,,,,,,,,,,,,,,,,,,,,,,,,,,,,
,,,,,,,,,,,,,,,,,,,,,,,,,,,,,,,,,,,,,,,,,,,,,,,,,,,,,,,,,,,,,,,,,,152771,001,2024-11-06_17h26.26.319,experiment,2023.2.3,Win32,48.07692308,66b8e2fd7ed9ec6e6bb94a9d,672b928d7ee8c8ad18e9ad28,672ba68864bf9bfe3e1ebc5c,,,,,,,,,,,,,,,,,,,,,,,,,,,,,,,,,,,,,,,,,,,5,,,,,,,,,,,,,2,,,,,,,,,,,,,,,,,,,,,,,,,,,,,,,,,,,,,,,,,,,,,,k,0.4358,,space,0.557,,2,blue_gnome,2,0,bright_forest,yellow_basket,pink_gnome,2,5,dark_forest,red_basket,25,0,0,1,pink_gnome,dark_forest,red_basket,104,4,0,1,0,8,5,1,,,,,,,,,,,,,,,,,,,,,,,,,,,,,,,,,,,,,,,,,,,,,,,,,,,,,,,,,,,,,,,,,,,,,
,,,,,,,,,,,,,,,,,,,,,,,,,,,,,,,,,,,,,,,,,,,,,,,,,,,,,,,,,,,,,,,,,,152771,001,2024-11-06_17h26.26.319,experiment,2023.2.3,Win32,48.07692308,66b8e2fd7ed9ec6e6bb94a9d,672b928d7ee8c8ad18e9ad28,672ba68864bf9bfe3e1ebc5c,,,,,,,,,,,,,,,,,,,,,,,,,,,,,,,,,,,,,,,,,,,5,,,,,,,,,,,,,4,,,,,,,,,,,,,,,,,,,,,,,,,,,,,,,,,,,,,,,,,,,,,,k,0.3363,,space,0.3929,,4,purple_gnome,4,5,dark_forest,red_basket,orange_gnome,4,4,bright_forest,yellow_basket,20,0,0,1,orange_gnome,bright_forest,yellow_basket,124,1,4,1,1,9,7,1,,,,,,,,,,,,,,,,,,,,,,,,,,,,,,,,,,,,,,,,,,,,,,,,,,,,,,,,,,,,,,,,,,,,,
,,,,,,,,,,,,,,,,,,,,,,,,,,,,,,,,,,,,,,,,,,,,,,,,,,,,,,,,,,,,,,,,,,152771,001,2024-11-06_17h26.26.319,experiment,2023.2.3,Win32,48.07692308,66b8e2fd7ed9ec6e6bb94a9d,672b928d7ee8c8ad18e9ad28,672ba68864bf9bfe3e1ebc5c,,,,,,,,,,,,,,,,,,,,,,,,,,,,,,,,,,,,,,,,,,,5,,,,,,,,,,,,,2,,,,,,,,,,,,,,,,,,,,,,,,,,,,,,,,,,,,,,,,,,,,,,k,0.3098,,space,0.5582,,2,blue_gnome,2,5,bright_forest,yellow_basket,pink_gnome,2,9,dark_forest,red_basket,45,0,0,1,pink_gnome,dark_forest,red_basket,169,1,0,1,2,10,5,1,,,,,,,,,,,,,,,,,,,,,,,,,,,,,,,,,,,,,,,,,,,,,,,,,,,,,,,,,,,,,,,,,,,,,
,,,,,,,,,,,,,,,,,,,,,,,,,,,,,,,,,,,,,,,,,,,,,,,,,,,,,,,,,,,,,,,,,,152771,001,2024-11-06_17h26.26.319,experiment,2023.2.3,Win32,48.07692308,66b8e2fd7ed9ec6e6bb94a9d,672b928d7ee8c8ad18e9ad28,672ba68864bf9bfe3e1ebc5c,,,,,,,,,,,,,,,,,,,,,,,,,,,,,,,,,,,,,,,,,,,5,,,,,,,,,,,,,3,,,,,,,,,,,,,,,,,,,,,,,,,,,,,,,,,,,,,,,,,,,,,,k,0.3595,,space,0.5923,,3,brown_gnome,3,9,dark_forest,red_basket,red_gnome,3,6,bright_forest,yellow_basket,30,0,0,1,red_gnome,bright_forest,yellow_basket,199,2,-1,1,3,11,6,1,,,,,,,,,,,,,,,,,,,,,,,,,,,,,,,,,,,,,,,,,,,,,,,,,,,,,,,,,,,,,,,,,,,,,
,,,,,,,,,,,,,,,,,,,,,,,,,,,,,,,,,,,,,,,,,,,,,,,,,,,,,,,,,,,,,,,,,,152771,001,2024-11-06_17h26.26.319,experiment,2023.2.3,Win32,48.07692308,66b8e2fd7ed9ec6e6bb94a9d,672b928d7ee8c8ad18e9ad28,672ba68864bf9bfe3e1ebc5c,,,,,,,,,,,,,,,,,,,,,,,,,,,,,,,,,,,,,,,,,,,1,,,,,,,,,,,,,4,,,,,,,,,,,,,,,,,,,,,,,,,,,,,,,,,,,,,,,,,,,,,,s,0.3014,,space,0.7085,,4,orange_gnome,4,8,bright_forest,yellow_basket,purple_gnome,4,8,dark_forest,red_basket,8,0,0,1,orange_gnome,bright_forest,yellow_basket,207,2,-3,1,4,12,3,1,,,,,,,,,,,,,,,,,,,,,,,,,,,,,,,,,,,,,,,,,,,,,,,,,,,,,,,,,,,,,,,,,,,,,
,,,,,,,,,,,,,,,,,,,,,,,,,,,,,,,,,,,,,,,,,,,,,,,,,,,,,,,,,,,,,,,,,,152771,001,2024-11-06_17h26.26.319,experiment,2023.2.3,Win32,48.07692308,66b8e2fd7ed9ec6e6bb94a9d,672b928d7ee8c8ad18e9ad28,672ba68864bf9bfe3e1ebc5c,,,,,,,,,,,,,,,,,,,,,,,,,,,,,,,,,,,,,,,,,,,5,,,,,,,,,,,,,1,,,,,,,,,,,,,,,,,,,,,,,,,,,,,,,,,,,,,,,,,,,,,,k,0.3097,,space,0.7497,,1,yellow_gnome,1,8,bright_forest,yellow_basket,green_gnome,1,5,dark_forest,red_basket,25,0,0,1,green_gnome,dark_forest,red_basket,232,0,-1,1,5,13,4,1,,,,,,,,,,,,,,,,,,,,,,,,,,,,,,,,,,,,,,,,,,,,,,,,,,,,,,,,,,,,,,,,,,,,,
,,,,,,,,,,,,,,,,,,,,,,,,,,,,,,,,,,,,,,,,,,,,,,,,,,,,,,,,,,,,,,,,,,152771,001,2024-11-06_17h26.26.319,experiment,2023.2.3,Win32,48.07692308,66b8e2fd7ed9ec6e6bb94a9d,672b928d7ee8c8ad18e9ad28,672ba68864bf9bfe3e1ebc5c,,,,,,,,,,,,,,,,,,,,,,,,,,,,,,,,,,,,,,,,,,,5,,,,,,,,,,,,,3,,,,,,,,,,,,,,,,,,,,,,,,,,,,,,,,,,,,,,,,,,,,,,k,0.3681,,space,0.5758,,3,brown_gnome,3,4,dark_forest,red_basket,red_gnome,3,8,bright_forest,yellow_basket,40,0,0,1,red_gnome,bright_forest,yellow_basket,272,2,-1,1,6,14,6,1,,,,,,,,,,,,,,,,,,,,,,,,,,,,,,,,,,,,,,,,,,,,,,,,,,,,,,,,,,,,,,,,,,,,,
,,,,,,,,,,,,,,,,,,,,,,,,,,,,,,,,,,,,,,,,,,,,,,,,,,,,,,,,,,,,,,,,,,152771,001,2024-11-06_17h26.26.319,experiment,2023.2.3,Win32,48.07692308,66b8e2fd7ed9ec6e6bb94a9d,672b928d7ee8c8ad18e9ad28,672ba68864bf9bfe3e1ebc5c,,,,,,,,,,,,,,,,,,,,,,,,,,,,,,,,,,,,,,,,,,,5,,,,,,,,,,,,,1,,,,,,,,,,,,,,,,,,,,,,,,,,,,,,,,,,,,,,,,,,,,,,k,0.3755,,space,0.2934,,1,green_gnome,1,3,dark_forest,red_basket,yellow_gnome,1,8,bright_forest,yellow_basket,40,0,0,1,yellow_gnome,bright_forest,yellow_basket,312,-1,0,1,7,15,4,1,,,,,,,,,,,,,,,,,,,,,,,,,,,,,,,,,,,,,,,,,,,,,,,,,,,,,,,,,,,,,,,,,,,,,
,,,,,,,,,,,,,,,,,,,,,,,,,,,,,,,,,,,,,,,,,,,,,,,,,,,,,,,,,,,,,,,,,,152771,001,2024-11-06_17h26.26.319,experiment,2023.2.3,Win32,48.07692308,66b8e2fd7ed9ec6e6bb94a9d,672b928d7ee8c8ad18e9ad28,672ba68864bf9bfe3e1ebc5c,,,,,,,,,,,,,,,,,,,,,,,,,,,,,,,,,,,,,,,,,,,1,,,,,,,,,,,,,1,,,,,,,,,,,,,,,,,,,,,,,,,,,,,,,,,,,,,,,,,,,,,,s,0.4427,,space,0.5166,,1,green_gnome,1,3,dark_forest,red_basket,yellow_gnome,1,7,bright_forest,yellow_basket,3,0,0,1,green_gnome,dark_forest,red_basket,315,-2,1,2,0,16,0,1,,,,,,,,,,,,,,,,,,,,,,,,,,,,,,,,,,,,,,,,,,,,,,,,,,,,,,,,,,,,,,,,,,,,,
,,,,,,,,,,,,,,,,,,,,,,,,,,,,,,,,,,,,,,,,,,,,,,,,,,,,,,,,,,,,,,,,,,152771,001,2024-11-06_17h26.26.319,experiment,2023.2.3,Win32,48.07692308,66b8e2fd7ed9ec6e6bb94a9d,672b928d7ee8c8ad18e9ad28,672ba68864bf9bfe3e1ebc5c,,,,,,,,,,,,,,,,,,,,,,,,,,,,,,,,,,,,,,,,,,,5,,,,,,,,,,,,,3,,,,,,,,,,,,,,,,,,,,,,,,,,,,,,,,,,,,,,,,,,,,,,k,0.3587,,space,0.3431,,3,brown_gnome,3,4,dark_forest,red_basket,red_gnome,3,5,bright_forest,yellow_basket,25,0,0,1,red_gnome,bright_forest,yellow_basket,340,3,0,2,1,17,6,1,,,,,,,,,,,,,,,,,,,,,,,,,,,,,,,,,,,,,,,,,,,,,,,,,,,,,,,,,,,,,,,,,,,,,
,,,,,,,,,,,,,,,,,,,,,,,,,,,,,,,,,,,,,,,,,,,,,,,,,,,,,,,,,,,,,,,,,,152771,001,2024-11-06_17h26.26.319,experiment,2023.2.3,Win32,48.07692308,66b8e2fd7ed9ec6e6bb94a9d,672b928d7ee8c8ad18e9ad28,672ba68864bf9bfe3e1ebc5c,,,,,,,,,,,,,,,,,,,,,,,,,,,,,,,,,,,,,,,,,,,5,,,,,,,,,,,,,4,,,,,,,,,,,,,,,,,,,,,,,,,,,,,,,,,,,,,,,,,,,,,,s,0.3929,,space,0.3252,,4,purple_gnome,4,4,dark_forest,red_basket,orange_gnome,4,8,bright_forest,yellow_basket,20,0,0,1,purple_gnome,dark_forest,red_basket,360,2,1,2,2,18,7,1,,,,,,,,,,,,,,,,,,,,,,,,,,,,,,,,,,,,,,,,,,,,,,,,,,,,,,,,,,,,,,,,,,,,,
,,,,,,,,,,,,,,,,,,,,,,,,,,,,,,,,,,,,,,,,,,,,,,,,,,,,,,,,,,,,,,,,,,152771,001,2024-11-06_17h26.26.319,experiment,2023.2.3,Win32,48.07692308,66b8e2fd7ed9ec6e6bb94a9d,672b928d7ee8c8ad18e9ad28,672ba68864bf9bfe3e1ebc5c,,,,,,,,,,,,,,,,,,,,,,,,,,,,,,,,,,,,,,,,,,,5,,,,,,,,,,,,,4,,,,,,,,,,,,,,,,,,,,,,,,,,,,,,,,,,,,,,,,,,,,,,k,0.3987,,space,0.3466,,4,orange_gnome,4,8,bright_forest,yellow_basket,purple_gnome,4,5,dark_forest,red_basket,25,0,0,1,purple_gnome,dark_forest,red_basket,385,-1,-3,2,3,19,7,1,,,,,,,,,,,,,,,,,,,,,,,,,,,,,,,,,,,,,,,,,,,,,,,,,,,,,,,,,,,,,,,,,,,,,
,,,,,,,,,,,,,,,,,,,,,,,,,,,,,,,,,,,,,,,,,,,,,,,,,,,,,,,,,,,,,,,,,,152771,001,2024-11-06_17h26.26.319,experiment,2023.2.3,Win32,48.07692308,66b8e2fd7ed9ec6e6bb94a9d,672b928d7ee8c8ad18e9ad28,672ba68864bf9bfe3e1ebc5c,,,,,,,,,,,,,,,,,,,,,,,,,,,,,,,,,,,,,,,,,,,5,,,,,,,,,,,,,4,,,,,,,,,,,,,,,,,,,,,,,,,,,,,,,,,,,,,,,,,,,,,,k,0.4328,,space,0.3263,,4,purple_gnome,4,2,dark_forest,red_basket,orange_gnome,4,7,bright_forest,yellow_basket,35,0,0,1,orange_gnome,bright_forest,yellow_basket,420,2,-1,2,4,20,7,1,,,,,,,,,,,,,,,,,,,,,,,,,,,,,,,,,,,,,,,,,,,,,,,,,,,,,,,,,,,,,,,,,,,,,
,,,,,,,,,,,,,,,,,,,,,,,,,,,,,,,,,,,,,,,,,,,,,,,,,,,,,,,,,,,,,,,,,,152771,001,2024-11-06_17h26.26.319,experiment,2023.2.3,Win32,48.07692308,66b8e2fd7ed9ec6e6bb94a9d,672b928d7ee8c8ad18e9ad28,672ba68864bf9bfe3e1ebc5c,,,,,,,,,,,,,,,,,,,,,,,,,,,,,,,,,,,,,,,,,,,1,,,,,,,,,,,,,4,,,,,,,,,,,,,,,,,,,,,,,,,,,,,,,,,,,,,,,,,,,,,,s,0.7605,,space,0.3094,,4,orange_gnome,4,9,bright_forest,yellow_basket,purple_gnome,4,1,dark_forest,red_basket,9,0,0,1,orange_gnome,bright_forest,yellow_basket,429,0,-2,2,5,21,3,1,,,,,,,,,,,,,,,,,,,,,,,,,,,,,,,,,,,,,,,,,,,,,,,,,,,,,,,,,,,,,,,,,,,,,
,,,,,,,,,,,,,,,,,,,,,,,,,,,,,,,,,,,,,,,,,,,,,,,,,,,,,,,,,,,,,,,,,,152771,001,2024-11-06_17h26.26.319,experiment,2023.2.3,Win32,48.07692308,66b8e2fd7ed9ec6e6bb94a9d,672b928d7ee8c8ad18e9ad28,672ba68864bf9bfe3e1ebc5c,,,,,,,,,,,,,,,,,,,,,,,,,,,,,,,,,,,,,,,,,,,1,,,,,,,,,,,,,3,,,,,,,,,,,,,,,,,,,,,,,,,,,,,,,,,,,,,,,,,,,,,,k,0.4596,,space,0.3243,,3,red_gnome,3,9,bright_forest,yellow_basket,brown_gnome,3,1,dark_forest,red_basket,1,0,0,1,brown_gnome,dark_forest,red_basket,430,-1,2,2,6,22,2,1,,,,,,,,,,,,,,,,,,,,,,,,,,,,,,,,,,,,,,,,,,,,,,,,,,,,,,,,,,,,,,,,,,,,,
,,,,,,,,,,,,,,,,,,,,,,,,,,,,,,,,,,,,,,,,,,,,,,,,,,,,,,,,,,,,,,,,,,152771,001,2024-11-06_17h26.26.319,experiment,2023.2.3,Win32,48.07692308,66b8e2fd7ed9ec6e6bb94a9d,672b928d7ee8c8ad18e9ad28,672ba68864bf9bfe3e1ebc5c,,,,,,,,,,,,,,,,,,,,,,,,,,,,,,,,,,,,,,,,,,,1,,,,,,,,,,,,,2,,,,,,,,,,,,,,,,,,,,,,,,,,,,,,,,,,,,,,,,,,,,,,s,0.3846,,space,0.293,,2,blue_gnome,2,8,bright_forest,yellow_basket,pink_gnome,2,3,dark_forest,red_basket,8,0,0,1,blue_gnome,bright_forest,yellow_basket,438,1,0,2,7,23,1,1,,,,,,,,,,,,,,,,,,,,,,,,,,,,,,,,,,,,,,,,,,,,,,,,,,,,,,,,,,,,,,,,,,,,,
,,,,,,,,,,,,,,,,,,,,,,,,,,,,,,,,,,,,,,,,,,,,,,,,,,,,,,,,,,,,,,,,,,152771,001,2024-11-06_17h26.26.319,experiment,2023.2.3,Win32,48.07692308,66b8e2fd7ed9ec6e6bb94a9d,672b928d7ee8c8ad18e9ad28,672ba68864bf9bfe3e1ebc5c,,,,,,,,,,,,,,,,,,,,,,,,,,,,,,,,,,,,,,,,,,,5,,,,,,,,,,,,,2,,,,,,,,,,,,,,,,,,,,,,,,,,,,,,,,,,,,,,,,,,,,,,k,0.3254,,space,0.3253,,2,blue_gnome,2,9,bright_forest,yellow_basket,pink_gnome,2,3,dark_forest,red_basket,15,0,0,1,pink_gnome,dark_forest,red_basket,453,-2,-4,3,0,24,5,1,,,,,,,,,,,,,,,,,,,,,,,,,,,,,,,,,,,,,,,,,,,,,,,,,,,,,,,,,,,,,,,,,,,,,
,,,,,,,,,,,,,,,,,,,,,,,,,,,,,,,,,,,,,,,,,,,,,,,,,,,,,,,,,,,,,,,,,,152771,001,2024-11-06_17h26.26.319,experiment,2023.2.3,Win32,48.07692308,66b8e2fd7ed9ec6e6bb94a9d,672b928d7ee8c8ad18e9ad28,672ba68864bf9bfe3e1ebc5c,,,,,,,,,,,,,,,,,,,,,,,,,,,,,,,,,,,,,,,,,,,1,,,,,,,,,,,,,3,,,,,,,,,,,,,,,,,,,,,,,,,,,,,,,,,,,,,,,,,,,,,,s,0.304,,space,0.28,,3,brown_gnome,3,1,dark_forest,red_basket,red_gnome,3,7,bright_forest,yellow_basket,1,0,0,1,brown_gnome,dark_forest,red_basket,454,-1,1,3,1,25,2,1,,,,,,,,,,,,,,,,,,,,,,,,,,,,,,,,,,,,,,,,,,,,,,,,,,,,,,,,,,,,,,,,,,,,,
,,,,,,,,,,,,,,,,,,,,,,,,,,,,,,,,,,,,,,,,,,,,,,,,,,,,,,,,,,,,,,,,,,152771,001,2024-11-06_17h26.26.319,experiment,2023.2.3,Win32,48.07692308,66b8e2fd7ed9ec6e6bb94a9d,672b928d7ee8c8ad18e9ad28,672ba68864bf9bfe3e1ebc5c,,,,,,,,,,,,,,,,,,,,,,,,,,,,,,,,,,,,,,,,,,,5,,,,,,,,,,,,,3,,,,,,,,,,,,,,,,,,,,,,,,,,,,,,,,,,,,,,,,,,,,,,k,0.4254,,space,0.7758,,3,brown_gnome,3,2,dark_forest,red_basket,red_gnome,3,6,bright_forest,yellow_basket,30,0,0,1,red_gnome,bright_forest,yellow_basket,484,-2,0,3,2,26,6,1,,,,,,,,,,,,,,,,,,,,,,,,,,,,,,,,,,,,,,,,,,,,,,,,,,,,,,,,,,,,,,,,,,,,,
,,,,,,,,,,,,,,,,,,,,,,,,,,,,,,,,,,,,,,,,,,,,,,,,,,,,,,,,,,,,,,,,,,152771,001,2024-11-06_17h26.26.319,experiment,2023.2.3,Win32,48.07692308,66b8e2fd7ed9ec6e6bb94a9d,672b928d7ee8c8ad18e9ad28,672ba68864bf9bfe3e1ebc5c,,,,,,,,,,,,,,,,,,,,,,,,,,,,,,,,,,,,,,,,,,,5,,,,,,,,,,,,,2,,,,,,,,,,,,,,,,,,,,,,,,,,,,,,,,,,,,,,,,,,,,,,k,0.3097,,space,0.5583,,2,blue_gnome,2,4,bright_forest,yellow_basket,pink_gnome,2,2,dark_forest,red_basket,10,0,0,1,pink_gnome,dark_forest,red_basket,494,-2,0,3,3,27,5,1,,,,,,,,,,,,,,,,,,,,,,,,,,,,,,,,,,,,,,,,,,,,,,,,,,,,,,,,,,,,,,,,,,,,,
,,,,,,,,,,,,,,,,,,,,,,,,,,,,,,,,,,,,,,,,,,,,,,,,,,,,,,,,,,,,,,,,,,152771,001,2024-11-06_17h26.26.319,experiment,2023.2.3,Win32,48.07692308,66b8e2fd7ed9ec6e6bb94a9d,672b928d7ee8c8ad18e9ad28,672ba68864bf9bfe3e1ebc5c,,,,,,,,,,,,,,,,,,,,,,,,,,,,,,,,,,,,,,,,,,,1,,,,,,,,,,,,,3,,,,,,,,,,,,,,,,,,,,,,,,,,,,,,,,,,,,,,,,,,,,,,s,0.3754,,space,0.4745,,3,brown_gnome,3,2,dark_forest,red_basket,red_gnome,3,2,bright_forest,yellow_basket,2,0,0,1,brown_gnome,dark_forest,red_basket,496,2,2,3,4,28,2,1,,,,,,,,,,,,,,,,,,,,,,,,,,,,,,,,,,,,,,,,,,,,,,,,,,,,,,,,,,,,,,,,,,,,,
,,,,,,,,,,,,,,,,,,,,,,,,,,,,,,,,,,,,,,,,,,,,,,,,,,,,,,,,,,,,,,,,,,152771,001,2024-11-06_17h26.26.319,experiment,2023.2.3,Win32,48.07692308,66b8e2fd7ed9ec6e6bb94a9d,672b928d7ee8c8ad18e9ad28,672ba68864bf9bfe3e1ebc5c,,,,,,,,,,,,,,,,,,,,,,,,,,,,,,,,,,,,,,,,,,,5,,,,,,,,,,,,,2,,,,,,,,,,,,,,,,,,,,,,,,,,,,,,,,,,,,,,,,,,,,,,k,0.395,,space,0.3262,,2,pink_gnome,2,4,dark_forest,red_basket,blue_gnome,2,4,bright_forest,yellow_basket,20,0,0,1,blue_gnome,bright_forest,yellow_basket,516,-1,1,3,5,29,5,1,,,,,,,,,,,,,,,,,,,,,,,,,,,,,,,,,,,,,,,,,,,,,,,,,,,,,,,,,,,,,,,,,,,,,
,,,,,,,,,,,,,,,,,,,,,,,,,,,,,,,,,,,,,,,,,,,,,,,,,,,,,,,,,,,,,,,,,,152771,001,2024-11-06_17h26.26.319,experiment,2023.2.3,Win32,48.07692308,66b8e2fd7ed9ec6e6bb94a9d,672b928d7ee8c8ad18e9ad28,672ba68864bf9bfe3e1ebc5c,,,,,,,,,,,,,,,,,,,,,,,,,,,,,,,,,,,,,,,,,,,1,,,,,,,,,,,,,3,,,,,,,,,,,,,,,,,,,,,,,,,,,,,,,,,,,,,,,,,,,,,,s,0.2931,,space,0.4594,,3,red_gnome,3,3,bright_forest,yellow_basket,brown_gnome,3,5,dark_forest,red_basket,3,0,0,1,red_gnome,bright_forest,yellow_basket,519,0,0,3,6,30,2,1,,,,,,,,,,,,,,,,,,,,,,,,,,,,,,,,,,,,,,,,,,,,,,,,,,,,,,,,,,,,,,,,,,,,,
,,,,,,,,,,,,,,,,,,,,,,,,,,,,,,,,,,,,,,,,,,,,,,,,,,,,,,,,,,,,,,,,,,152771,001,2024-11-06_17h26.26.319,experiment,2023.2.3,Win32,48.07692308,66b8e2fd7ed9ec6e6bb94a9d,672b928d7ee8c8ad18e9ad28,672ba68864bf9bfe3e1ebc5c,,,,,,,,,,,,,,,,,,,,,,,,,,,,,,,,,,,,,,,,,,,5,,,,,,,,,,,,,1,,,,,,,,,,,,,,,,,,,,,,,,,,,,,,,,,,,,,,,,,,,,,,k,0.3264,,space,0.4603,,1,green_gnome,1,5,dark_forest,red_basket,yellow_gnome,1,3,bright_forest,yellow_basket,15,0,0,1,yellow_gnome,bright_forest,yellow_basket,534,2,1,3,7,31,4,1,,,,,,,,,,,,,,,,,,,,,,,,,,,,,,,,,,,,,,,,,,,,,,,,,,,,,,,,,,,,,,,,,,,,,
,,,,,,,,,,,,,,,,,,,,,,,,,,,,,,,,,,,,,,,,,,,,,,,,,,,,,,,,,,,,,,,,,,152771,001,2024-11-06_17h26.26.319,experiment,2023.2.3,Win32,48.07692308,66b8e2fd7ed9ec6e6bb94a9d,672b928d7ee8c8ad18e9ad28,672ba68864bf9bfe3e1ebc5c,,,,,,,,,,,,,,,,,,,,,,,,,,,,,,,,,,,,,,,,,,,5,,,,,,,,,,,,,4,,,,,,,,,,,,,,,,,,,,,,,,,,,,,,,,,,,,,,,,,,,,,,k,0.3096,,space,0.9913,,4,orange_gnome,4,5,bright_forest,yellow_basket,purple_gnome,4,6,dark_forest,red_basket,30,0,0,1,purple_gnome,dark_forest,red_basket,564,-2,-4,4,0,32,7,1,,,,,,,,,,,,,,,,,,,,,,,,,,,,,,,,,,,,,,,,,,,,,,,,,,,,,,,,,,,,,,,,,,,,,
,,,,,,,,,,,,,,,,,,,,,,,,,,,,,,,,,,,,,,,,,,,,,,,,,,,,,,,,,,,,,,,,,,152771,001,2024-11-06_17h26.26.319,experiment,2023.2.3,Win32,48.07692308,66b8e2fd7ed9ec6e6bb94a9d,672b928d7ee8c8ad18e9ad28,672ba68864bf9bfe3e1ebc5c,,,,,,,,,,,,,,,,,,,,,,,,,,,,,,,,,,,,,,,,,,,5,,,,,,,,,,,,,2,,,,,,,,,,,,,,,,,,,,,,,,,,,,,,,,,,,,,,,,,,,,,,k,0.6585,,space,0.4743,,2,blue_gnome,2,3,bright_forest,yellow_basket,pink_gnome,2,2,dark_forest,red_basket,10,0,0,1,pink_gnome,dark_forest,red_basket,574,3,-1,4,1,33,5,1,,,,,,,,,,,,,,,,,,,,,,,,,,,,,,,,,,,,,,,,,,,,,,,,,,,,,,,,,,,,,,,,,,,,,
,,,,,,,,,,,,,,,,,,,,,,,,,,,,,,,,,,,,,,,,,,,,,,,,,,,,,,,,,,,,,,,,,,152771,001,2024-11-06_17h26.26.319,experiment,2023.2.3,Win32,48.07692308,66b8e2fd7ed9ec6e6bb94a9d,672b928d7ee8c8ad18e9ad28,672ba68864bf9bfe3e1ebc5c,,,,,,,,,,,,,,,,,,,,,,,,,,,,,,,,,,,,,,,,,,,5,,,,,,,,,,,,,3,,,,,,,,,,,,,,,,,,,,,,,,,,,,,,,,,,,,,,,,,,,,,,k,0.3055,,space,0.2927,,3,brown_gnome,3,1,dark_forest,red_basket,red_gnome,3,6,bright_forest,yellow_basket,30,0,0,1,red_gnome,bright_forest,yellow_basket,604,-2,-1,4,2,34,6,1,,,,,,,,,,,,,,,,,,,,,,,,,,,,,,,,,,,,,,,,,,,,,,,,,,,,,,,,,,,,,,,,,,,,,
,,,,,,,,,,,,,,,,,,,,,,,,,,,,,,,,,,,,,,,,,,,,,,,,,,,,,,,,,,,,,,,,,,152771,001,2024-11-06_17h26.26.319,experiment,2023.2.3,Win32,48.07692308,66b8e2fd7ed9ec6e6bb94a9d,672b928d7ee8c8ad18e9ad28,672ba68864bf9bfe3e1ebc5c,,,,,,,,,,,,,,,,,,,,,,,,,,,,,,,,,,,,,,,,,,,1,,,,,,,,,,,,,4,,,,,,,,,,,,,,,,,,,,,,,,,,,,,,,,,,,,,,,,,,,,,,s,0.3473,,space,0.3185,,4,orange_gnome,4,4,bright_forest,yellow_basket,purple_gnome,4,0,dark_forest,red_basket,4,0,0,1,orange_gnome,bright_forest,yellow_basket,608,2,-4,4,3,35,3,1,,,,,,,,,,,,,,,,,,,,,,,,,,,,,,,,,,,,,,,,,,,,,,,,,,,,,,,,,,,,,,,,,,,,,
,,,,,,,,,,,,,,,,,,,,,,,,,,,,,,,,,,,,,,,,,,,,,,,,,,,,,,,,,,,,,,,,,,152771,001,2024-11-06_17h26.26.319,experiment,2023.2.3,Win32,48.07692308,66b8e2fd7ed9ec6e6bb94a9d,672b928d7ee8c8ad18e9ad28,672ba68864bf9bfe3e1ebc5c,,,,,,,,,,,,,,,,,,,,,,,,,,,,,,,,,,,,,,,,,,,5,,,,,,,,,,,,,2,,,,,,,,,,,,,,,,,,,,,,,,,,,,,,,,,,,,,,,,,,,,,,k,0.2801,,space,0.5581,,2,blue_gnome,2,6,bright_forest,yellow_basket,pink_gnome,2,4,dark_forest,red_basket,20,0,0,1,pink_gnome,dark_forest,red_basket,628,-1,2,4,4,36,5,1,,,,,,,,,,,,,,,,,,,,,,,,,,,,,,,,,,,,,,,,,,,,,,,,,,,,,,,,,,,,,,,,,,,,,
,,,,,,,,,,,,,,,,,,,,,,,,,,,,,,,,,,,,,,,,,,,,,,,,,,,,,,,,,,,,,,,,,,152771,001,2024-11-06_17h26.26.319,experiment,2023.2.3,Win32,48.07692308,66b8e2fd7ed9ec6e6bb94a9d,672b928d7ee8c8ad18e9ad28,672ba68864bf9bfe3e1ebc5c,,,,,,,,,,,,,,,,,,,,,,,,,,,,,,,,,,,,,,,,,,,5,,,,,,,,,,,,,1,,,,,,,,,,,,,,,,,,,,,,,,,,,,,,,,,,,,,,,,,,,,,,k,0.493,,space,0.8579,,1,yellow_gnome,1,5,bright_forest,yellow_basket,green_gnome,1,6,dark_forest,red_basket,30,0,0,1,green_gnome,dark_forest,red_basket,658,3,-2,4,5,37,4,1,,,,,,,,,,,,,,,,,,,,,,,,,,,,,,,,,,,,,,,,,,,,,,,,,,,,,,,,,,,,,,,,,,,,,
,,,,,,,,,,,,,,,,,,,,,,,,,,,,,,,,,,,,,,,,,,,,,,,,,,,,,,,,,,,,,,,,,,152771,001,2024-11-06_17h26.26.319,experiment,2023.2.3,Win32,48.07692308,66b8e2fd7ed9ec6e6bb94a9d,672b928d7ee8c8ad18e9ad28,672ba68864bf9bfe3e1ebc5c,,,,,,,,,,,,,,,,,,,,,,,,,,,,,,,,,,,,,,,,,,,5,,,,,,,,,,,,,1,,,,,,,,,,,,,,,,,,,,,,,,,,,,,,,,,,,,,,,,,,,,,,k,0.3253,,space,0.3133,,1,yellow_gnome,1,8,bright_forest,yellow_basket,green_gnome,1,4,dark_forest,red_basket,20,0,0,1,green_gnome,dark_forest,red_basket,678,-2,0,4,6,38,4,1,,,,,,,,,,,,,,,,,,,,,,,,,,,,,,,,,,,,,,,,,,,,,,,,,,,,,,,,,,,,,,,,,,,,,
,,,,,,,,,,,,,,,,,,,,,,,,,,,,,,,,,,,,,,,,,,,,,,,,,,,,,,,,,,,,,,,,,,152771,001,2024-11-06_17h26.26.319,experiment,2023.2.3,Win32,48.07692308,66b8e2fd7ed9ec6e6bb94a9d,672b928d7ee8c8ad18e9ad28,672ba68864bf9bfe3e1ebc5c,,,,,,,,,,,,,,,,,,,,,,,,,,,,,,,,,,,,,,,,,,,5,,,,,,,,,,,,,2,,,,,,,,,,,,,,,,,,,,,,,,,,,,,,,,,,,,,,,,,,,,,,k,0.2848,,space,0.3594,,2,pink_gnome,2,4,dark_forest,red_basket,blue_gnome,2,6,bright_forest,yellow_basket,30,0,0,1,blue_gnome,bright_forest,yellow_basket,708,6,0,4,7,39,5,1,,,,,,,,,,,,,,,,,,,,,,,,,,,,,,,,,,,,,,,,,,,,,,,,,,,,,,,,,,,,,,,,,,,,,
,,,,,,,,,,,,,,,,,,,,,,,,,,,,,,,,,,,,,,,,,,,,,,,,,,,,,,,,,,,,,,,,,,152771,001,2024-11-06_17h26.26.319,experiment,2023.2.3,Win32,48.07692308,66b8e2fd7ed9ec6e6bb94a9d,672b928d7ee8c8ad18e9ad28,672ba68864bf9bfe3e1ebc5c,,,,,,,,,,,,,,,,,,,,,,,,,,,,,,,,,,,,,,,,,,,5,,,,,,,,,,,,,2,,,,,,,,,,,,,,,,,,,,,,,,,,,,,,,,,,,,,,,,,,,,,,k,0.2606,,space,0.5928,,2,pink_gnome,2,4,dark_forest,red_basket,blue_gnome,2,6,bright_forest,yellow_basket,30,0,0,1,blue_gnome,bright_forest,yellow_basket,738,-2,0,5,0,40,5,1,,,,,,,,,,,,,,,,,,,,,,,,,,,,,,,,,,,,,,,,,,,,,,,,,,,,,,,,,,,,,,,,,,,,,
,,,,,,,,,,,,,,,,,,,,,,,,,,,,,,,,,,,,,,,,,,,,,,,,,,,,,,,,,,,,,,,,,,152771,001,2024-11-06_17h26.26.319,experiment,2023.2.3,Win32,48.07692308,66b8e2fd7ed9ec6e6bb94a9d,672b928d7ee8c8ad18e9ad28,672ba68864bf9bfe3e1ebc5c,,,,,,,,,,,,,,,,,,,,,,,,,,,,,,,,,,,,,,,,,,,5,,,,,,,,,,,,,3,,,,,,,,,,,,,,,,,,,,,,,,,,,,,,,,,,,,,,,,,,,,,,k,0.077,,space,0.5602,,3,red_gnome,3,4,bright_forest,yellow_basket,brown_gnome,3,4,dark_forest,red_basket,20,0,0,1,brown_gnome,dark_forest,red_basket,758,1,3,5,1,41,6,1,,,,,,,,,,,,,,,,,,,,,,,,,,,,,,,,,,,,,,,,,,,,,,,,,,,,,,,,,,,,,,,,,,,,,
,,,,,,,,,,,,,,,,,,,,,,,,,,,,,,,,,,,,,,,,,,,,,,,,,,,,,,,,,,,,,,,,,,152771,001,2024-11-06_17h26.26.319,experiment,2023.2.3,Win32,48.07692308,66b8e2fd7ed9ec6e6bb94a9d,672b928d7ee8c8ad18e9ad28,672ba68864bf9bfe3e1ebc5c,,,,,,,,,,,,,,,,,,,,,,,,,,,,,,,,,,,,,,,,,,,1,,,,,,,,,,,,,4,,,,,,,,,,,,,,,,,,,,,,,,,,,,,,,,,,,,,,,,,,,,,,s,0.8415,,space,0.891,,4,purple_gnome,4,7,dark_forest,red_basket,orange_gnome,4,5,bright_forest,yellow_basket,7,0,0,1,purple_gnome,dark_forest,red_basket,765,0,2,5,2,42,3,1,,,,,,,,,,,,,,,,,,,,,,,,,,,,,,,,,,,,,,,,,,,,,,,,,,,,,,,,,,,,,,,,,,,,,
,,,,,,,,,,,,,,,,,,,,,,,,,,,,,,,,,,,,,,,,,,,,,,,,,,,,,,,,,,,,,,,,,,152771,001,2024-11-06_17h26.26.319,experiment,2023.2.3,Win32,48.07692308,66b8e2fd7ed9ec6e6bb94a9d,672b928d7ee8c8ad18e9ad28,672ba68864bf9bfe3e1ebc5c,,,,,,,,,,,,,,,,,,,,,,,,,,,,,,,,,,,,,,,,,,,5,,,,,,,,,,,,,1,,,,,,,,,,,,,,,,,,,,,,,,,,,,,,,,,,,,,,,,,,,,,,k,0.2596,,space,0.4594,,1,green_gnome,1,9,dark_forest,red_basket,yellow_gnome,1,5,bright_forest,yellow_basket,25,0,0,1,yellow_gnome,bright_forest,yellow_basket,790,-4,2,5,3,43,4,1,,,,,,,,,,,,,,,,,,,,,,,,,,,,,,,,,,,,,,,,,,,,,,,,,,,,,,,,,,,,,,,,,,,,,
,,,,,,,,,,,,,,,,,,,,,,,,,,,,,,,,,,,,,,,,,,,,,,,,,,,,,,,,,,,,,,,,,,152771,001,2024-11-06_17h26.26.319,experiment,2023.2.3,Win32,48.07692308,66b8e2fd7ed9ec6e6bb94a9d,672b928d7ee8c8ad18e9ad28,672ba68864bf9bfe3e1ebc5c,,,,,,,,,,,,,,,,,,,,,,,,,,,,,,,,,,,,,,,,,,,5,,,,,,,,,,,,,1,,,,,,,,,,,,,,,,,,,,,,,,,,,,,,,,,,,,,,,,,,,,,,k,0.4152,,space,0.6238,,1,yellow_gnome,1,1,bright_forest,yellow_basket,green_gnome,1,7,dark_forest,red_basket,35,0,0,1,green_gnome,dark_forest,red_basket,825,-2,0,5,4,44,4,1,,,,,,,,,,,,,,,,,,,,,,,,,,,,,,,,,,,,,,,,,,,,,,,,,,,,,,,,,,,,,,,,,,,,,
,,,,,,,,,,,,,,,,,,,,,,,,,,,,,,,,,,,,,,,,,,,,,,,,,,,,,,,,,,,,,,,,,,152771,001,2024-11-06_17h26.26.319,experiment,2023.2.3,Win32,48.07692308,66b8e2fd7ed9ec6e6bb94a9d,672b928d7ee8c8ad18e9ad28,672ba68864bf9bfe3e1ebc5c,,,,,,,,,,,,,,,,,,,,,,,,,,,,,,,,,,,,,,,,,,,1,,,,,,,,,,,,,1,,,,,,,,,,,,,,,,,,,,,,,,,,,,,,,,,,,,,,,,,,,,,,s,0.3254,,space,0.3744,,1,green_gnome,1,7,dark_forest,red_basket,yellow_gnome,1,1,bright_forest,yellow_basket,7,0,0,1,green_gnome,dark_forest,red_basket,832,-1,0,5,5,45,0,1,,,,,,,,,,,,,,,,,,,,,,,,,,,,,,,,,,,,,,,,,,,,,,,,,,,,,,,,,,,,,,,,,,,,,
,,,,,,,,,,,,,,,,,,,,,,,,,,,,,,,,,,,,,,,,,,,,,,,,,,,,,,,,,,,,,,,,,,152771,001,2024-11-06_17h26.26.319,experiment,2023.2.3,Win32,48.07692308,66b8e2fd7ed9ec6e6bb94a9d,672b928d7ee8c8ad18e9ad28,672ba68864bf9bfe3e1ebc5c,,,,,,,,,,,,,,,,,,,,,,,,,,,,,,,,,,,,,,,,,,,1,,,,,,,,,,,,,3,,,,,,,,,,,,,,,,,,,,,,,,,,,,,,,,,,,,,,,,,,,,,,s,0.4348,,space,0.2923,,3,brown_gnome,3,7,dark_forest,red_basket,red_gnome,3,0,bright_forest,yellow_basket,7,0,0,1,brown_gnome,dark_forest,red_basket,839,0,3,5,6,46,2,1,,,,,,,,,,,,,,,,,,,,,,,,,,,,,,,,,,,,,,,,,,,,,,,,,,,,,,,,,,,,,,,,,,,,,
,,,,,,,,,,,,,,,,,,,,,,,,,,,,,,,,,,,,,,,,,,,,,,,,,,,,,,,,,,,,,,,,,,152771,001,2024-11-06_17h26.26.319,experiment,2023.2.3,Win32,48.07692308,66b8e2fd7ed9ec6e6bb94a9d,672b928d7ee8c8ad18e9ad28,672ba68864bf9bfe3e1ebc5c,,,,,,,,,,,,,,,,,,,,,,,,,,,,,,,,,,,,,,,,,,,5,,,,,,,,,,,,,4,,,,,,,,,,,,,,,,,,,,,,,,,,,,,,,,,,,,,,,,,,,,,,k,0.2932,,space,0.2923,,4,orange_gnome,4,0,bright_forest,yellow_basket,purple_gnome,4,8,dark_forest,red_basket,40,0,0,1,purple_gnome,dark_forest,red_basket,879,1,2,5,7,47,7,1,,,,,,,,,,,,,,,,,,,,,,,,,,,,,,,,,,,,,,,,,,,,,,,,,,,,,,,,,,,,,,,,,,,,,
,,,,,,,,,,,,,,,,,,,,,,,,,,,,,,,,,,,,,,,,,,,,,,,,,,,,,,,,,,,,,,,,,,152771,001,2024-11-06_17h26.26.319,experiment,2023.2.3,Win32,48.07692308,66b8e2fd7ed9ec6e6bb94a9d,672b928d7ee8c8ad18e9ad28,672ba68864bf9bfe3e1ebc5c,,,,,,,,,,,,,,,,,,,,,,,,,,,,,,,,,,,,,,,,,,,1,,,,,,,,,,,,,3,,,,,,,,,,,,,,,,,,,,,,,,,,,,,,,,,,,,,,,,,,,,,,s,0.4254,,space,0.425,,3,brown_gnome,3,8,dark_forest,red_basket,red_gnome,3,1,bright_forest,yellow_basket,8,0,0,1,brown_gnome,dark_forest,red_basket,887,-2,-1,6,0,48,2,1,,,,,,,,,,,,,,,,,,,,,,,,,,,,,,,,,,,,,,,,,,,,,,,,,,,,,,,,,,,,,,,,,,,,,
,,,,,,,,,,,,,,,,,,,,,,,,,,,,,,,,,,,,,,,,,,,,,,,,,,,,,,,,,,,,,,,,,,152771,001,2024-11-06_17h26.26.319,experiment,2023.2.3,Win32,48.07692308,66b8e2fd7ed9ec6e6bb94a9d,672b928d7ee8c8ad18e9ad28,672ba68864bf9bfe3e1ebc5c,,,,,,,,,,,,,,,,,,,,,,,,,,,,,,,,,,,,,,,,,,,1,,,,,,,,,,,,,2,,,,,,,,,,,,,,,,,,,,,,,,,,,,,,,,,,,,,,,,,,,,,,s,0.342,,space,0.3469,,2,blue_gnome,2,1,bright_forest,yellow_basket,pink_gnome,2,7,dark_forest,red_basket,1,0,0,1,blue_gnome,bright_forest,yellow_basket,888,-1,-1,6,1,49,1,1,,,,,,,,,,,,,,,,,,,,,,,,,,,,,,,,,,,,,,,,,,,,,,,,,,,,,,,,,,,,,,,,,,,,,
,,,,,,,,,,,,,,,,,,,,,,,,,,,,,,,,,,,,,,,,,,,,,,,,,,,,,,,,,,,,,,,,,,152771,001,2024-11-06_17h26.26.319,experiment,2023.2.3,Win32,48.07692308,66b8e2fd7ed9ec6e6bb94a9d,672b928d7ee8c8ad18e9ad28,672ba68864bf9bfe3e1ebc5c,,,,,,,,,,,,,,,,,,,,,,,,,,,,,,,,,,,,,,,,,,,5,,,,,,,,,,,,,4,,,,,,,,,,,,,,,,,,,,,,,,,,,,,,,,,,,,,,,,,,,,,,k,0.3095,,space,0.3577,,4,orange_gnome,4,0,bright_forest,yellow_basket,purple_gnome,4,6,dark_forest,red_basket,30,0,0,1,purple_gnome,dark_forest,red_basket,918,0,1,6,2,50,7,1,,,,,,,,,,,,,,,,,,,,,,,,,,,,,,,,,,,,,,,,,,,,,,,,,,,,,,,,,,,,,,,,,,,,,
,,,,,,,,,,,,,,,,,,,,,,,,,,,,,,,,,,,,,,,,,,,,,,,,,,,,,,,,,,,,,,,,,,152771,001,2024-11-06_17h26.26.319,experiment,2023.2.3,Win32,48.07692308,66b8e2fd7ed9ec6e6bb94a9d,672b928d7ee8c8ad18e9ad28,672ba68864bf9bfe3e1ebc5c,,,,,,,,,,,,,,,,,,,,,,,,,,,,,,,,,,,,,,,,,,,1,,,,,,,,,,,,,4,,,,,,,,,,,,,,,,,,,,,,,,,,,,,,,,,,,,,,,,,,,,,,s,0.2683,,space,0.1588,,4,purple_gnome,4,7,dark_forest,red_basket,orange_gnome,4,0,bright_forest,yellow_basket,7,0,0,1,purple_gnome,dark_forest,red_basket,925,2,3,6,3,51,3,1,,,,,,,,,,,,,,,,,,,,,,,,,,,,,,,,,,,,,,,,,,,,,,,,,,,,,,,,,,,,,,,,,,,,,
,,,,,,,,,,,,,,,,,,,,,,,,,,,,,,,,,,,,,,,,,,,,,,,,,,,,,,,,,,,,,,,,,,152771,001,2024-11-06_17h26.26.319,experiment,2023.2.3,Win32,48.07692308,66b8e2fd7ed9ec6e6bb94a9d,672b928d7ee8c8ad18e9ad28,672ba68864bf9bfe3e1ebc5c,,,,,,,,,,,,,,,,,,,,,,,,,,,,,,,,,,,,,,,,,,,5,,,,,,,,,,,,,4,,,,,,,,,,,,,,,,,,,,,,,,,,,,,,,,,,,,,,,,,,,,,,k,0.2591,,space,0.5956,,4,orange_gnome,4,2,bright_forest,yellow_basket,purple_gnome,4,8,dark_forest,red_basket,40,0,0,1,purple_gnome,dark_forest,red_basket,965,-1,3,6,4,52,7,1,,,,,,,,,,,,,,,,,,,,,,,,,,,,,,,,,,,,,,,,,,,,,,,,,,,,,,,,,,,,,,,,,,,,,
,,,,,,,,,,,,,,,,,,,,,,,,,,,,,,,,,,,,,,,,,,,,,,,,,,,,,,,,,,,,,,,,,,152771,001,2024-11-06_17h26.26.319,experiment,2023.2.3,Win32,48.07692308,66b8e2fd7ed9ec6e6bb94a9d,672b928d7ee8c8ad18e9ad28,672ba68864bf9bfe3e1ebc5c,,,,,,,,,,,,,,,,,,,,,,,,,,,,,,,,,,,,,,,,,,,5,,,,,,,,,,,,,3,,,,,,,,,,,,,,,,,,,,,,,,,,,,,,,,,,,,,,,,,,,,,,s,0.2965,,space,0.4097,,3,red_gnome,3,1,bright_forest,yellow_basket,brown_gnome,3,7,dark_forest,red_basket,5,0,0,1,red_gnome,bright_forest,yellow_basket,970,-1,0,6,5,53,6,1,,,,,,,,,,,,,,,,,,,,,,,,,,,,,,,,,,,,,,,,,,,,,,,,,,,,,,,,,,,,,,,,,,,,,
,,,,,,,,,,,,,,,,,,,,,,,,,,,,,,,,,,,,,,,,,,,,,,,,,,,,,,,,,,,,,,,,,,152771,001,2024-11-06_17h26.26.319,experiment,2023.2.3,Win32,48.07692308,66b8e2fd7ed9ec6e6bb94a9d,672b928d7ee8c8ad18e9ad28,672ba68864bf9bfe3e1ebc5c,,,,,,,,,,,,,,,,,,,,,,,,,,,,,,,,,,,,,,,,,,,1,,,,,,,,,,,,,3,,,,,,,,,,,,,,,,,,,,,,,,,,,,,,,,,,,,,,,,,,,,,,k,0.4595,,space,0.5163,,3,brown_gnome,3,7,dark_forest,red_basket,red_gnome,3,0,bright_forest,yellow_basket,0,0,0,1,red_gnome,bright_forest,yellow_basket,970,0,0,6,6,54,2,1,,,,,,,,,,,,,,,,,,,,,,,,,,,,,,,,,,,,,,,,,,,,,,,,,,,,,,,,,,,,,,,,,,,,,
,,,,,,,,,,,,,,,,,,,,,,,,,,,,,,,,,,,,,,,,,,,,,,,,,,,,,,,,,,,,,,,,,,152771,001,2024-11-06_17h26.26.319,experiment,2023.2.3,Win32,48.07692308,66b8e2fd7ed9ec6e6bb94a9d,672b928d7ee8c8ad18e9ad28,672ba68864bf9bfe3e1ebc5c,,,,,,,,,,,,,,,,,,,,,,,,,,,,,,,,,,,,,,,,,,,5,,,,,,,,,,,,,1,,,,,,,,,,,,,,,,,,,,,,,,,,,,,,,,,,,,,,,,,,,,,,k,0.293,,space,0.2894,,1,green_gnome,1,7,dark_forest,red_basket,yellow_gnome,1,0,bright_forest,yellow_basket,0,0,0,1,yellow_gnome,bright_forest,yellow_basket,970,5,3,6,7,55,4,1,,,,,,,,,,,,,,,,,,,,,,,,,,,,,,,,,,,,,,,,,,,,,,,,,,,,,,,,,,,,,,,,,,,,,
,,,,,,,,,,,,,,,,,,,,,,,,,,,,,,,,,,,,,,,,,,,,,,,,,,,,,,,,,,,,,,,,,,152771,001,2024-11-06_17h26.26.319,experiment,2023.2.3,Win32,48.07692308,66b8e2fd7ed9ec6e6bb94a9d,672b928d7ee8c8ad18e9ad28,672ba68864bf9bfe3e1ebc5c,,,,,,,,,,,,,,,,,,,,,,,,,,,,,,,,,,,,,,,,,,,5,,,,,,,,,,,,,3,,,,,,,,,,,,,,,,,,,,,,,,,,,,,,,,,,,,,,,,,,,,,,k,0.296,,space,0.3097,,3,brown_gnome,3,8,dark_forest,red_basket,red_gnome,3,5,bright_forest,yellow_basket,25,0,0,1,red_gnome,bright_forest,yellow_basket,995,0,-2,7,0,56,6,1,,,,,,,,,,,,,,,,,,,,,,,,,,,,,,,,,,,,,,,,,,,,,,,,,,,,,,,,,,,,,,,,,,,,,
,,,,,,,,,,,,,,,,,,,,,,,,,,,,,,,,,,,,,,,,,,,,,,,,,,,,,,,,,,,,,,,,,,152771,001,2024-11-06_17h26.26.319,experiment,2023.2.3,Win32,48.07692308,66b8e2fd7ed9ec6e6bb94a9d,672b928d7ee8c8ad18e9ad28,672ba68864bf9bfe3e1ebc5c,,,,,,,,,,,,,,,,,,,,,,,,,,,,,,,,,,,,,,,,,,,5,,,,,,,,,,,,,3,,,,,,,,,,,,,,,,,,,,,,,,,,,,,,,,,,,,,,,,,,,,,,s,0.6926,,space,0.2078,,3,brown_gnome,3,6,dark_forest,red_basket,red_gnome,3,5,bright_forest,yellow_basket,30,0,0,1,brown_gnome,dark_forest,red_basket,1025,-1,0,7,1,57,6,1,,,,,,,,,,,,,,,,,,,,,,,,,,,,,,,,,,,,,,,,,,,,,,,,,,,,,,,,,,,,,,,,,,,,,
,,,,,,,,,,,,,,,,,,,,,,,,,,,,,,,,,,,,,,,,,,,,,,,,,,,,,,,,,,,,,,,,,,152771,001,2024-11-06_17h26.26.319,experiment,2023.2.3,Win32,48.07692308,66b8e2fd7ed9ec6e6bb94a9d,672b928d7ee8c8ad18e9ad28,672ba68864bf9bfe3e1ebc5c,,,,,,,,,,,,,,,,,,,,,,,,,,,,,,,,,,,,,,,,,,,1,,,,,,,,,,,,,4,,,,,,,,,,,,,,,,,,,,,,,,,,,,,,,,,,,,,,,,,,,,,,k,1.0163,,space,0.5924,,4,purple_gnome,4,6,dark_forest,red_basket,orange_gnome,4,4,bright_forest,yellow_basket,4,0,0,1,orange_gnome,bright_forest,yellow_basket,1029,0,0,7,2,58,3,1,,,,,,,,,,,,,,,,,,,,,,,,,,,,,,,,,,,,,,,,,,,,,,,,,,,,,,,,,,,,,,,,,,,,,
,,,,,,,,,,,,,,,,,,,,,,,,,,,,,,,,,,,,,,,,,,,,,,,,,,,,,,,,,,,,,,,,,,152771,001,2024-11-06_17h26.26.319,experiment,2023.2.3,Win32,48.07692308,66b8e2fd7ed9ec6e6bb94a9d,672b928d7ee8c8ad18e9ad28,672ba68864bf9bfe3e1ebc5c,,,,,,,,,,,,,,,,,,,,,,,,,,,,,,,,,,,,,,,,,,,1,,,,,,,,,,,,,2,,,,,,,,,,,,,,,,,,,,,,,,,,,,,,,,,,,,,,,,,,,,,,s,0.392,,space,0.1099,,2,blue_gnome,2,4,bright_forest,yellow_basket,pink_gnome,2,6,dark_forest,red_basket,4,0,0,1,blue_gnome,bright_forest,yellow_basket,1033,-2,3,7,3,59,1,1,,,,,,,,,,,,,,,,,,,,,,,,,,,,,,,,,,,,,,,,,,,,,,,,,,,,,,,,,,,,,,,,,,,,,
,,,,,,,,,,,,,,,,,,,,,,,,,,,,,,,,,,,,,,,,,,,,,,,,,,,,,,,,,,,,,,,,,,152771,001,2024-11-06_17h26.26.319,experiment,2023.2.3,Win32,48.07692308,66b8e2fd7ed9ec6e6bb94a9d,672b928d7ee8c8ad18e9ad28,672ba68864bf9bfe3e1ebc5c,,,,,,,,,,,,,,,,,,,,,,,,,,,,,,,,,,,,,,,,,,,5,,,,,,,,,,,,,1,,,,,,,,,,,,,,,,,,,,,,,,,,,,,,,,,,,,,,,,,,,,,,k,0.4263,,space,0.3097,,1,green_gnome,1,9,dark_forest,red_basket,yellow_gnome,1,2,bright_forest,yellow_basket,10,0,0,1,yellow_gnome,bright_forest,yellow_basket,1043,2,0,7,4,60,4,1,,,,,,,,,,,,,,,,,,,,,,,,,,,,,,,,,,,,,,,,,,,,,,,,,,,,,,,,,,,,,,,,,,,,,
,,,,,,,,,,,,,,,,,,,,,,,,,,,,,,,,,,,,,,,,,,,,,,,,,,,,,,,,,,,,,,,,,,152771,001,2024-11-06_17h26.26.319,experiment,2023.2.3,Win32,48.07692308,66b8e2fd7ed9ec6e6bb94a9d,672b928d7ee8c8ad18e9ad28,672ba68864bf9bfe3e1ebc5c,,,,,,,,,,,,,,,,,,,,,,,,,,,,,,,,,,,,,,,,,,,5,,,,,,,,,,,,,4,,,,,,,,,,,,,,,,,,,,,,,,,,,,,,,,,,,,,,,,,,,,,,s,0.3379,,space,0.2808,,4,purple_gnome,4,9,dark_forest,red_basket,orange_gnome,4,4,bright_forest,yellow_basket,45,0,0,1,purple_gnome,dark_forest,red_basket,1088,-1,-1,7,5,61,7,1,,,,,,,,,,,,,,,,,,,,,,,,,,,,,,,,,,,,,,,,,,,,,,,,,,,,,,,,,,,,,,,,,,,,,
,,,,,,,,,,,,,,,,,,,,,,,,,,,,,,,,,,,,,,,,,,,,,,,,,,,,,,,,,,,,,,,,,,152771,001,2024-11-06_17h26.26.319,experiment,2023.2.3,Win32,48.07692308,66b8e2fd7ed9ec6e6bb94a9d,672b928d7ee8c8ad18e9ad28,672ba68864bf9bfe3e1ebc5c,,,,,,,,,,,,,,,,,,,,,,,,,,,,,,,,,,,,,,,,,,,1,,,,,,,,,,,,,2,,,,,,,,,,,,,,,,,,,,,,,,,,,,,,,,,,,,,,,,,,,,,,k,0.3111,,space,0.1589,,2,blue_gnome,2,3,bright_forest,yellow_basket,pink_gnome,2,8,dark_forest,red_basket,8,0,0,1,pink_gnome,dark_forest,red_basket,1096,1,0,7,6,62,1,1,,,,,,,,,,,,,,,,,,,,,,,,,,,,,,,,,,,,,,,,,,,,,,,,,,,,,,,,,,,,,,,,,,,,,
,,,,,,,,,,,,,,,,,,,,,,,,,,,,,,,,,,,,,,,,,,,,,,,,,,,,,,,,,,,,,,,,,,152771,001,2024-11-06_17h26.26.319,experiment,2023.2.3,Win32,48.07692308,66b8e2fd7ed9ec6e6bb94a9d,672b928d7ee8c8ad18e9ad28,672ba68864bf9bfe3e1ebc5c,,,,,,,,,,,,,,,,,,,,,,,,,,,,,,,,,,,,,,,,,,,1,,,,,,,,,,,,,2,,,,,,,,,,,,,,,,,,,,,,,,,,,,,,,,,,,,,,,,,,,,,,s,0.2956,,space,0.9404,,2,pink_gnome,2,8,dark_forest,red_basket,blue_gnome,2,4,bright_forest,yellow_basket,8,0,0,1,pink_gnome,dark_forest,red_basket,1104,-3,2,7,7,63,1,1,space,28.5578,,,,,,,,,,,,,,,,,,,,,,,,,,,,,,,,,,,,,,,,,,,,,,,,,,,,,,,,,,,,,,,,,,,
,,,,,,,,,,,,,,,,,,,,,,,,,,,,,,,,,,,,,,,,,,,,,,,,,,,,,,,,,,,,,,,,,,152771,001,2024-11-06_17h26.26.319,experiment,2023.2.3,Win32,48.07692308,66b8e2fd7ed9ec6e6bb94a9d,672b928d7ee8c8ad18e9ad28,672ba68864bf9bfe3e1ebc5c,,,,,,,,,,,,,,,,,,,,,,,,,,,,,,,,,,,,,,,,,,,5,,,,,,,,,,,,,4,,,,,,,,,,,,,,,,,,,,,,,,,,,,,,,,,,,,,,,,,,,,,,k,0.4765,,space,0.8804,,4,purple_gnome,4,8,dark_forest,red_basket,orange_gnome,4,1,bright_forest,yellow_basket,5,0,0,1,orange_gnome,bright_forest,yellow_basket,1109,1,1,8,0,64,7,1,,,,,,,,,,,,,,,,,,,,,,,,,,,,,,,,,,,,,,,,,,,,,,,,,,,,,,,,,,,,,,,,,,,,,
,,,,,,,,,,,,,,,,,,,,,,,,,,,,,,,,,,,,,,,,,,,,,,,,,,,,,,,,,,,,,,,,,,152771,001,2024-11-06_17h26.26.319,experiment,2023.2.3,Win32,48.07692308,66b8e2fd7ed9ec6e6bb94a9d,672b928d7ee8c8ad18e9ad28,672ba68864bf9bfe3e1ebc5c,,,,,,,,,,,,,,,,,,,,,,,,,,,,,,,,,,,,,,,,,,,1,,,,,,,,,,,,,1,,,,,,,,,,,,,,,,,,,,,,,,,,,,,,,,,,,,,,,,,,,,,,k,0.293,,,,,1,yellow_gnome,1,2,bright_forest,yellow_basket,green_gnome,1,9,dark_forest,red_basket,0,0,1,0,green_gnome,dark_forest,red_basket,1109,3,3,8,1,65,0,1,,,,,,,,,,,,,,,,,,,,,,,,,,,,,,,,,,,,,,,,,,,,,,,,,,,,,,,,,,,,,,,,,,,,,
,,,,,,,,,,,,,,,,,,,,,,,,,,,,,,,,,,,,,,,,,,,,,,,,,,,,,,,,,,,,,,,,,,152771,001,2024-11-06_17h26.26.319,experiment,2023.2.3,Win32,48.07692308,66b8e2fd7ed9ec6e6bb94a9d,672b928d7ee8c8ad18e9ad28,672ba68864bf9bfe3e1ebc5c,,,,,,,,,,,,,,,,,,,,,,,,,,,,,,,,,,,,,,,,,,,1,,,,,,,,,,,,,2,,,,,,,,,,,,,,,,,,,,,,,,,,,,,,,,,,,,,,,,,,,,,,s,0.335,,space,0.2586,,2,pink_gnome,2,6,dark_forest,red_basket,blue_gnome,2,5,bright_forest,yellow_basket,6,0,0,1,pink_gnome,dark_forest,red_basket,1115,-3,-3,8,2,66,1,1,,,,,,,,,,,,,,,,,,,,,,,,,,,,,,,,,,,,,,,,,,,,,,,,,,,,,,,,,,,,,,,,,,,,,
,,,,,,,,,,,,,,,,,,,,,,,,,,,,,,,,,,,,,,,,,,,,,,,,,,,,,,,,,,,,,,,,,,152771,001,2024-11-06_17h26.26.319,experiment,2023.2.3,Win32,48.07692308,66b8e2fd7ed9ec6e6bb94a9d,672b928d7ee8c8ad18e9ad28,672ba68864bf9bfe3e1ebc5c,,,,,,,,,,,,,,,,,,,,,,,,,,,,,,,,,,,,,,,,,,,1,,,,,,,,,,,,,3,,,,,,,,,,,,,,,,,,,,,,,,,,,,,,,,,,,,,,,,,,,,,,s,0.3263,,space,0.6572,,3,brown_gnome,3,3,dark_forest,red_basket,red_gnome,3,2,bright_forest,yellow_basket,3,0,0,1,brown_gnome,dark_forest,red_basket,1118,0,4,8,3,67,2,1,,,,,,,,,,,,,,,,,,,,,,,,,,,,,,,,,,,,,,,,,,,,,,,,,,,,,,,,,,,,,,,,,,,,,
,,,,,,,,,,,,,,,,,,,,,,,,,,,,,,,,,,,,,,,,,,,,,,,,,,,,,,,,,,,,,,,,,,152771,001,2024-11-06_17h26.26.319,experiment,2023.2.3,Win32,48.07692308,66b8e2fd7ed9ec6e6bb94a9d,672b928d7ee8c8ad18e9ad28,672ba68864bf9bfe3e1ebc5c,,,,,,,,,,,,,,,,,,,,,,,,,,,,,,,,,,,,,,,,,,,1,,,,,,,,,,,,,2,,,,,,,,,,,,,,,,,,,,,,,,,,,,,,,,,,,,,,,,,,,,,,s,0.3575,,space,0.4083,,2,pink_gnome,2,7,dark_forest,red_basket,blue_gnome,2,2,bright_forest,yellow_basket,7,0,0,1,pink_gnome,dark_forest,red_basket,1125,1,-3,8,4,68,1,1,,,,,,,,,,,,,,,,,,,,,,,,,,,,,,,,,,,,,,,,,,,,,,,,,,,,,,,,,,,,,,,,,,,,,
,,,,,,,,,,,,,,,,,,,,,,,,,,,,,,,,,,,,,,,,,,,,,,,,,,,,,,,,,,,,,,,,,,152771,001,2024-11-06_17h26.26.319,experiment,2023.2.3,Win32,48.07692308,66b8e2fd7ed9ec6e6bb94a9d,672b928d7ee8c8ad18e9ad28,672ba68864bf9bfe3e1ebc5c,,,,,,,,,,,,,,,,,,,,,,,,,,,,,,,,,,,,,,,,,,,5,,,,,,,,,,,,,4,,,,,,,,,,,,,,,,,,,,,,,,,,,,,,,,,,,,,,,,,,,,,,k,0.4586,,space,0.5926,,4,purple_gnome,4,4,dark_forest,red_basket,orange_gnome,4,3,bright_forest,yellow_basket,15,0,0,1,orange_gnome,bright_forest,yellow_basket,1140,-1,2,8,5,69,7,1,,,,,,,,,,,,,,,,,,,,,,,,,,,,,,,,,,,,,,,,,,,,,,,,,,,,,,,,,,,,,,,,,,,,,
,,,,,,,,,,,,,,,,,,,,,,,,,,,,,,,,,,,,,,,,,,,,,,,,,,,,,,,,,,,,,,,,,,152771,001,2024-11-06_17h26.26.319,experiment,2023.2.3,Win32,48.07692308,66b8e2fd7ed9ec6e6bb94a9d,672b928d7ee8c8ad18e9ad28,672ba68864bf9bfe3e1ebc5c,,,,,,,,,,,,,,,,,,,,,,,,,,,,,,,,,,,,,,,,,,,5,,,,,,,,,,,,,2,,,,,,,,,,,,,,,,,,,,,,,,,,,,,,,,,,,,,,,,,,,,,,k,0.6592,,space,0.4748,,2,blue_gnome,2,2,bright_forest,yellow_basket,pink_gnome,2,6,dark_forest,red_basket,30,0,0,1,pink_gnome,dark_forest,red_basket,1170,-3,3,8,6,70,5,1,,,,,,,,,,,,,,,,,,,,,,,,,,,,,,,,,,,,,,,,,,,,,,,,,,,,,,,,,,,,,,,,,,,,,
,,,,,,,,,,,,,,,,,,,,,,,,,,,,,,,,,,,,,,,,,,,,,,,,,,,,,,,,,,,,,,,,,,152771,001,2024-11-06_17h26.26.319,experiment,2023.2.3,Win32,48.07692308,66b8e2fd7ed9ec6e6bb94a9d,672b928d7ee8c8ad18e9ad28,672ba68864bf9bfe3e1ebc5c,,,,,,,,,,,,,,,,,,,,,,,,,,,,,,,,,,,,,,,,,,,1,,,,,,,,,,,,,4,,,,,,,,,,,,,,,,,,,,,,,,,,,,,,,,,,,,,,,,,,,,,,s,0.8259,,space,0.4667,,4,purple_gnome,4,9,dark_forest,red_basket,orange_gnome,4,1,bright_forest,yellow_basket,9,0,0,1,purple_gnome,dark_forest,red_basket,1179,-2,-3,8,7,71,3,1,,,,,,,,,,,,,,,,,,,,,,,,,,,,,,,,,,,,,,,,,,,,,,,,,,,,,,,,,,,,,,,,,,,,,
,,,,,,,,,,,,,,,,,,,,,,,,,,,,,,,,,,,,,,,,,,,,,,,,,,,,,,,,,,,,,,,,,,152771,001,2024-11-06_17h26.26.319,experiment,2023.2.3,Win32,48.07692308,66b8e2fd7ed9ec6e6bb94a9d,672b928d7ee8c8ad18e9ad28,672ba68864bf9bfe3e1ebc5c,,,,,,,,,,,,,,,,,,,,,,,,,,,,,,,,,,,,,,,,,,,1,,,,,,,,,,,,,1,,,,,,,,,,,,,,,,,,,,,,,,,,,,,,,,,,,,,,,,,,,,,,s,0.3348,,space,0.3473,,1,yellow_gnome,1,1,bright_forest,yellow_basket,green_gnome,1,6,dark_forest,red_basket,1,0,0,1,yellow_gnome,bright_forest,yellow_basket,1180,3,2,9,0,72,0,1,,,,,,,,,,,,,,,,,,,,,,,,,,,,,,,,,,,,,,,,,,,,,,,,,,,,,,,,,,,,,,,,,,,,,
,,,,,,,,,,,,,,,,,,,,,,,,,,,,,,,,,,,,,,,,,,,,,,,,,,,,,,,,,,,,,,,,,,152771,001,2024-11-06_17h26.26.319,experiment,2023.2.3,Win32,48.07692308,66b8e2fd7ed9ec6e6bb94a9d,672b928d7ee8c8ad18e9ad28,672ba68864bf9bfe3e1ebc5c,,,,,,,,,,,,,,,,,,,,,,,,,,,,,,,,,,,,,,,,,,,5,,,,,,,,,,,,,2,,,,,,,,,,,,,,,,,,,,,,,,,,,,,,,,,,,,,,,,,,,,,,k,0.4428,,space,0.3093,,2,pink_gnome,2,8,dark_forest,red_basket,blue_gnome,2,4,bright_forest,yellow_basket,20,0,0,1,blue_gnome,bright_forest,yellow_basket,1200,-1,2,9,1,73,5,1,,,,,,,,,,,,,,,,,,,,,,,,,,,,,,,,,,,,,,,,,,,,,,,,,,,,,,,,,,,,,,,,,,,,,
,,,,,,,,,,,,,,,,,,,,,,,,,,,,,,,,,,,,,,,,,,,,,,,,,,,,,,,,,,,,,,,,,,152771,001,2024-11-06_17h26.26.319,experiment,2023.2.3,Win32,48.07692308,66b8e2fd7ed9ec6e6bb94a9d,672b928d7ee8c8ad18e9ad28,672ba68864bf9bfe3e1ebc5c,,,,,,,,,,,,,,,,,,,,,,,,,,,,,,,,,,,,,,,,,,,5,,,,,,,,,,,,,2,,,,,,,,,,,,,,,,,,,,,,,,,,,,,,,,,,,,,,,,,,,,,,k,0.2099,,space,0.343,,2,pink_gnome,2,8,dark_forest,red_basket,blue_gnome,2,3,bright_forest,yellow_basket,15,0,0,1,blue_gnome,bright_forest,yellow_basket,1215,2,-6,9,2,74,5,1,,,,,,,,,,,,,,,,,,,,,,,,,,,,,,,,,,,,,,,,,,,,,,,,,,,,,,,,,,,,,,,,,,,,,
,,,,,,,,,,,,,,,,,,,,,,,,,,,,,,,,,,,,,,,,,,,,,,,,,,,,,,,,,,,,,,,,,,152771,001,2024-11-06_17h26.26.319,experiment,2023.2.3,Win32,48.07692308,66b8e2fd7ed9ec6e6bb94a9d,672b928d7ee8c8ad18e9ad28,672ba68864bf9bfe3e1ebc5c,,,,,,,,,,,,,,,,,,,,,,,,,,,,,,,,,,,,,,,,,,,1,,,,,,,,,,,,,2,,,,,,,,,,,,,,,,,,,,,,,,,,,,,,,,,,,,,,,,,,,,,,s,0.314,,,,,2,pink_gnome,2,2,dark_forest,red_basket,blue_gnome,2,5,bright_forest,yellow_basket,0,0,1,0,pink_gnome,dark_forest,red_basket,1215,1,-1,9,3,75,1,1,,,,,,,,,,,,,,,,,,,,,,,,,,,,,,,,,,,,,,,,,,,,,,,,,,,,,,,,,,,,,,,,,,,,,
,,,,,,,,,,,,,,,,,,,,,,,,,,,,,,,,,,,,,,,,,,,,,,,,,,,,,,,,,,,,,,,,,,152771,001,2024-11-06_17h26.26.319,experiment,2023.2.3,Win32,48.07692308,66b8e2fd7ed9ec6e6bb94a9d,672b928d7ee8c8ad18e9ad28,672ba68864bf9bfe3e1ebc5c,,,,,,,,,,,,,,,,,,,,,,,,,,,,,,,,,,,,,,,,,,,1,,,,,,,,,,,,,2,,,,,,,,,,,,,,,,,,,,,,,,,,,,,,,,,,,,,,,,,,,,,,s,0.6593,,space,1.2253,,2,pink_gnome,2,1,dark_forest,red_basket,blue_gnome,2,6,bright_forest,yellow_basket,1,0,0,1,pink_gnome,dark_forest,red_basket,1216,4,1,9,4,76,1,1,,,,,,,,,,,,,,,,,,,,,,,,,,,,,,,,,,,,,,,,,,,,,,,,,,,,,,,,,,,,,,,,,,,,,
,,,,,,,,,,,,,,,,,,,,,,,,,,,,,,,,,,,,,,,,,,,,,,,,,,,,,,,,,,,,,,,,,,152771,001,2024-11-06_17h26.26.319,experiment,2023.2.3,Win32,48.07692308,66b8e2fd7ed9ec6e6bb94a9d,672b928d7ee8c8ad18e9ad28,672ba68864bf9bfe3e1ebc5c,,,,,,,,,,,,,,,,,,,,,,,,,,,,,,,,,,,,,,,,,,,5,,,,,,,,,,,,,1,,,,,,,,,,,,,,,,,,,,,,,,,,,,,,,,,,,,,,,,,,,,,,k,0.3087,,space,0.5747,,1,yellow_gnome,1,8,bright_forest,yellow_basket,green_gnome,1,2,dark_forest,red_basket,10,0,0,1,green_gnome,dark_forest,red_basket,1226,-1,-2,9,5,77,4,1,,,,,,,,,,,,,,,,,,,,,,,,,,,,,,,,,,,,,,,,,,,,,,,,,,,,,,,,,,,,,,,,,,,,,
,,,,,,,,,,,,,,,,,,,,,,,,,,,,,,,,,,,,,,,,,,,,,,,,,,,,,,,,,,,,,,,,,,152771,001,2024-11-06_17h26.26.319,experiment,2023.2.3,Win32,48.07692308,66b8e2fd7ed9ec6e6bb94a9d,672b928d7ee8c8ad18e9ad28,672ba68864bf9bfe3e1ebc5c,,,,,,,,,,,,,,,,,,,,,,,,,,,,,,,,,,,,,,,,,,,5,,,,,,,,,,,,,4,,,,,,,,,,,,,,,,,,,,,,,,,,,,,,,,,,,,,,,,,,,,,,k,0.3083,,space,1.0299,,4,orange_gnome,4,7,bright_forest,yellow_basket,purple_gnome,4,0,dark_forest,red_basket,0,0,0,1,purple_gnome,dark_forest,red_basket,1226,-1,0,9,6,78,7,1,,,,,,,,,,,,,,,,,,,,,,,,,,,,,,,,,,,,,,,,,,,,,,,,,,,,,,,,,,,,,,,,,,,,,
,,,,,,,,,,,,,,,,,,,,,,,,,,,,,,,,,,,,,,,,,,,,,,,,,,,,,,,,,,,,,,,,,,152771,001,2024-11-06_17h26.26.319,experiment,2023.2.3,Win32,48.07692308,66b8e2fd7ed9ec6e6bb94a9d,672b928d7ee8c8ad18e9ad28,672ba68864bf9bfe3e1ebc5c,,,,,,,,,,,,,,,,,,,,,,,,,,,,,,,,,,,,,,,,,,,1,,,,,,,,,,,,,3,,,,,,,,,,,,,,,,,,,,,,,,,,,,,,,,,,,,,,,,,,,,,,s,0.26,,space,0.6258,,3,red_gnome,3,6,bright_forest,yellow_basket,brown_gnome,3,0,dark_forest,red_basket,6,0,0,1,red_gnome,bright_forest,yellow_basket,1232,-1,0,9,7,79,2,1,,,,,,,,,,,,,,,,,,,,,,,,,,,,,,,,,,,,,,,,,,,,,,,,,,,,,,,,,,,,,,,,,,,,,
,,,,,,,,,,,,,,,,,,,,,,,,,,,,,,,,,,,,,,,,,,,,,,,,,,,,,,,,,,,,,,,,,,152771,001,2024-11-06_17h26.26.319,experiment,2023.2.3,Win32,48.07692308,66b8e2fd7ed9ec6e6bb94a9d,672b928d7ee8c8ad18e9ad28,672ba68864bf9bfe3e1ebc5c,,,,,,,,,,,,,,,,,,,,,,,,,,,,,,,,,,,,,,,,,,,5,,,,,,,,,,,,,4,,,,,,,,,,,,,,,,,,,,,,,,,,,,,,,,,,,,,,,,,,,,,,k,0.3265,,space,0.2917,,4,orange_gnome,4,5,bright_forest,yellow_basket,purple_gnome,4,0,dark_forest,red_basket,0,0,0,1,purple_gnome,dark_forest,red_basket,1232,1,-1,10,0,80,7,1,,,,,,,,,,,,,,,,,,,,,,,,,,,,,,,,,,,,,,,,,,,,,,,,,,,,,,,,,,,,,,,,,,,,,
,,,,,,,,,,,,,,,,,,,,,,,,,,,,,,,,,,,,,,,,,,,,,,,,,,,,,,,,,,,,,,,,,,152771,001,2024-11-06_17h26.26.319,experiment,2023.2.3,Win32,48.07692308,66b8e2fd7ed9ec6e6bb94a9d,672b928d7ee8c8ad18e9ad28,672ba68864bf9bfe3e1ebc5c,,,,,,,,,,,,,,,,,,,,,,,,,,,,,,,,,,,,,,,,,,,5,,,,,,,,,,,,,4,,,,,,,,,,,,,,,,,,,,,,,,,,,,,,,,,,,,,,,,,,,,,,s,0.3764,,space,0.2595,,4,orange_gnome,4,6,bright_forest,yellow_basket,purple_gnome,4,1,dark_forest,red_basket,30,0,0,1,orange_gnome,bright_forest,yellow_basket,1262,-4,1,10,1,81,7,1,,,,,,,,,,,,,,,,,,,,,,,,,,,,,,,,,,,,,,,,,,,,,,,,,,,,,,,,,,,,,,,,,,,,,
,,,,,,,,,,,,,,,,,,,,,,,,,,,,,,,,,,,,,,,,,,,,,,,,,,,,,,,,,,,,,,,,,,152771,001,2024-11-06_17h26.26.319,experiment,2023.2.3,Win32,48.07692308,66b8e2fd7ed9ec6e6bb94a9d,672b928d7ee8c8ad18e9ad28,672ba68864bf9bfe3e1ebc5c,,,,,,,,,,,,,,,,,,,,,,,,,,,,,,,,,,,,,,,,,,,5,,,,,,,,,,,,,1,,,,,,,,,,,,,,,,,,,,,,,,,,,,,,,,,,,,,,,,,,,,,,s,0.4095,,space,0.3122,,1,yellow_gnome,1,2,bright_forest,yellow_basket,green_gnome,1,2,dark_forest,red_basket,10,0,0,1,yellow_gnome,bright_forest,yellow_basket,1272,2,-1,10,2,82,4,1,,,,,,,,,,,,,,,,,,,,,,,,,,,,,,,,,,,,,,,,,,,,,,,,,,,,,,,,,,,,,,,,,,,,,
,,,,,,,,,,,,,,,,,,,,,,,,,,,,,,,,,,,,,,,,,,,,,,,,,,,,,,,,,,,,,,,,,,152771,001,2024-11-06_17h26.26.319,experiment,2023.2.3,Win32,48.07692308,66b8e2fd7ed9ec6e6bb94a9d,672b928d7ee8c8ad18e9ad28,672ba68864bf9bfe3e1ebc5c,,,,,,,,,,,,,,,,,,,,,,,,,,,,,,,,,,,,,,,,,,,1,,,,,,,,,,,,,2,,,,,,,,,,,,,,,,,,,,,,,,,,,,,,,,,,,,,,,,,,,,,,k,0.2769,,space,0.293,,2,pink_gnome,2,1,dark_forest,red_basket,blue_gnome,2,4,bright_forest,yellow_basket,4,0,0,1,blue_gnome,bright_forest,yellow_basket,1276,2,-2,10,3,83,1,1,,,,,,,,,,,,,,,,,,,,,,,,,,,,,,,,,,,,,,,,,,,,,,,,,,,,,,,,,,,,,,,,,,,,,
,,,,,,,,,,,,,,,,,,,,,,,,,,,,,,,,,,,,,,,,,,,,,,,,,,,,,,,,,,,,,,,,,,152771,001,2024-11-06_17h26.26.319,experiment,2023.2.3,Win32,48.07692308,66b8e2fd7ed9ec6e6bb94a9d,672b928d7ee8c8ad18e9ad28,672ba68864bf9bfe3e1ebc5c,,,,,,,,,,,,,,,,,,,,,,,,,,,,,,,,,,,,,,,,,,,5,,,,,,,,,,,,,4,,,,,,,,,,,,,,,,,,,,,,,,,,,,,,,,,,,,,,,,,,,,,,k,0.2961,,space,0.3959,,4,purple_gnome,4,1,dark_forest,red_basket,orange_gnome,4,6,bright_forest,yellow_basket,30,0,0,1,orange_gnome,bright_forest,yellow_basket,1306,2,3,10,4,84,7,1,,,,,,,,,,,,,,,,,,,,,,,,,,,,,,,,,,,,,,,,,,,,,,,,,,,,,,,,,,,,,,,,,,,,,
,,,,,,,,,,,,,,,,,,,,,,,,,,,,,,,,,,,,,,,,,,,,,,,,,,,,,,,,,,,,,,,,,,152771,001,2024-11-06_17h26.26.319,experiment,2023.2.3,Win32,48.07692308,66b8e2fd7ed9ec6e6bb94a9d,672b928d7ee8c8ad18e9ad28,672ba68864bf9bfe3e1ebc5c,,,,,,,,,,,,,,,,,,,,,,,,,,,,,,,,,,,,,,,,,,,5,,,,,,,,,,,,,3,,,,,,,,,,,,,,,,,,,,,,,,,,,,,,,,,,,,,,,,,,,,,,s,0.6799,,space,0.2585,,3,brown_gnome,3,4,dark_forest,red_basket,red_gnome,3,8,bright_forest,yellow_basket,20,0,0,1,brown_gnome,dark_forest,red_basket,1326,0,0,10,5,85,6,1,,,,,,,,,,,,,,,,,,,,,,,,,,,,,,,,,,,,,,,,,,,,,,,,,,,,,,,,,,,,,,,,,,,,,
,,,,,,,,,,,,,,,,,,,,,,,,,,,,,,,,,,,,,,,,,,,,,,,,,,,,,,,,,,,,,,,,,,152771,001,2024-11-06_17h26.26.319,experiment,2023.2.3,Win32,48.07692308,66b8e2fd7ed9ec6e6bb94a9d,672b928d7ee8c8ad18e9ad28,672ba68864bf9bfe3e1ebc5c,,,,,,,,,,,,,,,,,,,,,,,,,,,,,,,,,,,,,,,,,,,5,,,,,,,,,,,,,4,,,,,,,,,,,,,,,,,,,,,,,,,,,,,,,,,,,,,,,,,,,,,,s,0.3955,,space,0.3459,,4,orange_gnome,4,8,bright_forest,yellow_basket,purple_gnome,4,4,dark_forest,red_basket,40,0,0,1,orange_gnome,bright_forest,yellow_basket,1366,-2,3,10,6,86,7,1,,,,,,,,,,,,,,,,,,,,,,,,,,,,,,,,,,,,,,,,,,,,,,,,,,,,,,,,,,,,,,,,,,,,,
,,,,,,,,,,,,,,,,,,,,,,,,,,,,,,,,,,,,,,,,,,,,,,,,,,,,,,,,,,,,,,,,,,152771,001,2024-11-06_17h26.26.319,experiment,2023.2.3,Win32,48.07692308,66b8e2fd7ed9ec6e6bb94a9d,672b928d7ee8c8ad18e9ad28,672ba68864bf9bfe3e1ebc5c,,,,,,,,,,,,,,,,,,,,,,,,,,,,,,,,,,,,,,,,,,,5,,,,,,,,,,,,,1,,,,,,,,,,,,,,,,,,,,,,,,,,,,,,,,,,,,,,,,,,,,,,s,0.3595,,space,0.1093,,1,green_gnome,1,7,dark_forest,red_basket,yellow_gnome,1,6,bright_forest,yellow_basket,35,0,0,1,green_gnome,dark_forest,red_basket,1401,0,1,10,7,87,4,1,,,,,,,,,,,,,,,,,,,,,,,,,,,,,,,,,,,,,,,,,,,,,,,,,,,,,,,,,,,,,,,,,,,,,
,,,,,,,,,,,,,,,,,,,,,,,,,,,,,,,,,,,,,,,,,,,,,,,,,,,,,,,,,,,,,,,,,,152771,001,2024-11-06_17h26.26.319,experiment,2023.2.3,Win32,48.07692308,66b8e2fd7ed9ec6e6bb94a9d,672b928d7ee8c8ad18e9ad28,672ba68864bf9bfe3e1ebc5c,,,,,,,,,,,,,,,,,,,,,,,,,,,,,,,,,,,,,,,,,,,1,,,,,,,,,,,,,1,,,,,,,,,,,,,,,,,,,,,,,,,,,,,,,,,,,,,,,,,,,,,,k,1.0744,,space,0.4093,,1,green_gnome,1,8,dark_forest,red_basket,yellow_gnome,1,6,bright_forest,yellow_basket,6,0,0,1,yellow_gnome,bright_forest,yellow_basket,1407,4,-1,11,0,88,0,1,,,,,,,,,,,,,,,,,,,,,,,,,,,,,,,,,,,,,,,,,,,,,,,,,,,,,,,,,,,,,,,,,,,,,
,,,,,,,,,,,,,,,,,,,,,,,,,,,,,,,,,,,,,,,,,,,,,,,,,,,,,,,,,,,,,,,,,,152771,001,2024-11-06_17h26.26.319,experiment,2023.2.3,Win32,48.07692308,66b8e2fd7ed9ec6e6bb94a9d,672b928d7ee8c8ad18e9ad28,672ba68864bf9bfe3e1ebc5c,,,,,,,,,,,,,,,,,,,,,,,,,,,,,,,,,,,,,,,,,,,5,,,,,,,,,,,,,2,,,,,,,,,,,,,,,,,,,,,,,,,,,,,,,,,,,,,,,,,,,,,,s,0.3596,,space,0.3095,,2,blue_gnome,2,8,bright_forest,yellow_basket,pink_gnome,2,7,dark_forest,red_basket,40,0,0,1,blue_gnome,bright_forest,yellow_basket,1447,2,2,11,1,89,5,1,,,,,,,,,,,,,,,,,,,,,,,,,,,,,,,,,,,,,,,,,,,,,,,,,,,,,,,,,,,,,,,,,,,,,
,,,,,,,,,,,,,,,,,,,,,,,,,,,,,,,,,,,,,,,,,,,,,,,,,,,,,,,,,,,,,,,,,,152771,001,2024-11-06_17h26.26.319,experiment,2023.2.3,Win32,48.07692308,66b8e2fd7ed9ec6e6bb94a9d,672b928d7ee8c8ad18e9ad28,672ba68864bf9bfe3e1ebc5c,,,,,,,,,,,,,,,,,,,,,,,,,,,,,,,,,,,,,,,,,,,1,,,,,,,,,,,,,4,,,,,,,,,,,,,,,,,,,,,,,,,,,,,,,,,,,,,,,,,,,,,,k,0.4262,,space,0.3103,,4,purple_gnome,4,9,dark_forest,red_basket,orange_gnome,4,8,bright_forest,yellow_basket,8,0,0,1,orange_gnome,bright_forest,yellow_basket,1455,-1,-2,11,2,90,3,1,,,,,,,,,,,,,,,,,,,,,,,,,,,,,,,,,,,,,,,,,,,,,,,,,,,,,,,,,,,,,,,,,,,,,
,,,,,,,,,,,,,,,,,,,,,,,,,,,,,,,,,,,,,,,,,,,,,,,,,,,,,,,,,,,,,,,,,,152771,001,2024-11-06_17h26.26.319,experiment,2023.2.3,Win32,48.07692308,66b8e2fd7ed9ec6e6bb94a9d,672b928d7ee8c8ad18e9ad28,672ba68864bf9bfe3e1ebc5c,,,,,,,,,,,,,,,,,,,,,,,,,,,,,,,,,,,,,,,,,,,1,,,,,,,,,,,,,1,,,,,,,,,,,,,,,,,,,,,,,,,,,,,,,,,,,,,,,,,,,,,,k,0.3098,,space,0.1924,,1,green_gnome,1,7,dark_forest,red_basket,yellow_gnome,1,7,bright_forest,yellow_basket,7,0,0,1,yellow_gnome,bright_forest,yellow_basket,1462,-1,2,11,3,91,0,1,,,,,,,,,,,,,,,,,,,,,,,,,,,,,,,,,,,,,,,,,,,,,,,,,,,,,,,,,,,,,,,,,,,,,
,,,,,,,,,,,,,,,,,,,,,,,,,,,,,,,,,,,,,,,,,,,,,,,,,,,,,,,,,,,,,,,,,,152771,001,2024-11-06_17h26.26.319,experiment,2023.2.3,Win32,48.07692308,66b8e2fd7ed9ec6e6bb94a9d,672b928d7ee8c8ad18e9ad28,672ba68864bf9bfe3e1ebc5c,,,,,,,,,,,,,,,,,,,,,,,,,,,,,,,,,,,,,,,,,,,1,,,,,,,,,,,,,1,,,,,,,,,,,,,,,,,,,,,,,,,,,,,,,,,,,,,,,,,,,,,,k,0.3513,,space,0.3429,,1,green_gnome,1,9,dark_forest,red_basket,yellow_gnome,1,6,bright_forest,yellow_basket,6,0,0,1,yellow_gnome,bright_forest,yellow_basket,1468,-1,0,11,4,92,0,1,,,,,,,,,,,,,,,,,,,,,,,,,,,,,,,,,,,,,,,,,,,,,,,,,,,,,,,,,,,,,,,,,,,,,
,,,,,,,,,,,,,,,,,,,,,,,,,,,,,,,,,,,,,,,,,,,,,,,,,,,,,,,,,,,,,,,,,,152771,001,2024-11-06_17h26.26.319,experiment,2023.2.3,Win32,48.07692308,66b8e2fd7ed9ec6e6bb94a9d,672b928d7ee8c8ad18e9ad28,672ba68864bf9bfe3e1ebc5c,,,,,,,,,,,,,,,,,,,,,,,,,,,,,,,,,,,,,,,,,,,5,,,,,,,,,,,,,3,,,,,,,,,,,,,,,,,,,,,,,,,,,,,,,,,,,,,,,,,,,,,,s,0.4624,,space,0.2916,,3,brown_gnome,3,9,dark_forest,red_basket,red_gnome,3,5,bright_forest,yellow_basket,45,0,0,1,brown_gnome,dark_forest,red_basket,1513,4,3,11,5,93,6,1,,,,,,,,,,,,,,,,,,,,,,,,,,,,,,,,,,,,,,,,,,,,,,,,,,,,,,,,,,,,,,,,,,,,,
,,,,,,,,,,,,,,,,,,,,,,,,,,,,,,,,,,,,,,,,,,,,,,,,,,,,,,,,,,,,,,,,,,152771,001,2024-11-06_17h26.26.319,experiment,2023.2.3,Win32,48.07692308,66b8e2fd7ed9ec6e6bb94a9d,672b928d7ee8c8ad18e9ad28,672ba68864bf9bfe3e1ebc5c,,,,,,,,,,,,,,,,,,,,,,,,,,,,,,,,,,,,,,,,,,,1,,,,,,,,,,,,,2,,,,,,,,,,,,,,,,,,,,,,,,,,,,,,,,,,,,,,,,,,,,,,s,0.3318,,space,0.2756,,2,blue_gnome,2,9,bright_forest,yellow_basket,pink_gnome,2,6,dark_forest,red_basket,9,0,0,1,blue_gnome,bright_forest,yellow_basket,1522,2,-2,11,6,94,1,1,,,,,,,,,,,,,,,,,,,,,,,,,,,,,,,,,,,,,,,,,,,,,,,,,,,,,,,,,,,,,,,,,,,,,
,,,,,,,,,,,,,,,,,,,,,,,,,,,,,,,,,,,,,,,,,,,,,,,,,,,,,,,,,,,,,,,,,,152771,001,2024-11-06_17h26.26.319,experiment,2023.2.3,Win32,48.07692308,66b8e2fd7ed9ec6e6bb94a9d,672b928d7ee8c8ad18e9ad28,672ba68864bf9bfe3e1ebc5c,,,,,,,,,,,,,,,,,,,,,,,,,,,,,,,,,,,,,,,,,,,1,,,,,,,,,,,,,1,,,,,,,,,,,,,,,,,,,,,,,,,,,,,,,,,,,,,,,,,,,,,,s,0.3016,,space,0.6416,,1,green_gnome,1,4,dark_forest,red_basket,yellow_gnome,1,7,bright_forest,yellow_basket,4,0,0,1,green_gnome,dark_forest,red_basket,1526,1,0,11,7,95,0,1,,,,,,,,,,,,,,,,,,,,,,,,,,,,,,,,,,,,,,,,,,,,,,,,,,,,,,,,,,,,,,,,,,,,,
,,,,,,,,,,,,,,,,,,,,,,,,,,,,,,,,,,,,,,,,,,,,,,,,,,,,,,,,,,,,,,,,,,152771,001,2024-11-06_17h26.26.319,experiment,2023.2.3,Win32,48.07692308,66b8e2fd7ed9ec6e6bb94a9d,672b928d7ee8c8ad18e9ad28,672ba68864bf9bfe3e1ebc5c,,,,,,,,,,,,,,,,,,,,,,,,,,,,,,,,,,,,,,,,,,,1,,,,,,,,,,,,,3,,,,,,,,,,,,,,,,,,,,,,,,,,,,,,,,,,,,,,,,,,,,,,s,0.2954,,space,0.2419,,3,brown_gnome,3,4,dark_forest,red_basket,red_gnome,3,8,bright_forest,yellow_basket,4,0,0,1,brown_gnome,dark_forest,red_basket,1530,1,1,12,0,96,2,1,,,,,,,,,,,,,,,,,,,,,,,,,,,,,,,,,,,,,,,,,,,,,,,,,,,,,,,,,,,,,,,,,,,,,
,,,,,,,,,,,,,,,,,,,,,,,,,,,,,,,,,,,,,,,,,,,,,,,,,,,,,,,,,,,,,,,,,,152771,001,2024-11-06_17h26.26.319,experiment,2023.2.3,Win32,48.07692308,66b8e2fd7ed9ec6e6bb94a9d,672b928d7ee8c8ad18e9ad28,672ba68864bf9bfe3e1ebc5c,,,,,,,,,,,,,,,,,,,,,,,,,,,,,,,,,,,,,,,,,,,1,,,,,,,,,,,,,1,,,,,,,,,,,,,,,,,,,,,,,,,,,,,,,,,,,,,,,,,,,,,,s,0.4252,,space,0.2761,,1,yellow_gnome,1,9,bright_forest,yellow_basket,green_gnome,1,5,dark_forest,red_basket,9,0,0,1,yellow_gnome,bright_forest,yellow_basket,1539,1,-2,12,1,97,0,1,,,,,,,,,,,,,,,,,,,,,,,,,,,,,,,,,,,,,,,,,,,,,,,,,,,,,,,,,,,,,,,,,,,,,
,,,,,,,,,,,,,,,,,,,,,,,,,,,,,,,,,,,,,,,,,,,,,,,,,,,,,,,,,,,,,,,,,,152771,001,2024-11-06_17h26.26.319,experiment,2023.2.3,Win32,48.07692308,66b8e2fd7ed9ec6e6bb94a9d,672b928d7ee8c8ad18e9ad28,672ba68864bf9bfe3e1ebc5c,,,,,,,,,,,,,,,,,,,,,,,,,,,,,,,,,,,,,,,,,,,5,,,,,,,,,,,,,1,,,,,,,,,,,,,,,,,,,,,,,,,,,,,,,,,,,,,,,,,,,,,,s,0.5468,,space,0.267,,1,green_gnome,1,3,dark_forest,red_basket,yellow_gnome,1,8,bright_forest,yellow_basket,15,0,0,1,green_gnome,dark_forest,red_basket,1554,-1,-4,12,2,98,4,1,,,,,,,,,,,,,,,,,,,,,,,,,,,,,,,,,,,,,,,,,,,,,,,,,,,,,,,,,,,,,,,,,,,,,
,,,,,,,,,,,,,,,,,,,,,,,,,,,,,,,,,,,,,,,,,,,,,,,,,,,,,,,,,,,,,,,,,,152771,001,2024-11-06_17h26.26.319,experiment,2023.2.3,Win32,48.07692308,66b8e2fd7ed9ec6e6bb94a9d,672b928d7ee8c8ad18e9ad28,672ba68864bf9bfe3e1ebc5c,,,,,,,,,,,,,,,,,,,,,,,,,,,,,,,,,,,,,,,,,,,5,,,,,,,,,,,,,2,,,,,,,,,,,,,,,,,,,,,,,,,,,,,,,,,,,,,,,,,,,,,,s,0.3838,,space,0.313,,2,blue_gnome,2,7,bright_forest,yellow_basket,pink_gnome,2,1,dark_forest,red_basket,35,0,0,1,blue_gnome,bright_forest,yellow_basket,1589,1,-3,12,3,99,5,1,,,,,,,,,,,,,,,,,,,,,,,,,,,,,,,,,,,,,,,,,,,,,,,,,,,,,,,,,,,,,,,,,,,,,
,,,,,,,,,,,,,,,,,,,,,,,,,,,,,,,,,,,,,,,,,,,,,,,,,,,,,,,,,,,,,,,,,,152771,001,2024-11-06_17h26.26.319,experiment,2023.2.3,Win32,48.07692308,66b8e2fd7ed9ec6e6bb94a9d,672b928d7ee8c8ad18e9ad28,672ba68864bf9bfe3e1ebc5c,,,,,,,,,,,,,,,,,,,,,,,,,,,,,,,,,,,,,,,,,,,5,,,,,,,,,,,,,3,,,,,,,,,,,,,,,,,,,,,,,,,,,,,,,,,,,,,,,,,,,,,,s,0.3454,,space,0.276,,3,red_gnome,3,8,bright_forest,yellow_basket,brown_gnome,3,2,dark_forest,red_basket,40,0,0,1,red_gnome,bright_forest,yellow_basket,1629,2,-1,12,4,100,6,1,,,,,,,,,,,,,,,,,,,,,,,,,,,,,,,,,,,,,,,,,,,,,,,,,,,,,,,,,,,,,,,,,,,,,
,,,,,,,,,,,,,,,,,,,,,,,,,,,,,,,,,,,,,,,,,,,,,,,,,,,,,,,,,,,,,,,,,,152771,001,2024-11-06_17h26.26.319,experiment,2023.2.3,Win32,48.07692308,66b8e2fd7ed9ec6e6bb94a9d,672b928d7ee8c8ad18e9ad28,672ba68864bf9bfe3e1ebc5c,,,,,,,,,,,,,,,,,,,,,,,,,,,,,,,,,,,,,,,,,,,1,,,,,,,,,,,,,2,,,,,,,,,,,,,,,,,,,,,,,,,,,,,,,,,,,,,,,,,,,,,,k,0.5998,,space,0.2773,,2,pink_gnome,2,1,dark_forest,red_basket,blue_gnome,2,8,bright_forest,yellow_basket,8,0,0,1,blue_gnome,bright_forest,yellow_basket,1637,0,1,12,5,101,1,1,,,,,,,,,,,,,,,,,,,,,,,,,,,,,,,,,,,,,,,,,,,,,,,,,,,,,,,,,,,,,,,,,,,,,
,,,,,,,,,,,,,,,,,,,,,,,,,,,,,,,,,,,,,,,,,,,,,,,,,,,,,,,,,,,,,,,,,,152771,001,2024-11-06_17h26.26.319,experiment,2023.2.3,Win32,48.07692308,66b8e2fd7ed9ec6e6bb94a9d,672b928d7ee8c8ad18e9ad28,672ba68864bf9bfe3e1ebc5c,,,,,,,,,,,,,,,,,,,,,,,,,,,,,,,,,,,,,,,,,,,5,,,,,,,,,,,,,1,,,,,,,,,,,,,,,,,,,,,,,,,,,,,,,,,,,,,,,,,,,,,,k,0.3476,,space,0.1098,,1,green_gnome,1,2,dark_forest,red_basket,yellow_gnome,1,8,bright_forest,yellow_basket,40,0,0,1,yellow_gnome,bright_forest,yellow_basket,1677,0,2,12,6,102,4,1,,,,,,,,,,,,,,,,,,,,,,,,,,,,,,,,,,,,,,,,,,,,,,,,,,,,,,,,,,,,,,,,,,,,,
,,,,,,,,,,,,,,,,,,,,,,,,,,,,,,,,,,,,,,,,,,,,,,,,,,,,,,,,,,,,,,,,,,152771,001,2024-11-06_17h26.26.319,experiment,2023.2.3,Win32,48.07692308,66b8e2fd7ed9ec6e6bb94a9d,672b928d7ee8c8ad18e9ad28,672ba68864bf9bfe3e1ebc5c,,,,,,,,,,,,,,,,,,,,,,,,,,,,,,,,,,,,,,,,,,,1,,,,,,,,,,,,,1,,,,,,,,,,,,,,,,,,,,,,,,,,,,,,,,,,,,,,,,,,,,,,k,0.6677,,space,0.2794,,1,yellow_gnome,1,8,bright_forest,yellow_basket,green_gnome,1,4,dark_forest,red_basket,4,0,0,1,green_gnome,dark_forest,red_basket,1681,-1,0,12,7,103,0,1,,,,,,,,,,,,,,,,,,,,,,,,,,,,,,,,,,,,,,,,,,,,,,,,,,,,,,,,,,,,,,,,,,,,,
,,,,,,,,,,,,,,,,,,,,,,,,,,,,,,,,,,,,,,,,,,,,,,,,,,,,,,,,,,,,,,,,,,152771,001,2024-11-06_17h26.26.319,experiment,2023.2.3,Win32,48.07692308,66b8e2fd7ed9ec6e6bb94a9d,672b928d7ee8c8ad18e9ad28,672ba68864bf9bfe3e1ebc5c,,,,,,,,,,,,,,,,,,,,,,,,,,,,,,,,,,,,,,,,,,,1,,,,,,,,,,,,,4,,,,,,,,,,,,,,,,,,,,,,,,,,,,,,,,,,,,,,,,,,,,,,k,0.3262,,space,0.1081,,4,orange_gnome,4,7,bright_forest,yellow_basket,purple_gnome,4,4,dark_forest,red_basket,4,0,0,1,purple_gnome,dark_forest,red_basket,1685,0,2,13,0,104,3,1,,,,,,,,,,,,,,,,,,,,,,,,,,,,,,,,,,,,,,,,,,,,,,,,,,,,,,,,,,,,,,,,,,,,,
,,,,,,,,,,,,,,,,,,,,,,,,,,,,,,,,,,,,,,,,,,,,,,,,,,,,,,,,,,,,,,,,,,152771,001,2024-11-06_17h26.26.319,experiment,2023.2.3,Win32,48.07692308,66b8e2fd7ed9ec6e6bb94a9d,672b928d7ee8c8ad18e9ad28,672ba68864bf9bfe3e1ebc5c,,,,,,,,,,,,,,,,,,,,,,,,,,,,,,,,,,,,,,,,,,,5,,,,,,,,,,,,,2,,,,,,,,,,,,,,,,,,,,,,,,,,,,,,,,,,,,,,,,,,,,,,s,0.371,,space,0.0425,,2,pink_gnome,2,6,dark_forest,red_basket,blue_gnome,2,7,bright_forest,yellow_basket,30,0,0,1,pink_gnome,dark_forest,red_basket,1715,2,1,13,1,105,5,1,,,,,,,,,,,,,,,,,,,,,,,,,,,,,,,,,,,,,,,,,,,,,,,,,,,,,,,,,,,,,,,,,,,,,
,,,,,,,,,,,,,,,,,,,,,,,,,,,,,,,,,,,,,,,,,,,,,,,,,,,,,,,,,,,,,,,,,,152771,001,2024-11-06_17h26.26.319,experiment,2023.2.3,Win32,48.07692308,66b8e2fd7ed9ec6e6bb94a9d,672b928d7ee8c8ad18e9ad28,672ba68864bf9bfe3e1ebc5c,,,,,,,,,,,,,,,,,,,,,,,,,,,,,,,,,,,,,,,,,,,5,,,,,,,,,,,,,3,,,,,,,,,,,,,,,,,,,,,,,,,,,,,,,,,,,,,,,,,,,,,,s,0.3263,,space,0.2805,,3,brown_gnome,3,7,dark_forest,red_basket,red_gnome,3,9,bright_forest,yellow_basket,35,0,0,1,brown_gnome,dark_forest,red_basket,1750,0,-1,13,2,106,6,1,,,,,,,,,,,,,,,,,,,,,,,,,,,,,,,,,,,,,,,,,,,,,,,,,,,,,,,,,,,,,,,,,,,,,
,,,,,,,,,,,,,,,,,,,,,,,,,,,,,,,,,,,,,,,,,,,,,,,,,,,,,,,,,,,,,,,,,,152771,001,2024-11-06_17h26.26.319,experiment,2023.2.3,Win32,48.07692308,66b8e2fd7ed9ec6e6bb94a9d,672b928d7ee8c8ad18e9ad28,672ba68864bf9bfe3e1ebc5c,,,,,,,,,,,,,,,,,,,,,,,,,,,,,,,,,,,,,,,,,,,1,,,,,,,,,,,,,3,,,,,,,,,,,,,,,,,,,,,,,,,,,,,,,,,,,,,,,,,,,,,,k,0.3268,,space,1.0752,,3,brown_gnome,3,6,dark_forest,red_basket,red_gnome,3,9,bright_forest,yellow_basket,9,0,0,1,red_gnome,bright_forest,yellow_basket,1759,5,-1,13,3,107,2,1,,,,,,,,,,,,,,,,,,,,,,,,,,,,,,,,,,,,,,,,,,,,,,,,,,,,,,,,,,,,,,,,,,,,,
,,,,,,,,,,,,,,,,,,,,,,,,,,,,,,,,,,,,,,,,,,,,,,,,,,,,,,,,,,,,,,,,,,152771,001,2024-11-06_17h26.26.319,experiment,2023.2.3,Win32,48.07692308,66b8e2fd7ed9ec6e6bb94a9d,672b928d7ee8c8ad18e9ad28,672ba68864bf9bfe3e1ebc5c,,,,,,,,,,,,,,,,,,,,,,,,,,,,,,,,,,,,,,,,,,,5,,,,,,,,,,,,,4,,,,,,,,,,,,,,,,,,,,,,,,,,,,,,,,,,,,,,,,,,,,,,s,0.5928,,space,0.4251,,4,purple_gnome,4,5,dark_forest,red_basket,orange_gnome,4,4,bright_forest,yellow_basket,25,0,0,1,purple_gnome,dark_forest,red_basket,1784,0,-1,13,4,108,7,1,,,,,,,,,,,,,,,,,,,,,,,,,,,,,,,,,,,,,,,,,,,,,,,,,,,,,,,,,,,,,,,,,,,,,
,,,,,,,,,,,,,,,,,,,,,,,,,,,,,,,,,,,,,,,,,,,,,,,,,,,,,,,,,,,,,,,,,,152771,001,2024-11-06_17h26.26.319,experiment,2023.2.3,Win32,48.07692308,66b8e2fd7ed9ec6e6bb94a9d,672b928d7ee8c8ad18e9ad28,672ba68864bf9bfe3e1ebc5c,,,,,,,,,,,,,,,,,,,,,,,,,,,,,,,,,,,,,,,,,,,1,,,,,,,,,,,,,1,,,,,,,,,,,,,,,,,,,,,,,,,,,,,,,,,,,,,,,,,,,,,,k,0.393,,space,0.278,,1,green_gnome,1,4,dark_forest,red_basket,yellow_gnome,1,4,bright_forest,yellow_basket,4,0,0,1,yellow_gnome,bright_forest,yellow_basket,1788,-1,-1,13,5,109,0,1,,,,,,,,,,,,,,,,,,,,,,,,,,,,,,,,,,,,,,,,,,,,,,,,,,,,,,,,,,,,,,,,,,,,,
,,,,,,,,,,,,,,,,,,,,,,,,,,,,,,,,,,,,,,,,,,,,,,,,,,,,,,,,,,,,,,,,,,152771,001,2024-11-06_17h26.26.319,experiment,2023.2.3,Win32,48.07692308,66b8e2fd7ed9ec6e6bb94a9d,672b928d7ee8c8ad18e9ad28,672ba68864bf9bfe3e1ebc5c,,,,,,,,,,,,,,,,,,,,,,,,,,,,,,,,,,,,,,,,,,,1,,,,,,,,,,,,,1,,,,,,,,,,,,,,,,,,,,,,,,,,,,,,,,,,,,,,,,,,,,,,k,0.1316,,space,0.3264,,1,green_gnome,1,3,dark_forest,red_basket,yellow_gnome,1,3,bright_forest,yellow_basket,3,0,0,1,yellow_gnome,bright_forest,yellow_basket,1791,-1,3,13,6,110,0,1,,,,,,,,,,,,,,,,,,,,,,,,,,,,,,,,,,,,,,,,,,,,,,,,,,,,,,,,,,,,,,,,,,,,,
,,,,,,,,,,,,,,,,,,,,,,,,,,,,,,,,,,,,,,,,,,,,,,,,,,,,,,,,,,,,,,,,,,152771,001,2024-11-06_17h26.26.319,experiment,2023.2.3,Win32,48.07692308,66b8e2fd7ed9ec6e6bb94a9d,672b928d7ee8c8ad18e9ad28,672ba68864bf9bfe3e1ebc5c,,,,,,,,,,,,,,,,,,,,,,,,,,,,,,,,,,,,,,,,,,,1,,,,,,,,,,,,,4,,,,,,,,,,,,,,,,,,,,,,,,,,,,,,,,,,,,,,,,,,,,,,s,0.9589,,space,0.274,,4,purple_gnome,4,6,dark_forest,red_basket,orange_gnome,4,2,bright_forest,yellow_basket,6,0,0,1,purple_gnome,dark_forest,red_basket,1797,0,1,13,7,111,3,1,,,,,,,,,,,,,,,,,,,,,,,,,,,,,,,,,,,,,,,,,,,,,,,,,,,,,,,,,,,,,,,,,,,,,
,,,,,,,,,,,,,,,,,,,,,,,,,,,,,,,,,,,,,,,,,,,,,,,,,,,,,,,,,,,,,,,,,,152771,001,2024-11-06_17h26.26.319,experiment,2023.2.3,Win32,48.07692308,66b8e2fd7ed9ec6e6bb94a9d,672b928d7ee8c8ad18e9ad28,672ba68864bf9bfe3e1ebc5c,,,,,,,,,,,,,,,,,,,,,,,,,,,,,,,,,,,,,,,,,,,1,,,,,,,,,,,,,4,,,,,,,,,,,,,,,,,,,,,,,,,,,,,,,,,,,,,,,,,,,,,,k,0.3928,,space,0.5086,,4,orange_gnome,4,2,bright_forest,yellow_basket,purple_gnome,4,7,dark_forest,red_basket,7,0,0,1,purple_gnome,dark_forest,red_basket,1804,-2,-1,14,0,112,3,1,,,,,,,,,,,,,,,,,,,,,,,,,,,,,,,,,,,,,,,,,,,,,,,,,,,,,,,,,,,,,,,,,,,,,
,,,,,,,,,,,,,,,,,,,,,,,,,,,,,,,,,,,,,,,,,,,,,,,,,,,,,,,,,,,,,,,,,,152771,001,2024-11-06_17h26.26.319,experiment,2023.2.3,Win32,48.07692308,66b8e2fd7ed9ec6e6bb94a9d,672b928d7ee8c8ad18e9ad28,672ba68864bf9bfe3e1ebc5c,,,,,,,,,,,,,,,,,,,,,,,,,,,,,,,,,,,,,,,,,,,1,,,,,,,,,,,,,4,,,,,,,,,,,,,,,,,,,,,,,,,,,,,,,,,,,,,,,,,,,,,,k,0.679,,space,0.5608,,4,purple_gnome,4,6,dark_forest,red_basket,orange_gnome,4,0,bright_forest,yellow_basket,0,0,0,1,orange_gnome,bright_forest,yellow_basket,1804,-1,0,14,1,113,3,1,,,,,,,,,,,,,,,,,,,,,,,,,,,,,,,,,,,,,,,,,,,,,,,,,,,,,,,,,,,,,,,,,,,,,
,,,,,,,,,,,,,,,,,,,,,,,,,,,,,,,,,,,,,,,,,,,,,,,,,,,,,,,,,,,,,,,,,,152771,001,2024-11-06_17h26.26.319,experiment,2023.2.3,Win32,48.07692308,66b8e2fd7ed9ec6e6bb94a9d,672b928d7ee8c8ad18e9ad28,672ba68864bf9bfe3e1ebc5c,,,,,,,,,,,,,,,,,,,,,,,,,,,,,,,,,,,,,,,,,,,5,,,,,,,,,,,,,3,,,,,,,,,,,,,,,,,,,,,,,,,,,,,,,,,,,,,,,,,,,,,,s,0.5592,,space,0.3158,,3,red_gnome,3,1,bright_forest,yellow_basket,brown_gnome,3,6,dark_forest,red_basket,5,0,0,1,red_gnome,bright_forest,yellow_basket,1809,0,2,14,2,114,6,1,,,,,,,,,,,,,,,,,,,,,,,,,,,,,,,,,,,,,,,,,,,,,,,,,,,,,,,,,,,,,,,,,,,,,
,,,,,,,,,,,,,,,,,,,,,,,,,,,,,,,,,,,,,,,,,,,,,,,,,,,,,,,,,,,,,,,,,,152771,001,2024-11-06_17h26.26.319,experiment,2023.2.3,Win32,48.07692308,66b8e2fd7ed9ec6e6bb94a9d,672b928d7ee8c8ad18e9ad28,672ba68864bf9bfe3e1ebc5c,,,,,,,,,,,,,,,,,,,,,,,,,,,,,,,,,,,,,,,,,,,1,,,,,,,,,,,,,1,,,,,,,,,,,,,,,,,,,,,,,,,,,,,,,,,,,,,,,,,,,,,,s,0.3429,,space,0.3305,,1,yellow_gnome,1,1,bright_forest,yellow_basket,green_gnome,1,8,dark_forest,red_basket,1,0,0,1,yellow_gnome,bright_forest,yellow_basket,1810,0,1,14,3,115,0,1,,,,,,,,,,,,,,,,,,,,,,,,,,,,,,,,,,,,,,,,,,,,,,,,,,,,,,,,,,,,,,,,,,,,,
,,,,,,,,,,,,,,,,,,,,,,,,,,,,,,,,,,,,,,,,,,,,,,,,,,,,,,,,,,,,,,,,,,152771,001,2024-11-06_17h26.26.319,experiment,2023.2.3,Win32,48.07692308,66b8e2fd7ed9ec6e6bb94a9d,672b928d7ee8c8ad18e9ad28,672ba68864bf9bfe3e1ebc5c,,,,,,,,,,,,,,,,,,,,,,,,,,,,,,,,,,,,,,,,,,,1,,,,,,,,,,,,,4,,,,,,,,,,,,,,,,,,,,,,,,,,,,,,,,,,,,,,,,,,,,,,k,0.3929,,space,0.2926,,4,purple_gnome,4,9,dark_forest,red_basket,orange_gnome,4,1,bright_forest,yellow_basket,1,0,0,1,orange_gnome,bright_forest,yellow_basket,1811,-2,2,14,4,116,3,1,,,,,,,,,,,,,,,,,,,,,,,,,,,,,,,,,,,,,,,,,,,,,,,,,,,,,,,,,,,,,,,,,,,,,
,,,,,,,,,,,,,,,,,,,,,,,,,,,,,,,,,,,,,,,,,,,,,,,,,,,,,,,,,,,,,,,,,,152771,001,2024-11-06_17h26.26.319,experiment,2023.2.3,Win32,48.07692308,66b8e2fd7ed9ec6e6bb94a9d,672b928d7ee8c8ad18e9ad28,672ba68864bf9bfe3e1ebc5c,,,,,,,,,,,,,,,,,,,,,,,,,,,,,,,,,,,,,,,,,,,1,,,,,,,,,,,,,1,,,,,,,,,,,,,,,,,,,,,,,,,,,,,,,,,,,,,,,,,,,,,,k,0.6427,,space,0.0585,,1,yellow_gnome,1,1,bright_forest,yellow_basket,green_gnome,1,7,dark_forest,red_basket,7,0,0,1,green_gnome,dark_forest,red_basket,1818,-4,0,14,5,117,0,1,,,,,,,,,,,,,,,,,,,,,,,,,,,,,,,,,,,,,,,,,,,,,,,,,,,,,,,,,,,,,,,,,,,,,
,,,,,,,,,,,,,,,,,,,,,,,,,,,,,,,,,,,,,,,,,,,,,,,,,,,,,,,,,,,,,,,,,,152771,001,2024-11-06_17h26.26.319,experiment,2023.2.3,Win32,48.07692308,66b8e2fd7ed9ec6e6bb94a9d,672b928d7ee8c8ad18e9ad28,672ba68864bf9bfe3e1ebc5c,,,,,,,,,,,,,,,,,,,,,,,,,,,,,,,,,,,,,,,,,,,5,,,,,,,,,,,,,1,,,,,,,,,,,,,,,,,,,,,,,,,,,,,,,,,,,,,,,,,,,,,,k,0.8802,,space,0.2615,,1,green_gnome,1,7,dark_forest,red_basket,yellow_gnome,1,3,bright_forest,yellow_basket,15,0,0,1,yellow_gnome,bright_forest,yellow_basket,1833,-1,1,14,6,118,4,1,,,,,,,,,,,,,,,,,,,,,,,,,,,,,,,,,,,,,,,,,,,,,,,,,,,,,,,,,,,,,,,,,,,,,
,,,,,,,,,,,,,,,,,,,,,,,,,,,,,,,,,,,,,,,,,,,,,,,,,,,,,,,,,,,,,,,,,,152771,001,2024-11-06_17h26.26.319,experiment,2023.2.3,Win32,48.07692308,66b8e2fd7ed9ec6e6bb94a9d,672b928d7ee8c8ad18e9ad28,672ba68864bf9bfe3e1ebc5c,,,,,,,,,,,,,,,,,,,,,,,,,,,,,,,,,,,,,,,,,,,5,,,,,,,,,,,,,3,,,,,,,,,,,,,,,,,,,,,,,,,,,,,,,,,,,,,,,,,,,,,,s,0.8591,,space,0.2642,,3,brown_gnome,3,8,dark_forest,red_basket,red_gnome,3,2,bright_forest,yellow_basket,40,0,0,1,brown_gnome,dark_forest,red_basket,1873,-5,1,14,7,119,6,1,,,,,,,,,,,,,,,,,,,,,,,,,,,,,,,,,,,,,,,,,,,,,,,,,,,,,,,,,,,,,,,,,,,,,
,,,,,,,,,,,,,,,,,,,,,,,,,,,,,,,,,,,,,,,,,,,,,,,,,,,,,,,,,,,,,,,,,,152771,001,2024-11-06_17h26.26.319,experiment,2023.2.3,Win32,48.07692308,66b8e2fd7ed9ec6e6bb94a9d,672b928d7ee8c8ad18e9ad28,672ba68864bf9bfe3e1ebc5c,,,,,,,,,,,,,,,,,,,,,,,,,,,,,,,,,,,,,,,,,,,1,,,,,,,,,,,,,4,,,,,,,,,,,,,,,,,,,,,,,,,,,,,,,,,,,,,,,,,,,,,,k,0.6082,,space,0.343,,4,purple_gnome,4,9,dark_forest,red_basket,orange_gnome,4,3,bright_forest,yellow_basket,3,0,0,1,orange_gnome,bright_forest,yellow_basket,1876,-1,0,15,0,120,3,1,,,,,,,,,,,,,,,,,,,,,,,,,,,,,,,,,,,,,,,,,,,,,,,,,,,,,,,,,,,,,,,,,,,,,
,,,,,,,,,,,,,,,,,,,,,,,,,,,,,,,,,,,,,,,,,,,,,,,,,,,,,,,,,,,,,,,,,,152771,001,2024-11-06_17h26.26.319,experiment,2023.2.3,Win32,48.07692308,66b8e2fd7ed9ec6e6bb94a9d,672b928d7ee8c8ad18e9ad28,672ba68864bf9bfe3e1ebc5c,,,,,,,,,,,,,,,,,,,,,,,,,,,,,,,,,,,,,,,,,,,1,,,,,,,,,,,,,3,,,,,,,,,,,,,,,,,,,,,,,,,,,,,,,,,,,,,,,,,,,,,,k,0.3764,,space,0.2757,,3,red_gnome,3,2,bright_forest,yellow_basket,brown_gnome,3,9,dark_forest,red_basket,9,0,0,1,brown_gnome,dark_forest,red_basket,1885,0,-4,15,1,121,2,1,,,,,,,,,,,,,,,,,,,,,,,,,,,,,,,,,,,,,,,,,,,,,,,,,,,,,,,,,,,,,,,,,,,,,
,,,,,,,,,,,,,,,,,,,,,,,,,,,,,,,,,,,,,,,,,,,,,,,,,,,,,,,,,,,,,,,,,,152771,001,2024-11-06_17h26.26.319,experiment,2023.2.3,Win32,48.07692308,66b8e2fd7ed9ec6e6bb94a9d,672b928d7ee8c8ad18e9ad28,672ba68864bf9bfe3e1ebc5c,,,,,,,,,,,,,,,,,,,,,,,,,,,,,,,,,,,,,,,,,,,5,,,,,,,,,,,,,4,,,,,,,,,,,,,,,,,,,,,,,,,,,,,,,,,,,,,,,,,,,,,,s,1.0589,,space,0.5095,,4,orange_gnome,4,2,bright_forest,yellow_basket,purple_gnome,4,5,dark_forest,red_basket,10,0,0,1,orange_gnome,bright_forest,yellow_basket,1895,2,1,15,2,122,7,1,,,,,,,,,,,,,,,,,,,,,,,,,,,,,,,,,,,,,,,,,,,,,,,,,,,,,,,,,,,,,,,,,,,,,
,,,,,,,,,,,,,,,,,,,,,,,,,,,,,,,,,,,,,,,,,,,,,,,,,,,,,,,,,,,,,,,,,,152771,001,2024-11-06_17h26.26.319,experiment,2023.2.3,Win32,48.07692308,66b8e2fd7ed9ec6e6bb94a9d,672b928d7ee8c8ad18e9ad28,672ba68864bf9bfe3e1ebc5c,,,,,,,,,,,,,,,,,,,,,,,,,,,,,,,,,,,,,,,,,,,1,,,,,,,,,,,,,2,,,,,,,,,,,,,,,,,,,,,,,,,,,,,,,,,,,,,,,,,,,,,,k,0.3003,,space,0.3102,,2,blue_gnome,2,4,bright_forest,yellow_basket,pink_gnome,2,6,dark_forest,red_basket,6,0,0,1,pink_gnome,dark_forest,red_basket,1901,0,0,15,3,123,1,1,,,,,,,,,,,,,,,,,,,,,,,,,,,,,,,,,,,,,,,,,,,,,,,,,,,,,,,,,,,,,,,,,,,,,
,,,,,,,,,,,,,,,,,,,,,,,,,,,,,,,,,,,,,,,,,,,,,,,,,,,,,,,,,,,,,,,,,,152771,001,2024-11-06_17h26.26.319,experiment,2023.2.3,Win32,48.07692308,66b8e2fd7ed9ec6e6bb94a9d,672b928d7ee8c8ad18e9ad28,672ba68864bf9bfe3e1ebc5c,,,,,,,,,,,,,,,,,,,,,,,,,,,,,,,,,,,,,,,,,,,1,,,,,,,,,,,,,4,,,,,,,,,,,,,,,,,,,,,,,,,,,,,,,,,,,,,,,,,,,,,,k,0.2285,,space,0.3098,,4,purple_gnome,4,6,dark_forest,red_basket,orange_gnome,4,4,bright_forest,yellow_basket,4,0,0,1,orange_gnome,bright_forest,yellow_basket,1905,0,2,15,4,124,3,1,,,,,,,,,,,,,,,,,,,,,,,,,,,,,,,,,,,,,,,,,,,,,,,,,,,,,,,,,,,,,,,,,,,,,
,,,,,,,,,,,,,,,,,,,,,,,,,,,,,,,,,,,,,,,,,,,,,,,,,,,,,,,,,,,,,,,,,,152771,001,2024-11-06_17h26.26.319,experiment,2023.2.3,Win32,48.07692308,66b8e2fd7ed9ec6e6bb94a9d,672b928d7ee8c8ad18e9ad28,672ba68864bf9bfe3e1ebc5c,,,,,,,,,,,,,,,,,,,,,,,,,,,,,,,,,,,,,,,,,,,5,,,,,,,,,,,,,1,,,,,,,,,,,,,,,,,,,,,,,,,,,,,,,,,,,,,,,,,,,,,,s,0.1648,,space,0.292,,1,green_gnome,1,8,dark_forest,red_basket,yellow_gnome,1,4,bright_forest,yellow_basket,40,0,0,1,green_gnome,dark_forest,red_basket,1945,-2,1,15,5,125,4,1,,,,,,,,,,,,,,,,,,,,,,,,,,,,,,,,,,,,,,,,,,,,,,,,,,,,,,,,,,,,,,,,,,,,,
,,,,,,,,,,,,,,,,,,,,,,,,,,,,,,,,,,,,,,,,,,,,,,,,,,,,,,,,,,,,,,,,,,152771,001,2024-11-06_17h26.26.319,experiment,2023.2.3,Win32,48.07692308,66b8e2fd7ed9ec6e6bb94a9d,672b928d7ee8c8ad18e9ad28,672ba68864bf9bfe3e1ebc5c,,,,,,,,,,,,,,,,,,,,,,,,,,,,,,,,,,,,,,,,,,,1,,,,,,,,,,,,,1,,,,,,,,,,,,,,,,,,,,,,,,,,,,,,,,,,,,,,,,,,,,,,k,0.2967,,space,0.2932,,1,green_gnome,1,9,dark_forest,red_basket,yellow_gnome,1,2,bright_forest,yellow_basket,2,0,0,1,yellow_gnome,bright_forest,yellow_basket,1947,-2,1,15,6,126,0,1,,,,,,,,,,,,,,,,,,,,,,,,,,,,,,,,,,,,,,,,,,,,,,,,,,,,,,,,,,,,,,,,,,,,,
,,,,,,,,,,,,,,,,,,,,,,,,,,,,,,,,,,,,,,,,,,,,,,,,,,,,,,,,,,,,,,,,,,152771,001,2024-11-06_17h26.26.319,experiment,2023.2.3,Win32,48.07692308,66b8e2fd7ed9ec6e6bb94a9d,672b928d7ee8c8ad18e9ad28,672ba68864bf9bfe3e1ebc5c,,,,,,,,,,,,,,,,,,,,,,,,,,,,,,,,,,,,,,,,,,,1,,,,,,,,,,,,,1,,,,,,,,,,,,,,,,,,,,,,,,,,,,,,,,,,,,,,,,,,,,,,k,0.3319,,space,0.2301,,1,green_gnome,1,8,dark_forest,red_basket,yellow_gnome,1,0,bright_forest,yellow_basket,0,0,0,1,yellow_gnome,bright_forest,yellow_basket,1947,0,-3,15,7,127,0,1,space,41.2206,,,,,,,,,,,,,,,,,,,,,,,,,,,,,,,,,,,,,,,,,,,,,,,,,,,,,,,,,,,,,,,,,,,
,,,,,,,,,,,,,,,,,,,,,,,,,,,,,,,,,,,,,,,,,,,,,,,,,,,,,,,,,,,,,,,,,,152771,001,2024-11-06_17h26.26.319,experiment,2023.2.3,Win32,48.07692308,66b8e2fd7ed9ec6e6bb94a9d,672b928d7ee8c8ad18e9ad28,672ba68864bf9bfe3e1ebc5c,,,,,,,,,,,,,,,,,,,,,,,,,,,,,,,,,,,,,,,,,,,5,,,,,,,,,,,,,3,,,,,,,,,,,,,,,,,,,,,,,,,,,,,,,,,,,,,,,,,,,,,,k,0.4195,,space,0.2801,,3,brown_gnome,3,5,dark_forest,red_basket,red_gnome,3,0,bright_forest,yellow_basket,0,0,0,1,red_gnome,bright_forest,yellow_basket,1947,0,-2,16,0,128,6,1,,,,,,,,,,,,,,,,,,,,,,,,,,,,,,,,,,,,,,,,,,,,,,,,,,,,,,,,,,,,,,,,,,,,,
,,,,,,,,,,,,,,,,,,,,,,,,,,,,,,,,,,,,,,,,,,,,,,,,,,,,,,,,,,,,,,,,,,152771,001,2024-11-06_17h26.26.319,experiment,2023.2.3,Win32,48.07692308,66b8e2fd7ed9ec6e6bb94a9d,672b928d7ee8c8ad18e9ad28,672ba68864bf9bfe3e1ebc5c,,,,,,,,,,,,,,,,,,,,,,,,,,,,,,,,,,,,,,,,,,,1,,,,,,,,,,,,,3,,,,,,,,,,,,,,,,,,,,,,,,,,,,,,,,,,,,,,,,,,,,,,k,0.4179,,space,0.2585,,3,red_gnome,3,0,bright_forest,yellow_basket,brown_gnome,3,3,dark_forest,red_basket,3,0,0,1,brown_gnome,dark_forest,red_basket,1950,-4,1,16,1,129,2,1,,,,,,,,,,,,,,,,,,,,,,,,,,,,,,,,,,,,,,,,,,,,,,,,,,,,,,,,,,,,,,,,,,,,,
,,,,,,,,,,,,,,,,,,,,,,,,,,,,,,,,,,,,,,,,,,,,,,,,,,,,,,,,,,,,,,,,,,152771,001,2024-11-06_17h26.26.319,experiment,2023.2.3,Win32,48.07692308,66b8e2fd7ed9ec6e6bb94a9d,672b928d7ee8c8ad18e9ad28,672ba68864bf9bfe3e1ebc5c,,,,,,,,,,,,,,,,,,,,,,,,,,,,,,,,,,,,,,,,,,,1,,,,,,,,,,,,,1,,,,,,,,,,,,,,,,,,,,,,,,,,,,,,,,,,,,,,,,,,,,,,k,0.4262,,space,0.2929,,1,green_gnome,1,4,dark_forest,red_basket,yellow_gnome,1,4,bright_forest,yellow_basket,4,0,0,1,yellow_gnome,bright_forest,yellow_basket,1954,0,-1,16,2,130,0,1,,,,,,,,,,,,,,,,,,,,,,,,,,,,,,,,,,,,,,,,,,,,,,,,,,,,,,,,,,,,,,,,,,,,,
,,,,,,,,,,,,,,,,,,,,,,,,,,,,,,,,,,,,,,,,,,,,,,,,,,,,,,,,,,,,,,,,,,152771,001,2024-11-06_17h26.26.319,experiment,2023.2.3,Win32,48.07692308,66b8e2fd7ed9ec6e6bb94a9d,672b928d7ee8c8ad18e9ad28,672ba68864bf9bfe3e1ebc5c,,,,,,,,,,,,,,,,,,,,,,,,,,,,,,,,,,,,,,,,,,,5,,,,,,,,,,,,,2,,,,,,,,,,,,,,,,,,,,,,,,,,,,,,,,,,,,,,,,,,,,,,s,0.5122,,space,0.2308,,2,pink_gnome,2,3,dark_forest,red_basket,blue_gnome,2,4,bright_forest,yellow_basket,15,0,0,1,pink_gnome,dark_forest,red_basket,1969,1,-2,16,3,131,5,1,,,,,,,,,,,,,,,,,,,,,,,,,,,,,,,,,,,,,,,,,,,,,,,,,,,,,,,,,,,,,,,,,,,,,
,,,,,,,,,,,,,,,,,,,,,,,,,,,,,,,,,,,,,,,,,,,,,,,,,,,,,,,,,,,,,,,,,,152771,001,2024-11-06_17h26.26.319,experiment,2023.2.3,Win32,48.07692308,66b8e2fd7ed9ec6e6bb94a9d,672b928d7ee8c8ad18e9ad28,672ba68864bf9bfe3e1ebc5c,,,,,,,,,,,,,,,,,,,,,,,,,,,,,,,,,,,,,,,,,,,1,,,,,,,,,,,,,2,,,,,,,,,,,,,,,,,,,,,,,,,,,,,,,,,,,,,,,,,,,,,,k,0.2764,,space,0.097,,2,pink_gnome,2,1,dark_forest,red_basket,blue_gnome,2,5,bright_forest,yellow_basket,5,0,0,1,blue_gnome,bright_forest,yellow_basket,1974,0,2,16,4,132,1,1,,,,,,,,,,,,,,,,,,,,,,,,,,,,,,,,,,,,,,,,,,,,,,,,,,,,,,,,,,,,,,,,,,,,,
,,,,,,,,,,,,,,,,,,,,,,,,,,,,,,,,,,,,,,,,,,,,,,,,,,,,,,,,,,,,,,,,,,152771,001,2024-11-06_17h26.26.319,experiment,2023.2.3,Win32,48.07692308,66b8e2fd7ed9ec6e6bb94a9d,672b928d7ee8c8ad18e9ad28,672ba68864bf9bfe3e1ebc5c,,,,,,,,,,,,,,,,,,,,,,,,,,,,,,,,,,,,,,,,,,,1,,,,,,,,,,,,,4,,,,,,,,,,,,,,,,,,,,,,,,,,,,,,,,,,,,,,,,,,,,,,k,0.3422,,space,0.8581,,4,orange_gnome,4,5,bright_forest,yellow_basket,purple_gnome,4,3,dark_forest,red_basket,3,0,0,1,purple_gnome,dark_forest,red_basket,1977,-1,0,16,5,133,3,1,,,,,,,,,,,,,,,,,,,,,,,,,,,,,,,,,,,,,,,,,,,,,,,,,,,,,,,,,,,,,,,,,,,,,
,,,,,,,,,,,,,,,,,,,,,,,,,,,,,,,,,,,,,,,,,,,,,,,,,,,,,,,,,,,,,,,,,,152771,001,2024-11-06_17h26.26.319,experiment,2023.2.3,Win32,48.07692308,66b8e2fd7ed9ec6e6bb94a9d,672b928d7ee8c8ad18e9ad28,672ba68864bf9bfe3e1ebc5c,,,,,,,,,,,,,,,,,,,,,,,,,,,,,,,,,,,,,,,,,,,1,,,,,,,,,,,,,3,,,,,,,,,,,,,,,,,,,,,,,,,,,,,,,,,,,,,,,,,,,,,,k,0.3589,,space,0.2591,,3,red_gnome,3,4,bright_forest,yellow_basket,brown_gnome,3,3,dark_forest,red_basket,3,0,0,1,brown_gnome,dark_forest,red_basket,1980,1,2,16,6,134,2,1,,,,,,,,,,,,,,,,,,,,,,,,,,,,,,,,,,,,,,,,,,,,,,,,,,,,,,,,,,,,,,,,,,,,,
,,,,,,,,,,,,,,,,,,,,,,,,,,,,,,,,,,,,,,,,,,,,,,,,,,,,,,,,,,,,,,,,,,152771,001,2024-11-06_17h26.26.319,experiment,2023.2.3,Win32,48.07692308,66b8e2fd7ed9ec6e6bb94a9d,672b928d7ee8c8ad18e9ad28,672ba68864bf9bfe3e1ebc5c,,,,,,,,,,,,,,,,,,,,,,,,,,,,,,,,,,,,,,,,,,,5,,,,,,,,,,,,,2,,,,,,,,,,,,,,,,,,,,,,,,,,,,,,,,,,,,,,,,,,,,,,s,0.3755,,space,0.4763,,2,pink_gnome,2,5,dark_forest,red_basket,blue_gnome,2,5,bright_forest,yellow_basket,25,0,0,1,pink_gnome,dark_forest,red_basket,2005,0,2,16,7,135,5,1,,,,,,,,,,,,,,,,,,,,,,,,,,,,,,,,,,,,,,,,,,,,,,,,,,,,,,,,,,,,,,,,,,,,,
,,,,,,,,,,,,,,,,,,,,,,,,,,,,,,,,,,,,,,,,,,,,,,,,,,,,,,,,,,,,,,,,,,152771,001,2024-11-06_17h26.26.319,experiment,2023.2.3,Win32,48.07692308,66b8e2fd7ed9ec6e6bb94a9d,672b928d7ee8c8ad18e9ad28,672ba68864bf9bfe3e1ebc5c,,,,,,,,,,,,,,,,,,,,,,,,,,,,,,,,,,,,,,,,,,,5,,,,,,,,,,,,,2,,,,,,,,,,,,,,,,,,,,,,,,,,,,,,,,,,,,,,,,,,,,,,s,0.3586,,space,0.3594,,2,blue_gnome,2,5,bright_forest,yellow_basket,pink_gnome,2,7,dark_forest,red_basket,25,0,0,1,blue_gnome,bright_forest,yellow_basket,2030,1,1,17,0,136,5,1,,,,,,,,,,,,,,,,,,,,,,,,,,,,,,,,,,,,,,,,,,,,,,,,,,,,,,,,,,,,,,,,,,,,,
,,,,,,,,,,,,,,,,,,,,,,,,,,,,,,,,,,,,,,,,,,,,,,,,,,,,,,,,,,,,,,,,,,152771,001,2024-11-06_17h26.26.319,experiment,2023.2.3,Win32,48.07692308,66b8e2fd7ed9ec6e6bb94a9d,672b928d7ee8c8ad18e9ad28,672ba68864bf9bfe3e1ebc5c,,,,,,,,,,,,,,,,,,,,,,,,,,,,,,,,,,,,,,,,,,,1,,,,,,,,,,,,,3,,,,,,,,,,,,,,,,,,,,,,,,,,,,,,,,,,,,,,,,,,,,,,k,0.543,,space,0.2253,,3,red_gnome,3,6,bright_forest,yellow_basket,brown_gnome,3,8,dark_forest,red_basket,8,0,0,1,brown_gnome,dark_forest,red_basket,2038,-3,3,17,1,137,2,1,,,,,,,,,,,,,,,,,,,,,,,,,,,,,,,,,,,,,,,,,,,,,,,,,,,,,,,,,,,,,,,,,,,,,
,,,,,,,,,,,,,,,,,,,,,,,,,,,,,,,,,,,,,,,,,,,,,,,,,,,,,,,,,,,,,,,,,,152771,001,2024-11-06_17h26.26.319,experiment,2023.2.3,Win32,48.07692308,66b8e2fd7ed9ec6e6bb94a9d,672b928d7ee8c8ad18e9ad28,672ba68864bf9bfe3e1ebc5c,,,,,,,,,,,,,,,,,,,,,,,,,,,,,,,,,,,,,,,,,,,1,,,,,,,,,,,,,3,,,,,,,,,,,,,,,,,,,,,,,,,,,,,,,,,,,,,,,,,,,,,,k,0.293,,space,0.2932,,3,brown_gnome,3,7,dark_forest,red_basket,red_gnome,3,3,bright_forest,yellow_basket,3,0,0,1,red_gnome,bright_forest,yellow_basket,2041,-1,0,17,2,138,2,1,,,,,,,,,,,,,,,,,,,,,,,,,,,,,,,,,,,,,,,,,,,,,,,,,,,,,,,,,,,,,,,,,,,,,
,,,,,,,,,,,,,,,,,,,,,,,,,,,,,,,,,,,,,,,,,,,,,,,,,,,,,,,,,,,,,,,,,,152771,001,2024-11-06_17h26.26.319,experiment,2023.2.3,Win32,48.07692308,66b8e2fd7ed9ec6e6bb94a9d,672b928d7ee8c8ad18e9ad28,672ba68864bf9bfe3e1ebc5c,,,,,,,,,,,,,,,,,,,,,,,,,,,,,,,,,,,,,,,,,,,5,,,,,,,,,,,,,4,,,,,,,,,,,,,,,,,,,,,,,,,,,,,,,,,,,,,,,,,,,,,,s,0.7417,,space,0.3252,,4,purple_gnome,4,7,dark_forest,red_basket,orange_gnome,4,2,bright_forest,yellow_basket,35,0,0,1,purple_gnome,dark_forest,red_basket,2076,1,-2,17,3,139,7,1,,,,,,,,,,,,,,,,,,,,,,,,,,,,,,,,,,,,,,,,,,,,,,,,,,,,,,,,,,,,,,,,,,,,,
,,,,,,,,,,,,,,,,,,,,,,,,,,,,,,,,,,,,,,,,,,,,,,,,,,,,,,,,,,,,,,,,,,152771,001,2024-11-06_17h26.26.319,experiment,2023.2.3,Win32,48.07692308,66b8e2fd7ed9ec6e6bb94a9d,672b928d7ee8c8ad18e9ad28,672ba68864bf9bfe3e1ebc5c,,,,,,,,,,,,,,,,,,,,,,,,,,,,,,,,,,,,,,,,,,,1,,,,,,,,,,,,,3,,,,,,,,,,,,,,,,,,,,,,,,,,,,,,,,,,,,,,,,,,,,,,k,0.3762,,space,0.1598,,3,brown_gnome,3,5,dark_forest,red_basket,red_gnome,3,3,bright_forest,yellow_basket,3,0,0,1,red_gnome,bright_forest,yellow_basket,2079,0,-1,17,4,140,2,1,,,,,,,,,,,,,,,,,,,,,,,,,,,,,,,,,,,,,,,,,,,,,,,,,,,,,,,,,,,,,,,,,,,,,
,,,,,,,,,,,,,,,,,,,,,,,,,,,,,,,,,,,,,,,,,,,,,,,,,,,,,,,,,,,,,,,,,,152771,001,2024-11-06_17h26.26.319,experiment,2023.2.3,Win32,48.07692308,66b8e2fd7ed9ec6e6bb94a9d,672b928d7ee8c8ad18e9ad28,672ba68864bf9bfe3e1ebc5c,,,,,,,,,,,,,,,,,,,,,,,,,,,,,,,,,,,,,,,,,,,5,,,,,,,,,,,,,3,,,,,,,,,,,,,,,,,,,,,,,,,,,,,,,,,,,,,,,,,,,,,,s,0.3126,,space,0.2622,,3,red_gnome,3,3,bright_forest,yellow_basket,brown_gnome,3,4,dark_forest,red_basket,15,0,0,1,red_gnome,bright_forest,yellow_basket,2094,-1,-4,17,5,141,6,1,,,,,,,,,,,,,,,,,,,,,,,,,,,,,,,,,,,,,,,,,,,,,,,,,,,,,,,,,,,,,,,,,,,,,
,,,,,,,,,,,,,,,,,,,,,,,,,,,,,,,,,,,,,,,,,,,,,,,,,,,,,,,,,,,,,,,,,,152771,001,2024-11-06_17h26.26.319,experiment,2023.2.3,Win32,48.07692308,66b8e2fd7ed9ec6e6bb94a9d,672b928d7ee8c8ad18e9ad28,672ba68864bf9bfe3e1ebc5c,,,,,,,,,,,,,,,,,,,,,,,,,,,,,,,,,,,,,,,,,,,1,,,,,,,,,,,,,1,,,,,,,,,,,,,,,,,,,,,,,,,,,,,,,,,,,,,,,,,,,,,,k,0.1932,,space,0.7757,,1,yellow_gnome,1,2,bright_forest,yellow_basket,green_gnome,1,0,dark_forest,red_basket,0,0,0,1,green_gnome,dark_forest,red_basket,2094,3,-3,17,6,142,0,1,,,,,,,,,,,,,,,,,,,,,,,,,,,,,,,,,,,,,,,,,,,,,,,,,,,,,,,,,,,,,,,,,,,,,
,,,,,,,,,,,,,,,,,,,,,,,,,,,,,,,,,,,,,,,,,,,,,,,,,,,,,,,,,,,,,,,,,,152771,001,2024-11-06_17h26.26.319,experiment,2023.2.3,Win32,48.07692308,66b8e2fd7ed9ec6e6bb94a9d,672b928d7ee8c8ad18e9ad28,672ba68864bf9bfe3e1ebc5c,,,,,,,,,,,,,,,,,,,,,,,,,,,,,,,,,,,,,,,,,,,5,,,,,,,,,,,,,3,,,,,,,,,,,,,,,,,,,,,,,,,,,,,,,,,,,,,,,,,,,,,,s,0.5094,,space,0.3296,,3,brown_gnome,3,3,dark_forest,red_basket,red_gnome,3,5,bright_forest,yellow_basket,15,0,0,1,brown_gnome,dark_forest,red_basket,2109,-4,-1,17,7,143,6,1,,,,,,,,,,,,,,,,,,,,,,,,,,,,,,,,,,,,,,,,,,,,,,,,,,,,,,,,,,,,,,,,,,,,,
,,,,,,,,,,,,,,,,,,,,,,,,,,,,,,,,,,,,,,,,,,,,,,,,,,,,,,,,,,,,,,,,,,152771,001,2024-11-06_17h26.26.319,experiment,2023.2.3,Win32,48.07692308,66b8e2fd7ed9ec6e6bb94a9d,672b928d7ee8c8ad18e9ad28,672ba68864bf9bfe3e1ebc5c,,,,,,,,,,,,,,,,,,,,,,,,,,,,,,,,,,,,,,,,,,,5,,,,,,,,,,,,,4,,,,,,,,,,,,,,,,,,,,,,,,,,,,,,,,,,,,,,,,,,,,,,s,0.23,,space,0.2753,,4,purple_gnome,4,2,dark_forest,red_basket,orange_gnome,4,1,bright_forest,yellow_basket,10,0,0,1,purple_gnome,dark_forest,red_basket,2119,-1,2,18,0,144,7,1,,,,,,,,,,,,,,,,,,,,,,,,,,,,,,,,,,,,,,,,,,,,,,,,,,,,,,,,,,,,,,,,,,,,,
,,,,,,,,,,,,,,,,,,,,,,,,,,,,,,,,,,,,,,,,,,,,,,,,,,,,,,,,,,,,,,,,,,152771,001,2024-11-06_17h26.26.319,experiment,2023.2.3,Win32,48.07692308,66b8e2fd7ed9ec6e6bb94a9d,672b928d7ee8c8ad18e9ad28,672ba68864bf9bfe3e1ebc5c,,,,,,,,,,,,,,,,,,,,,,,,,,,,,,,,,,,,,,,,,,,5,,,,,,,,,,,,,2,,,,,,,,,,,,,,,,,,,,,,,,,,,,,,,,,,,,,,,,,,,,,,s,0.3587,,space,0.2925,,2,blue_gnome,2,0,bright_forest,yellow_basket,pink_gnome,2,4,dark_forest,red_basket,0,0,0,1,blue_gnome,bright_forest,yellow_basket,2119,2,0,18,1,145,5,1,,,,,,,,,,,,,,,,,,,,,,,,,,,,,,,,,,,,,,,,,,,,,,,,,,,,,,,,,,,,,,,,,,,,,
,,,,,,,,,,,,,,,,,,,,,,,,,,,,,,,,,,,,,,,,,,,,,,,,,,,,,,,,,,,,,,,,,,152771,001,2024-11-06_17h26.26.319,experiment,2023.2.3,Win32,48.07692308,66b8e2fd7ed9ec6e6bb94a9d,672b928d7ee8c8ad18e9ad28,672ba68864bf9bfe3e1ebc5c,,,,,,,,,,,,,,,,,,,,,,,,,,,,,,,,,,,,,,,,,,,1,,,,,,,,,,,,,1,,,,,,,,,,,,,,,,,,,,,,,,,,,,,,,,,,,,,,,,,,,,,,k,0.9114,,space,0.2095,,1,green_gnome,1,4,dark_forest,red_basket,yellow_gnome,1,2,bright_forest,yellow_basket,2,0,0,1,yellow_gnome,bright_forest,yellow_basket,2121,-3,1,18,2,146,0,1,,,,,,,,,,,,,,,,,,,,,,,,,,,,,,,,,,,,,,,,,,,,,,,,,,,,,,,,,,,,,,,,,,,,,
,,,,,,,,,,,,,,,,,,,,,,,,,,,,,,,,,,,,,,,,,,,,,,,,,,,,,,,,,,,,,,,,,,152771,001,2024-11-06_17h26.26.319,experiment,2023.2.3,Win32,48.07692308,66b8e2fd7ed9ec6e6bb94a9d,672b928d7ee8c8ad18e9ad28,672ba68864bf9bfe3e1ebc5c,,,,,,,,,,,,,,,,,,,,,,,,,,,,,,,,,,,,,,,,,,,5,,,,,,,,,,,,,3,,,,,,,,,,,,,,,,,,,,,,,,,,,,,,,,,,,,,,,,,,,,,,k,0.4502,,space,0.3118,,3,red_gnome,3,1,bright_forest,yellow_basket,brown_gnome,3,5,dark_forest,red_basket,25,0,0,1,brown_gnome,dark_forest,red_basket,2146,0,-1,18,3,147,6,1,,,,,,,,,,,,,,,,,,,,,,,,,,,,,,,,,,,,,,,,,,,,,,,,,,,,,,,,,,,,,,,,,,,,,
,,,,,,,,,,,,,,,,,,,,,,,,,,,,,,,,,,,,,,,,,,,,,,,,,,,,,,,,,,,,,,,,,,152771,001,2024-11-06_17h26.26.319,experiment,2023.2.3,Win32,48.07692308,66b8e2fd7ed9ec6e6bb94a9d,672b928d7ee8c8ad18e9ad28,672ba68864bf9bfe3e1ebc5c,,,,,,,,,,,,,,,,,,,,,,,,,,,,,,,,,,,,,,,,,,,5,,,,,,,,,,,,,2,,,,,,,,,,,,,,,,,,,,,,,,,,,,,,,,,,,,,,,,,,,,,,k,0.3978,,space,0.3461,,2,pink_gnome,2,4,dark_forest,red_basket,blue_gnome,2,1,bright_forest,yellow_basket,5,0,0,1,blue_gnome,bright_forest,yellow_basket,2151,-1,1,18,4,148,5,1,,,,,,,,,,,,,,,,,,,,,,,,,,,,,,,,,,,,,,,,,,,,,,,,,,,,,,,,,,,,,,,,,,,,,
,,,,,,,,,,,,,,,,,,,,,,,,,,,,,,,,,,,,,,,,,,,,,,,,,,,,,,,,,,,,,,,,,,152771,001,2024-11-06_17h26.26.319,experiment,2023.2.3,Win32,48.07692308,66b8e2fd7ed9ec6e6bb94a9d,672b928d7ee8c8ad18e9ad28,672ba68864bf9bfe3e1ebc5c,,,,,,,,,,,,,,,,,,,,,,,,,,,,,,,,,,,,,,,,,,,1,,,,,,,,,,,,,3,,,,,,,,,,,,,,,,,,,,,,,,,,,,,,,,,,,,,,,,,,,,,,s,0.3346,,space,0.2524,,3,red_gnome,3,0,bright_forest,yellow_basket,brown_gnome,3,5,dark_forest,red_basket,0,0,0,1,red_gnome,bright_forest,yellow_basket,2151,3,1,18,5,149,2,1,,,,,,,,,,,,,,,,,,,,,,,,,,,,,,,,,,,,,,,,,,,,,,,,,,,,,,,,,,,,,,,,,,,,,
,,,,,,,,,,,,,,,,,,,,,,,,,,,,,,,,,,,,,,,,,,,,,,,,,,,,,,,,,,,,,,,,,,152771,001,2024-11-06_17h26.26.319,experiment,2023.2.3,Win32,48.07692308,66b8e2fd7ed9ec6e6bb94a9d,672b928d7ee8c8ad18e9ad28,672ba68864bf9bfe3e1ebc5c,,,,,,,,,,,,,,,,,,,,,,,,,,,,,,,,,,,,,,,,,,,5,,,,,,,,,,,,,2,,,,,,,,,,,,,,,,,,,,,,,,,,,,,,,,,,,,,,,,,,,,,,k,0.6259,,space,0.4804,0.0016,2,blue_gnome,2,3,bright_forest,yellow_basket,pink_gnome,2,6,dark_forest,red_basket,30,0,0,1,pink_gnome,dark_forest,red_basket,2181,0,2,18,6,150,5,1,,,,,,,,,,,,,,,,,,,,,,,,,,,,,,,,,,,,,,,,,,,,,,,,,,,,,,,,,,,,,,,,,,,,,
,,,,,,,,,,,,,,,,,,,,,,,,,,,,,,,,,,,,,,,,,,,,,,,,,,,,,,,,,,,,,,,,,,152771,001,2024-11-06_17h26.26.319,experiment,2023.2.3,Win32,48.07692308,66b8e2fd7ed9ec6e6bb94a9d,672b928d7ee8c8ad18e9ad28,672ba68864bf9bfe3e1ebc5c,,,,,,,,,,,,,,,,,,,,,,,,,,,,,,,,,,,,,,,,,,,1,,,,,,,,,,,,,3,,,,,,,,,,,,,,,,,,,,,,,,,,,,,,,,,,,,,,,,,,,,,,k,0.041,,space,0.3225,,3,red_gnome,3,3,bright_forest,yellow_basket,brown_gnome,3,8,dark_forest,red_basket,8,0,0,1,brown_gnome,dark_forest,red_basket,2189,2,-1,18,7,151,2,1,,,,,,,,,,,,,,,,,,,,,,,,,,,,,,,,,,,,,,,,,,,,,,,,,,,,,,,,,,,,,,,,,,,,,
,,,,,,,,,,,,,,,,,,,,,,,,,,,,,,,,,,,,,,,,,,,,,,,,,,,,,,,,,,,,,,,,,,152771,001,2024-11-06_17h26.26.319,experiment,2023.2.3,Win32,48.07692308,66b8e2fd7ed9ec6e6bb94a9d,672b928d7ee8c8ad18e9ad28,672ba68864bf9bfe3e1ebc5c,,,,,,,,,,,,,,,,,,,,,,,,,,,,,,,,,,,,,,,,,,,5,,,,,,,,,,,,,3,,,,,,,,,,,,,,,,,,,,,,,,,,,,,,,,,,,,,,,,,,,,,,k,0.3013,,space,0.3256,,3,red_gnome,3,5,bright_forest,yellow_basket,brown_gnome,3,7,dark_forest,red_basket,35,0,0,1,brown_gnome,dark_forest,red_basket,2224,0,4,19,0,152,6,1,,,,,,,,,,,,,,,,,,,,,,,,,,,,,,,,,,,,,,,,,,,,,,,,,,,,,,,,,,,,,,,,,,,,,
,,,,,,,,,,,,,,,,,,,,,,,,,,,,,,,,,,,,,,,,,,,,,,,,,,,,,,,,,,,,,,,,,,152771,001,2024-11-06_17h26.26.319,experiment,2023.2.3,Win32,48.07692308,66b8e2fd7ed9ec6e6bb94a9d,672b928d7ee8c8ad18e9ad28,672ba68864bf9bfe3e1ebc5c,,,,,,,,,,,,,,,,,,,,,,,,,,,,,,,,,,,,,,,,,,,1,,,,,,,,,,,,,1,,,,,,,,,,,,,,,,,,,,,,,,,,,,,,,,,,,,,,,,,,,,,,k,0.3923,,space,0.3265,,1,green_gnome,1,7,dark_forest,red_basket,yellow_gnome,1,5,bright_forest,yellow_basket,5,0,0,1,yellow_gnome,bright_forest,yellow_basket,2229,1,0,19,1,153,0,1,,,,,,,,,,,,,,,,,,,,,,,,,,,,,,,,,,,,,,,,,,,,,,,,,,,,,,,,,,,,,,,,,,,,,
,,,,,,,,,,,,,,,,,,,,,,,,,,,,,,,,,,,,,,,,,,,,,,,,,,,,,,,,,,,,,,,,,,152771,001,2024-11-06_17h26.26.319,experiment,2023.2.3,Win32,48.07692308,66b8e2fd7ed9ec6e6bb94a9d,672b928d7ee8c8ad18e9ad28,672ba68864bf9bfe3e1ebc5c,,,,,,,,,,,,,,,,,,,,,,,,,,,,,,,,,,,,,,,,,,,5,,,,,,,,,,,,,3,,,,,,,,,,,,,,,,,,,,,,,,,,,,,,,,,,,,,,,,,,,,,,k,0.1947,,space,0.3759,,3,brown_gnome,3,7,dark_forest,red_basket,red_gnome,3,6,bright_forest,yellow_basket,30,0,0,1,red_gnome,bright_forest,yellow_basket,2259,-4,0,19,2,154,6,1,,,,,,,,,,,,,,,,,,,,,,,,,,,,,,,,,,,,,,,,,,,,,,,,,,,,,,,,,,,,,,,,,,,,,
,,,,,,,,,,,,,,,,,,,,,,,,,,,,,,,,,,,,,,,,,,,,,,,,,,,,,,,,,,,,,,,,,,152771,001,2024-11-06_17h26.26.319,experiment,2023.2.3,Win32,48.07692308,66b8e2fd7ed9ec6e6bb94a9d,672b928d7ee8c8ad18e9ad28,672ba68864bf9bfe3e1ebc5c,,,,,,,,,,,,,,,,,,,,,,,,,,,,,,,,,,,,,,,,,,,5,,,,,,,,,,,,,1,,,,,,,,,,,,,,,,,,,,,,,,,,,,,,,,,,,,,,,,,,,,,,k,0.3597,,space,0.2922,,1,yellow_gnome,1,2,bright_forest,yellow_basket,green_gnome,1,7,dark_forest,red_basket,35,0,0,1,green_gnome,dark_forest,red_basket,2294,-2,0,19,3,155,4,1,,,,,,,,,,,,,,,,,,,,,,,,,,,,,,,,,,,,,,,,,,,,,,,,,,,,,,,,,,,,,,,,,,,,,
,,,,,,,,,,,,,,,,,,,,,,,,,,,,,,,,,,,,,,,,,,,,,,,,,,,,,,,,,,,,,,,,,,152771,001,2024-11-06_17h26.26.319,experiment,2023.2.3,Win32,48.07692308,66b8e2fd7ed9ec6e6bb94a9d,672b928d7ee8c8ad18e9ad28,672ba68864bf9bfe3e1ebc5c,,,,,,,,,,,,,,,,,,,,,,,,,,,,,,,,,,,,,,,,,,,1,,,,,,,,,,,,,2,,,,,,,,,,,,,,,,,,,,,,,,,,,,,,,,,,,,,,,,,,,,,,k,0.1265,,space,0.2597,,2,blue_gnome,2,0,bright_forest,yellow_basket,pink_gnome,2,7,dark_forest,red_basket,7,0,0,1,pink_gnome,dark_forest,red_basket,2301,1,-3,19,4,156,1,1,,,,,,,,,,,,,,,,,,,,,,,,,,,,,,,,,,,,,,,,,,,,,,,,,,,,,,,,,,,,,,,,,,,,,
,,,,,,,,,,,,,,,,,,,,,,,,,,,,,,,,,,,,,,,,,,,,,,,,,,,,,,,,,,,,,,,,,,152771,001,2024-11-06_17h26.26.319,experiment,2023.2.3,Win32,48.07692308,66b8e2fd7ed9ec6e6bb94a9d,672b928d7ee8c8ad18e9ad28,672ba68864bf9bfe3e1ebc5c,,,,,,,,,,,,,,,,,,,,,,,,,,,,,,,,,,,,,,,,,,,5,,,,,,,,,,,,,4,,,,,,,,,,,,,,,,,,,,,,,,,,,,,,,,,,,,,,,,,,,,,,k,0.2765,,space,0.2764,,4,orange_gnome,4,1,bright_forest,yellow_basket,purple_gnome,4,4,dark_forest,red_basket,20,0,0,1,purple_gnome,dark_forest,red_basket,2321,-2,1,19,5,157,7,1,,,,,,,,,,,,,,,,,,,,,,,,,,,,,,,,,,,,,,,,,,,,,,,,,,,,,,,,,,,,,,,,,,,,,
,,,,,,,,,,,,,,,,,,,,,,,,,,,,,,,,,,,,,,,,,,,,,,,,,,,,,,,,,,,,,,,,,,152771,001,2024-11-06_17h26.26.319,experiment,2023.2.3,Win32,48.07692308,66b8e2fd7ed9ec6e6bb94a9d,672b928d7ee8c8ad18e9ad28,672ba68864bf9bfe3e1ebc5c,,,,,,,,,,,,,,,,,,,,,,,,,,,,,,,,,,,,,,,,,,,1,,,,,,,,,,,,,4,,,,,,,,,,,,,,,,,,,,,,,,,,,,,,,,,,,,,,,,,,,,,,k,0.1946,,space,0.2469,,4,orange_gnome,4,1,bright_forest,yellow_basket,purple_gnome,4,5,dark_forest,red_basket,5,0,0,1,purple_gnome,dark_forest,red_basket,2326,2,2,19,6,158,3,1,,,,,,,,,,,,,,,,,,,,,,,,,,,,,,,,,,,,,,,,,,,,,,,,,,,,,,,,,,,,,,,,,,,,,
,,,,,,,,,,,,,,,,,,,,,,,,,,,,,,,,,,,,,,,,,,,,,,,,,,,,,,,,,,,,,,,,,,152771,001,2024-11-06_17h26.26.319,experiment,2023.2.3,Win32,48.07692308,66b8e2fd7ed9ec6e6bb94a9d,672b928d7ee8c8ad18e9ad28,672ba68864bf9bfe3e1ebc5c,,,,,,,,,,,,,,,,,,,,,,,,,,,,,,,,,,,,,,,,,,,1,,,,,,,,,,,,,3,,,,,,,,,,,,,,,,,,,,,,,,,,,,,,,,,,,,,,,,,,,,,,k,0.0523,,space,1.1332,,3,brown_gnome,3,7,dark_forest,red_basket,red_gnome,3,3,bright_forest,yellow_basket,3,0,0,1,red_gnome,bright_forest,yellow_basket,2329,-2,-4,19,7,159,2,1,,,,,,,,,,,,,,,,,,,,,,,,,,,,,,,,,,,,,,,,,,,,,,,,,,,,,,,,,,,,,,,,,,,,,
,,,,,,,,,,,,,,,,,,,,,,,,,,,,,,,,,,,,,,,,,,,,,,,,,,,,,,,,,,,,,,,,,,152771,001,2024-11-06_17h26.26.319,experiment,2023.2.3,Win32,48.07692308,66b8e2fd7ed9ec6e6bb94a9d,672b928d7ee8c8ad18e9ad28,672ba68864bf9bfe3e1ebc5c,,,,,,,,,,,,,,,,,,,,,,,,,,,,,,,,,,,,,,,,,,,5,,,,,,,,,,,,,1,,,,,,,,,,,,,,,,,,,,,,,,,,,,,,,,,,,,,,,,,,,,,,k,0.2763,,space,0.4262,,1,yellow_gnome,1,1,bright_forest,yellow_basket,green_gnome,1,3,dark_forest,red_basket,15,0,0,1,green_gnome,dark_forest,red_basket,2344,-1,-1,20,0,160,4,1,,,,,,,,,,,,,,,,,,,,,,,,,,,,,,,,,,,,,,,,,,,,,,,,,,,,,,,,,,,,,,,,,,,,,
,,,,,,,,,,,,,,,,,,,,,,,,,,,,,,,,,,,,,,,,,,,,,,,,,,,,,,,,,,,,,,,,,,152771,001,2024-11-06_17h26.26.319,experiment,2023.2.3,Win32,48.07692308,66b8e2fd7ed9ec6e6bb94a9d,672b928d7ee8c8ad18e9ad28,672ba68864bf9bfe3e1ebc5c,,,,,,,,,,,,,,,,,,,,,,,,,,,,,,,,,,,,,,,,,,,1,,,,,,,,,,,,,2,,,,,,,,,,,,,,,,,,,,,,,,,,,,,,,,,,,,,,,,,,,,,,k,0.2653,,space,0.1625,,2,blue_gnome,2,0,bright_forest,yellow_basket,pink_gnome,2,2,dark_forest,red_basket,2,0,0,1,pink_gnome,dark_forest,red_basket,2346,-2,-1,20,1,161,1,1,,,,,,,,,,,,,,,,,,,,,,,,,,,,,,,,,,,,,,,,,,,,,,,,,,,,,,,,,,,,,,,,,,,,,
,,,,,,,,,,,,,,,,,,,,,,,,,,,,,,,,,,,,,,,,,,,,,,,,,,,,,,,,,,,,,,,,,,152771,001,2024-11-06_17h26.26.319,experiment,2023.2.3,Win32,48.07692308,66b8e2fd7ed9ec6e6bb94a9d,672b928d7ee8c8ad18e9ad28,672ba68864bf9bfe3e1ebc5c,,,,,,,,,,,,,,,,,,,,,,,,,,,,,,,,,,,,,,,,,,,5,,,,,,,,,,,,,2,,,,,,,,,,,,,,,,,,,,,,,,,,,,,,,,,,,,,,,,,,,,,,k,0.4254,,space,0.3086,,2,blue_gnome,2,2,bright_forest,yellow_basket,pink_gnome,2,1,dark_forest,red_basket,5,0,0,1,pink_gnome,dark_forest,red_basket,2351,2,1,20,2,162,5,1,,,,,,,,,,,,,,,,,,,,,,,,,,,,,,,,,,,,,,,,,,,,,,,,,,,,,,,,,,,,,,,,,,,,,
,,,,,,,,,,,,,,,,,,,,,,,,,,,,,,,,,,,,,,,,,,,,,,,,,,,,,,,,,,,,,,,,,,152771,001,2024-11-06_17h26.26.319,experiment,2023.2.3,Win32,48.07692308,66b8e2fd7ed9ec6e6bb94a9d,672b928d7ee8c8ad18e9ad28,672ba68864bf9bfe3e1ebc5c,,,,,,,,,,,,,,,,,,,,,,,,,,,,,,,,,,,,,,,,,,,5,,,,,,,,,,,,,1,,,,,,,,,,,,,,,,,,,,,,,,,,,,,,,,,,,,,,,,,,,,,,s,0.3991,,space,0.2586,,1,green_gnome,1,2,dark_forest,red_basket,yellow_gnome,1,4,bright_forest,yellow_basket,10,0,0,1,green_gnome,dark_forest,red_basket,2361,1,0,20,3,163,4,1,,,,,,,,,,,,,,,,,,,,,,,,,,,,,,,,,,,,,,,,,,,,,,,,,,,,,,,,,,,,,,,,,,,,,
,,,,,,,,,,,,,,,,,,,,,,,,,,,,,,,,,,,,,,,,,,,,,,,,,,,,,,,,,,,,,,,,,,152771,001,2024-11-06_17h26.26.319,experiment,2023.2.3,Win32,48.07692308,66b8e2fd7ed9ec6e6bb94a9d,672b928d7ee8c8ad18e9ad28,672ba68864bf9bfe3e1ebc5c,,,,,,,,,,,,,,,,,,,,,,,,,,,,,,,,,,,,,,,,,,,1,,,,,,,,,,,,,2,,,,,,,,,,,,,,,,,,,,,,,,,,,,,,,,,,,,,,,,,,,,,,k,0.3264,,space,0.3123,,2,blue_gnome,2,5,bright_forest,yellow_basket,pink_gnome,2,2,dark_forest,red_basket,2,0,0,1,pink_gnome,dark_forest,red_basket,2363,1,0,20,4,164,1,1,,,,,,,,,,,,,,,,,,,,,,,,,,,,,,,,,,,,,,,,,,,,,,,,,,,,,,,,,,,,,,,,,,,,,
,,,,,,,,,,,,,,,,,,,,,,,,,,,,,,,,,,,,,,,,,,,,,,,,,,,,,,,,,,,,,,,,,,152771,001,2024-11-06_17h26.26.319,experiment,2023.2.3,Win32,48.07692308,66b8e2fd7ed9ec6e6bb94a9d,672b928d7ee8c8ad18e9ad28,672ba68864bf9bfe3e1ebc5c,,,,,,,,,,,,,,,,,,,,,,,,,,,,,,,,,,,,,,,,,,,1,,,,,,,,,,,,,2,,,,,,,,,,,,,,,,,,,,,,,,,,,,,,,,,,,,,,,,,,,,,,s,0.3659,,space,0.2921,,2,pink_gnome,2,2,dark_forest,red_basket,blue_gnome,2,6,bright_forest,yellow_basket,2,0,0,1,pink_gnome,dark_forest,red_basket,2365,-1,2,20,5,165,1,1,,,,,,,,,,,,,,,,,,,,,,,,,,,,,,,,,,,,,,,,,,,,,,,,,,,,,,,,,,,,,,,,,,,,,
,,,,,,,,,,,,,,,,,,,,,,,,,,,,,,,,,,,,,,,,,,,,,,,,,,,,,,,,,,,,,,,,,,152771,001,2024-11-06_17h26.26.319,experiment,2023.2.3,Win32,48.07692308,66b8e2fd7ed9ec6e6bb94a9d,672b928d7ee8c8ad18e9ad28,672ba68864bf9bfe3e1ebc5c,,,,,,,,,,,,,,,,,,,,,,,,,,,,,,,,,,,,,,,,,,,1,,,,,,,,,,,,,3,,,,,,,,,,,,,,,,,,,,,,,,,,,,,,,,,,,,,,,,,,,,,,k,0.4926,,space,0.1268,,3,brown_gnome,3,4,dark_forest,red_basket,red_gnome,3,5,bright_forest,yellow_basket,5,0,0,1,red_gnome,bright_forest,yellow_basket,2370,0,3,20,6,166,2,1,,,,,,,,,,,,,,,,,,,,,,,,,,,,,,,,,,,,,,,,,,,,,,,,,,,,,,,,,,,,,,,,,,,,,
,,,,,,,,,,,,,,,,,,,,,,,,,,,,,,,,,,,,,,,,,,,,,,,,,,,,,,,,,,,,,,,,,,152771,001,2024-11-06_17h26.26.319,experiment,2023.2.3,Win32,48.07692308,66b8e2fd7ed9ec6e6bb94a9d,672b928d7ee8c8ad18e9ad28,672ba68864bf9bfe3e1ebc5c,,,,,,,,,,,,,,,,,,,,,,,,,,,,,,,,,,,,,,,,,,,1,,,,,,,,,,,,,3,,,,,,,,,,,,,,,,,,,,,,,,,,,,,,,,,,,,,,,,,,,,,,k,0.343,,space,0.2254,,3,red_gnome,3,5,bright_forest,yellow_basket,brown_gnome,3,7,dark_forest,red_basket,7,0,0,1,brown_gnome,dark_forest,red_basket,2377,0,2,20,7,167,2,1,,,,,,,,,,,,,,,,,,,,,,,,,,,,,,,,,,,,,,,,,,,,,,,,,,,,,,,,,,,,,,,,,,,,,
,,,,,,,,,,,,,,,,,,,,,,,,,,,,,,,,,,,,,,,,,,,,,,,,,,,,,,,,,,,,,,,,,,152771,001,2024-11-06_17h26.26.319,experiment,2023.2.3,Win32,48.07692308,66b8e2fd7ed9ec6e6bb94a9d,672b928d7ee8c8ad18e9ad28,672ba68864bf9bfe3e1ebc5c,,,,,,,,,,,,,,,,,,,,,,,,,,,,,,,,,,,,,,,,,,,1,,,,,,,,,,,,,4,,,,,,,,,,,,,,,,,,,,,,,,,,,,,,,,,,,,,,,,,,,,,,s,0.3919,,space,0.21,,4,orange_gnome,4,5,bright_forest,yellow_basket,purple_gnome,4,9,dark_forest,red_basket,5,0,0,1,orange_gnome,bright_forest,yellow_basket,2382,1,1,21,0,168,3,1,,,,,,,,,,,,,,,,,,,,,,,,,,,,,,,,,,,,,,,,,,,,,,,,,,,,,,,,,,,,,,,,,,,,,
,,,,,,,,,,,,,,,,,,,,,,,,,,,,,,,,,,,,,,,,,,,,,,,,,,,,,,,,,,,,,,,,,,152771,001,2024-11-06_17h26.26.319,experiment,2023.2.3,Win32,48.07692308,66b8e2fd7ed9ec6e6bb94a9d,672b928d7ee8c8ad18e9ad28,672ba68864bf9bfe3e1ebc5c,,,,,,,,,,,,,,,,,,,,,,,,,,,,,,,,,,,,,,,,,,,5,,,,,,,,,,,,,2,,,,,,,,,,,,,,,,,,,,,,,,,,,,,,,,,,,,,,,,,,,,,,k,0.4429,,space,0.2619,,2,blue_gnome,2,6,bright_forest,yellow_basket,pink_gnome,2,8,dark_forest,red_basket,40,0,0,1,pink_gnome,dark_forest,red_basket,2422,4,-1,21,1,169,5,1,,,,,,,,,,,,,,,,,,,,,,,,,,,,,,,,,,,,,,,,,,,,,,,,,,,,,,,,,,,,,,,,,,,,,
,,,,,,,,,,,,,,,,,,,,,,,,,,,,,,,,,,,,,,,,,,,,,,,,,,,,,,,,,,,,,,,,,,152771,001,2024-11-06_17h26.26.319,experiment,2023.2.3,Win32,48.07692308,66b8e2fd7ed9ec6e6bb94a9d,672b928d7ee8c8ad18e9ad28,672ba68864bf9bfe3e1ebc5c,,,,,,,,,,,,,,,,,,,,,,,,,,,,,,,,,,,,,,,,,,,5,,,,,,,,,,,,,1,,,,,,,,,,,,,,,,,,,,,,,,,,,,,,,,,,,,,,,,,,,,,,k,0.3483,,space,0.3126,,1,green_gnome,1,7,dark_forest,red_basket,yellow_gnome,1,8,bright_forest,yellow_basket,40,0,0,1,yellow_gnome,bright_forest,yellow_basket,2462,0,-1,21,2,170,4,1,,,,,,,,,,,,,,,,,,,,,,,,,,,,,,,,,,,,,,,,,,,,,,,,,,,,,,,,,,,,,,,,,,,,,
,,,,,,,,,,,,,,,,,,,,,,,,,,,,,,,,,,,,,,,,,,,,,,,,,,,,,,,,,,,,,,,,,,152771,001,2024-11-06_17h26.26.319,experiment,2023.2.3,Win32,48.07692308,66b8e2fd7ed9ec6e6bb94a9d,672b928d7ee8c8ad18e9ad28,672ba68864bf9bfe3e1ebc5c,,,,,,,,,,,,,,,,,,,,,,,,,,,,,,,,,,,,,,,,,,,1,,,,,,,,,,,,,4,,,,,,,,,,,,,,,,,,,,,,,,,,,,,,,,,,,,,,,,,,,,,,s,0.1653,,space,0.2972,,4,orange_gnome,4,8,bright_forest,yellow_basket,purple_gnome,4,6,dark_forest,red_basket,8,0,0,1,orange_gnome,bright_forest,yellow_basket,2470,2,3,21,3,171,3,1,,,,,,,,,,,,,,,,,,,,,,,,,,,,,,,,,,,,,,,,,,,,,,,,,,,,,,,,,,,,,,,,,,,,,
,,,,,,,,,,,,,,,,,,,,,,,,,,,,,,,,,,,,,,,,,,,,,,,,,,,,,,,,,,,,,,,,,,152771,001,2024-11-06_17h26.26.319,experiment,2023.2.3,Win32,48.07692308,66b8e2fd7ed9ec6e6bb94a9d,672b928d7ee8c8ad18e9ad28,672ba68864bf9bfe3e1ebc5c,,,,,,,,,,,,,,,,,,,,,,,,,,,,,,,,,,,,,,,,,,,1,,,,,,,,,,,,,3,,,,,,,,,,,,,,,,,,,,,,,,,,,,,,,,,,,,,,,,,,,,,,s,0.8256,,space,0.7085,,3,brown_gnome,3,9,dark_forest,red_basket,red_gnome,3,8,bright_forest,yellow_basket,9,0,0,1,brown_gnome,dark_forest,red_basket,2479,-2,-2,21,4,172,2,1,,,,,,,,,,,,,,,,,,,,,,,,,,,,,,,,,,,,,,,,,,,,,,,,,,,,,,,,,,,,,,,,,,,,,
,,,,,,,,,,,,,,,,,,,,,,,,,,,,,,,,,,,,,,,,,,,,,,,,,,,,,,,,,,,,,,,,,,152771,001,2024-11-06_17h26.26.319,experiment,2023.2.3,Win32,48.07692308,66b8e2fd7ed9ec6e6bb94a9d,672b928d7ee8c8ad18e9ad28,672ba68864bf9bfe3e1ebc5c,,,,,,,,,,,,,,,,,,,,,,,,,,,,,,,,,,,,,,,,,,,1,,,,,,,,,,,,,4,,,,,,,,,,,,,,,,,,,,,,,,,,,,,,,,,,,,,,,,,,,,,,s,0.0815,,space,0.276,,4,purple_gnome,4,7,dark_forest,red_basket,orange_gnome,4,6,bright_forest,yellow_basket,7,0,0,1,purple_gnome,dark_forest,red_basket,2486,3,-1,21,5,173,3,1,,,,,,,,,,,,,,,,,,,,,,,,,,,,,,,,,,,,,,,,,,,,,,,,,,,,,,,,,,,,,,,,,,,,,
,,,,,,,,,,,,,,,,,,,,,,,,,,,,,,,,,,,,,,,,,,,,,,,,,,,,,,,,,,,,,,,,,,152771,001,2024-11-06_17h26.26.319,experiment,2023.2.3,Win32,48.07692308,66b8e2fd7ed9ec6e6bb94a9d,672b928d7ee8c8ad18e9ad28,672ba68864bf9bfe3e1ebc5c,,,,,,,,,,,,,,,,,,,,,,,,,,,,,,,,,,,,,,,,,,,1,,,,,,,,,,,,,4,,,,,,,,,,,,,,,,,,,,,,,,,,,,,,,,,,,,,,,,,,,,,,s,0.0415,,space,0.1769,,4,orange_gnome,4,9,bright_forest,yellow_basket,purple_gnome,4,6,dark_forest,red_basket,9,0,0,1,orange_gnome,bright_forest,yellow_basket,2495,2,-3,21,6,174,3,1,,,,,,,,,,,,,,,,,,,,,,,,,,,,,,,,,,,,,,,,,,,,,,,,,,,,,,,,,,,,,,,,,,,,,
,,,,,,,,,,,,,,,,,,,,,,,,,,,,,,,,,,,,,,,,,,,,,,,,,,,,,,,,,,,,,,,,,,152771,001,2024-11-06_17h26.26.319,experiment,2023.2.3,Win32,48.07692308,66b8e2fd7ed9ec6e6bb94a9d,672b928d7ee8c8ad18e9ad28,672ba68864bf9bfe3e1ebc5c,,,,,,,,,,,,,,,,,,,,,,,,,,,,,,,,,,,,,,,,,,,5,,,,,,,,,,,,,3,,,,,,,,,,,,,,,,,,,,,,,,,,,,,,,,,,,,,,,,,,,,,,k,0.1765,,space,0.2258,,3,red_gnome,3,7,bright_forest,yellow_basket,brown_gnome,3,3,dark_forest,red_basket,15,0,0,1,brown_gnome,dark_forest,red_basket,2510,1,1,21,7,175,6,1,,,,,,,,,,,,,,,,,,,,,,,,,,,,,,,,,,,,,,,,,,,,,,,,,,,,,,,,,,,,,,,,,,,,,
,,,,,,,,,,,,,,,,,,,,,,,,,,,,,,,,,,,,,,,,,,,,,,,,,,,,,,,,,,,,,,,,,,152771,001,2024-11-06_17h26.26.319,experiment,2023.2.3,Win32,48.07692308,66b8e2fd7ed9ec6e6bb94a9d,672b928d7ee8c8ad18e9ad28,672ba68864bf9bfe3e1ebc5c,,,,,,,,,,,,,,,,,,,,,,,,,,,,,,,,,,,,,,,,,,,5,,,,,,,,,,,,,4,,,,,,,,,,,,,,,,,,,,,,,,,,,,,,,,,,,,,,,,,,,,,,k,0.3451,,space,0.4292,,4,purple_gnome,4,4,dark_forest,red_basket,orange_gnome,4,8,bright_forest,yellow_basket,40,0,0,1,orange_gnome,bright_forest,yellow_basket,2550,2,4,22,0,176,7,1,,,,2655.6756,2665.6944,,,,,,,,,,,,,,,,,,,,,,,,,,,,,,,,,,,,,,,,,,,,,,,,,,,,,,,,,,,,,,,,
,,,,,,,,,,,,,,,,,,,,,,,,,,,,,,,,,,,,,,,,,,,,,,,,,,,,,,,,,,,,,,,,,,152771,001,2024-11-06_17h26.26.319,experiment,2023.2.3,Win32,48.07692308,66b8e2fd7ed9ec6e6bb94a9d,672b928d7ee8c8ad18e9ad28,672ba68864bf9bfe3e1ebc5c,,,,,,,,,,,,,,,,,,,,,,,,,,,,,,,,,,,,,,,,,,,1,,,,,,,,,,,,,1,,,,,,,,,,,,,,,,,,,,,,,,,,,,,,,,,,,,,,,,,,,,,,s,0.4504,,space,0.2974,,1,yellow_gnome,1,8,bright_forest,yellow_basket,green_gnome,1,8,dark_forest,red_basket,8,0,0,1,yellow_gnome,bright_forest,yellow_basket,2558,1,1,22,1,177,0,1,,,,,,,,,,,,,,,,,,,,,,,,,,,,,,,,,,,,,,,,,,,,,,,,,,,,,,,,,,,,,,,,,,,,,
,,,,,,,,,,,,,,,,,,,,,,,,,,,,,,,,,,,,,,,,,,,,,,,,,,,,,,,,,,,,,,,,,,152771,001,2024-11-06_17h26.26.319,experiment,2023.2.3,Win32,48.07692308,66b8e2fd7ed9ec6e6bb94a9d,672b928d7ee8c8ad18e9ad28,672ba68864bf9bfe3e1ebc5c,,,,,,,,,,,,,,,,,,,,,,,,,,,,,,,,,,,,,,,,,,,1,,,,,,,,,,,,,2,,,,,,,,,,,,,,,,,,,,,,,,,,,,,,,,,,,,,,,,,,,,,,s,0.31,,space,0.1588,,2,pink_gnome,2,9,dark_forest,red_basket,blue_gnome,2,9,bright_forest,yellow_basket,9,0,0,1,pink_gnome,dark_forest,red_basket,2567,0,2,22,2,178,1,1,,,,,,,,,,,,,,,,,,,,,,,,,,,,,,,,,,,,,,,,,,,,,,,,,,,,,,,,,,,,,,,,,,,,,
,,,,,,,,,,,,,,,,,,,,,,,,,,,,,,,,,,,,,,,,,,,,,,,,,,,,,,,,,,,,,,,,,,152771,001,2024-11-06_17h26.26.319,experiment,2023.2.3,Win32,48.07692308,66b8e2fd7ed9ec6e6bb94a9d,672b928d7ee8c8ad18e9ad28,672ba68864bf9bfe3e1ebc5c,,,,,,,,,,,,,,,,,,,,,,,,,,,,,,,,,,,,,,,,,,,5,,,,,,,,,,,,,4,,,,,,,,,,,,,,,,,,,,,,,,,,,,,,,,,,,,,,,,,,,,,,k,0.0429,,space,0.2873,,4,purple_gnome,4,7,dark_forest,red_basket,orange_gnome,4,9,bright_forest,yellow_basket,45,0,0,1,orange_gnome,bright_forest,yellow_basket,2612,-3,-4,22,3,179,7,1,,,,,,,,,,,,,,,,,,,,,,,,,,,,,,,,,,,,,,,,,,,,,,,,,,,,,,,,,,,,,,,,,,,,,
,,,,,,,,,,,,,,,,,,,,,,,,,,,,,,,,,,,,,,,,,,,,,,,,,,,,,,,,,,,,,,,,,,152771,001,2024-11-06_17h26.26.319,experiment,2023.2.3,Win32,48.07692308,66b8e2fd7ed9ec6e6bb94a9d,672b928d7ee8c8ad18e9ad28,672ba68864bf9bfe3e1ebc5c,,,,,,,,,,,,,,,,,,,,,,,,,,,,,,,,,,,,,,,,,,,1,,,,,,,,,,,,,2,,,,,,,,,,,,,,,,,,,,,,,,,,,,,,,,,,,,,,,,,,,,,,s,0.2931,,space,0.1267,,2,blue_gnome,2,6,bright_forest,yellow_basket,pink_gnome,2,3,dark_forest,red_basket,6,0,0,1,blue_gnome,bright_forest,yellow_basket,2618,2,-1,22,4,180,1,1,,,,,,,,,,,,,,,,,,,,,,,,,,,,,,,,,,,,,,,,,,,,,,,,,,,,,,,,,,,,,,,,,,,,,
,,,,,,,,,,,,,,,,,,,,,,,,,,,,,,,,,,,,,,,,,,,,,,,,,,,,,,,,,,,,,,,,,,152771,001,2024-11-06_17h26.26.319,experiment,2023.2.3,Win32,48.07692308,66b8e2fd7ed9ec6e6bb94a9d,672b928d7ee8c8ad18e9ad28,672ba68864bf9bfe3e1ebc5c,,,,,,,,,,,,,,,,,,,,,,,,,,,,,,,,,,,,,,,,,,,5,,,,,,,,,,,,,2,,,,,,,,,,,,,,,,,,,,,,,,,,,,,,,,,,,,,,,,,,,,,,s,0.3,,space,0.1922,,2,pink_gnome,2,2,dark_forest,red_basket,blue_gnome,2,8,bright_forest,yellow_basket,10,0,0,1,pink_gnome,dark_forest,red_basket,2628,0,5,22,5,181,5,1,,,,,,,,,,,,,,,,,,,,,,,,,,,,,,,,,,,,,,,,,,,,,,,,,,,,,,,,,,,,,,,,,,,,,
,,,,,,,,,,,,,,,,,,,,,,,,,,,,,,,,,,,,,,,,,,,,,,,,,,,,,,,,,,,,,,,,,,152771,001,2024-11-06_17h26.26.319,experiment,2023.2.3,Win32,48.07692308,66b8e2fd7ed9ec6e6bb94a9d,672b928d7ee8c8ad18e9ad28,672ba68864bf9bfe3e1ebc5c,,,,,,,,,,,,,,,,,,,,,,,,,,,,,,,,,,,,,,,,,,,5,,,,,,,,,,,,,1,,,,,,,,,,,,,,,,,,,,,,,,,,,,,,,,,,,,,,,,,,,,,,k,0.4429,,space,0.309,,1,yellow_gnome,1,8,bright_forest,yellow_basket,green_gnome,1,7,dark_forest,red_basket,35,0,0,1,green_gnome,dark_forest,red_basket,2663,1,2,22,6,182,4,1,,,,,,,,,,,,,,,,,,,,,,,,,,,,,,,,,,,,,,,,,,,,,,,,,,,,,,,,,,,,,,,,,,,,,
,,,,,,,,,,,,,,,,,,,,,,,,,,,,,,,,,,,,,,,,,,,,,,,,,,,,,,,,,,,,,,,,,,152771,001,2024-11-06_17h26.26.319,experiment,2023.2.3,Win32,48.07692308,66b8e2fd7ed9ec6e6bb94a9d,672b928d7ee8c8ad18e9ad28,672ba68864bf9bfe3e1ebc5c,,,,,,,,,,,,,,,,,,,,,,,,,,,,,,,,,,,,,,,,,,,1,,,,,,,,,,,,,1,,,,,,,,,,,,,,,,,,,,,,,,,,,,,,,,,,,,,,,,,,,,,,s,0.3428,,space,0.3978,,1,green_gnome,1,9,dark_forest,red_basket,yellow_gnome,1,9,bright_forest,yellow_basket,9,0,0,1,green_gnome,dark_forest,red_basket,2672,2,2,22,7,183,0,1,,,,,,,,,,,,,,,,,,,,,,,,,,,,,,,,,,,,,,,,,,,,,,,,,,,,,,,,,,,,,,,,,,,,,
,,,,,,,,,,,,,,,,,,,,,,,,,,,,,,,,,,,,,,,,,,,,,,,,,,,,,,,,,,,,,,,,,,152771,001,2024-11-06_17h26.26.319,experiment,2023.2.3,Win32,48.07692308,66b8e2fd7ed9ec6e6bb94a9d,672b928d7ee8c8ad18e9ad28,672ba68864bf9bfe3e1ebc5c,,,,,,,,,,,,,,,,,,,,,,,,,,,,,,,,,,,,,,,,,,,1,,,,,,,,,,,,,2,,,,,,,,,,,,,,,,,,,,,,,,,,,,,,,,,,,,,,,,,,,,,,s,0.2765,,space,0.5257,,2,pink_gnome,2,7,dark_forest,red_basket,blue_gnome,2,7,bright_forest,yellow_basket,7,0,0,1,pink_gnome,dark_forest,red_basket,2679,2,4,23,0,184,1,1,,,,,,,,,,,,,,,,,,,,,,,,,,,,,,,,,,,,,,,,,,,,,,,,,,,,,,,,,,,,,,,,,,,,,
,,,,,,,,,,,,,,,,,,,,,,,,,,,,,,,,,,,,,,,,,,,,,,,,,,,,,,,,,,,,,,,,,,152771,001,2024-11-06_17h26.26.319,experiment,2023.2.3,Win32,48.07692308,66b8e2fd7ed9ec6e6bb94a9d,672b928d7ee8c8ad18e9ad28,672ba68864bf9bfe3e1ebc5c,,,,,,,,,,,,,,,,,,,,,,,,,,,,,,,,,,,,,,,,,,,1,,,,,,,,,,,,,4,,,,,,,,,,,,,,,,,,,,,,,,,,,,,,,,,,,,,,,,,,,,,,s,0.1423,,space,0.8152,,4,purple_gnome,4,7,dark_forest,red_basket,orange_gnome,4,9,bright_forest,yellow_basket,7,0,0,1,purple_gnome,dark_forest,red_basket,2686,-1,1,23,1,185,3,1,,,,,,,,,,,,,,,,,,,,,,,,,,,,,,,,,,,,,,,,,,,,,,,,,,,,,,,,,,,,,,,,,,,,,
,,,,,,,,,,,,,,,,,,,,,,,,,,,,,,,,,,,,,,,,,,,,,,,,,,,,,,,,,,,,,,,,,,152771,001,2024-11-06_17h26.26.319,experiment,2023.2.3,Win32,48.07692308,66b8e2fd7ed9ec6e6bb94a9d,672b928d7ee8c8ad18e9ad28,672ba68864bf9bfe3e1ebc5c,,,,,,,,,,,,,,,,,,,,,,,,,,,,,,,,,,,,,,,,,,,1,,,,,,,,,,,,,4,,,,,,,,,,,,,,,,,,,,,,,,,,,,,,,,,,,,,,,,,,,,,,s,0.2764,,space,0.3096,,4,orange_gnome,4,8,bright_forest,yellow_basket,purple_gnome,4,8,dark_forest,red_basket,8,0,0,1,orange_gnome,bright_forest,yellow_basket,2694,2,-1,23,2,186,3,1,,,,,,,,,,,,,,,,,,,,,,,,,,,,,,,,,,,,,,,,,,,,,,,,,,,,,,,,,,,,,,,,,,,,,
,,,,,,,,,,,,,,,,,,,,,,,,,,,,,,,,,,,,,,,,,,,,,,,,,,,,,,,,,,,,,,,,,,152771,001,2024-11-06_17h26.26.319,experiment,2023.2.3,Win32,48.07692308,66b8e2fd7ed9ec6e6bb94a9d,672b928d7ee8c8ad18e9ad28,672ba68864bf9bfe3e1ebc5c,,,,,,,,,,,,,,,,,,,,,,,,,,,,,,,,,,,,,,,,,,,5,,,,,,,,,,,,,3,,,,,,,,,,,,,,,,,,,,,,,,,,,,,,,,,,,,,,,,,,,,,,k,0.1266,,space,0.1932,,3,brown_gnome,3,7,dark_forest,red_basket,red_gnome,3,8,bright_forest,yellow_basket,40,0,0,1,red_gnome,bright_forest,yellow_basket,2734,0,0,23,3,187,6,1,,,,,,,,,,,,,,,,,,,,,,,,,,,,,,,,,,,,,,,,,,,,,,,,,,,,,,,,,,,,,,,,,,,,,
,,,,,,,,,,,,,,,,,,,,,,,,,,,,,,,,,,,,,,,,,,,,,,,,,,,,,,,,,,,,,,,,,,152771,001,2024-11-06_17h26.26.319,experiment,2023.2.3,Win32,48.07692308,66b8e2fd7ed9ec6e6bb94a9d,672b928d7ee8c8ad18e9ad28,672ba68864bf9bfe3e1ebc5c,,,,,,,,,,,,,,,,,,,,,,,,,,,,,,,,,,,,,,,,,,,1,,,,,,,,,,,,,3,,,,,,,,,,,,,,,,,,,,,,,,,,,,,,,,,,,,,,,,,,,,,,s,0.3264,,space,0.3426,,3,red_gnome,3,8,bright_forest,yellow_basket,brown_gnome,3,7,dark_forest,red_basket,8,0,0,1,red_gnome,bright_forest,yellow_basket,2742,1,-1,23,4,188,2,1,,,,,,,,,,,,,,,,,,,,,,,,,,,,,,,,,,,,,,,,,,,,,,,,,,,,,,,,,,,,,,,,,,,,,
,,,,,,,,,,,,,,,,,,,,,,,,,,,,,,,,,,,,,,,,,,,,,,,,,,,,,,,,,,,,,,,,,,152771,001,2024-11-06_17h26.26.319,experiment,2023.2.3,Win32,48.07692308,66b8e2fd7ed9ec6e6bb94a9d,672b928d7ee8c8ad18e9ad28,672ba68864bf9bfe3e1ebc5c,,,,,,,,,,,,,,,,,,,,,,,,,,,,,,,,,,,,,,,,,,,1,,,,,,,,,,,,,3,,,,,,,,,,,,,,,,,,,,,,,,,,,,,,,,,,,,,,,,,,,,,,s,0.5822,,space,0.3254,,3,brown_gnome,3,6,dark_forest,red_basket,red_gnome,3,9,bright_forest,yellow_basket,6,0,0,1,brown_gnome,dark_forest,red_basket,2748,1,0,23,5,189,2,1,,,,,,,,,,,,,,,,,,,,,,,,,,,,,,,,,,,,,,,,,,,,,,,,,,,,,,,,,,,,,,,,,,,,,
,,,,,,,,,,,,,,,,,,,,,,,,,,,,,,,,,,,,,,,,,,,,,,,,,,,,,,,,,,,,,,,,,,152771,001,2024-11-06_17h26.26.319,experiment,2023.2.3,Win32,48.07692308,66b8e2fd7ed9ec6e6bb94a9d,672b928d7ee8c8ad18e9ad28,672ba68864bf9bfe3e1ebc5c,,,,,,,,,,,,,,,,,,,,,,,,,,,,,,,,,,,,,,,,,,,5,,,,,,,,,,,,,1,,,,,,,,,,,,,,,,,,,,,,,,,,,,,,,,,,,,,,,,,,,,,,,,,,,,1,yellow_gnome,1,8,bright_forest,yellow_basket,green_gnome,1,6,dark_forest,red_basket,0,1,0,0,,dark_forest,red_basket,2748,-2,2,23,6,190,4,1,,,,,,,,,,,,,,,,,,,,,,,,,,,,,,,,,,,,,,,,,,,,,,,,,,,,,,,,,,,,,,,,,,,,,
,,,,,,,,,,,,,,,,,,,,,,,,,,,,,,,,,,,,,,,,,,,,,,,,,,,,,,,,,,,,,,,,,,152771,001,2024-11-06_17h26.26.319,experiment,2023.2.3,Win32,48.07692308,66b8e2fd7ed9ec6e6bb94a9d,672b928d7ee8c8ad18e9ad28,672ba68864bf9bfe3e1ebc5c,,,,,,,,,,,,,,,,,,,,,,,,,,,,,,,,,,,,,,,,,,,1,,,,,,,,,,,,,1,,,,,,,,,,,,,,,,,,,,,,,,,,,,,,,,,,,,,,,,,,,,,,s,0.2645,,space,0.3918,,1,green_gnome,1,8,dark_forest,red_basket,yellow_gnome,1,6,bright_forest,yellow_basket,8,0,0,1,green_gnome,dark_forest,red_basket,2756,2,1,23,7,191,0,1,space,4.6257,,,,,,,,,,,,,,,,,,,,,,,,,,,,,,,,,,,,,,,,,,,,,,,,,,,,,,,,,,,,,,,,,,,
,,,,,,,,,,,,,,,,,,,,,,,,,,,,,,,,,,,,,,,,,,,,,,,,,,,,,,,,,,,,,,,,,,152771,001,2024-11-06_17h26.26.319,experiment,2023.2.3,Win32,48.07692308,66b8e2fd7ed9ec6e6bb94a9d,672b928d7ee8c8ad18e9ad28,672ba68864bf9bfe3e1ebc5c,,,,,,,,,,,,,,,,,,,,,,,,,,,,,,,,,,,,,,,,,,,1,,,,,,,,,,,,,1,,,,,,,,,,,,,,,,,,,,,,,,,,,,,,,,,,,,,,,,,,,,,,s,0.3174,,space,0.1101,,1,yellow_gnome,1,8,bright_forest,yellow_basket,green_gnome,1,9,dark_forest,red_basket,8,0,0,1,yellow_gnome,bright_forest,yellow_basket,2764,-4,-1,24,0,192,0,1,,,,,,,,,,,,,,,,,,,,,,,,,,,,,,,,,,,,,,,,,,,,,,,,,,,,,,,,,,,,,,,,,,,,,
,,,,,,,,,,,,,,,,,,,,,,,,,,,,,,,,,,,,,,,,,,,,,,,,,,,,,,,,,,,,,,,,,,152771,001,2024-11-06_17h26.26.319,experiment,2023.2.3,Win32,48.07692308,66b8e2fd7ed9ec6e6bb94a9d,672b928d7ee8c8ad18e9ad28,672ba68864bf9bfe3e1ebc5c,,,,,,,,,,,,,,,,,,,,,,,,,,,,,,,,,,,,,,,,,,,1,,,,,,,,,,,,,1,,,,,,,,,,,,,,,,,,,,,,,,,,,,,,,,,,,,,,,,,,,,,,s,0.0421,,space,0.3025,,1,yellow_gnome,1,4,bright_forest,yellow_basket,green_gnome,1,8,dark_forest,red_basket,4,0,0,1,yellow_gnome,bright_forest,yellow_basket,2768,-2,-3,24,1,193,0,1,,,,,,,,,,,,,,,,,,,,,,,,,,,,,,,,,,,,,,,,,,,,,,,,,,,,,,,,,,,,,,,,,,,,,
,,,,,,,,,,,,,,,,,,,,,,,,,,,,,,,,,,,,,,,,,,,,,,,,,,,,,,,,,,,,,,,,,,152771,001,2024-11-06_17h26.26.319,experiment,2023.2.3,Win32,48.07692308,66b8e2fd7ed9ec6e6bb94a9d,672b928d7ee8c8ad18e9ad28,672ba68864bf9bfe3e1ebc5c,,,,,,,,,,,,,,,,,,,,,,,,,,,,,,,,,,,,,,,,,,,1,,,,,,,,,,,,,1,,,,,,,,,,,,,,,,,,,,,,,,,,,,,,,,,,,,,,,,,,,,,,s,0.2459,,space,0.1257,,1,green_gnome,1,5,dark_forest,red_basket,yellow_gnome,1,2,bright_forest,yellow_basket,5,0,0,1,green_gnome,dark_forest,red_basket,2773,-1,2,24,2,194,0,1,,,,,,,,,,,,,,,,,,,,,,,,,,,,,,,,,,,,,,,,,,,,,,,,,,,,,,,,,,,,,,,,,,,,,
,,,,,,,,,,,,,,,,,,,,,,,,,,,,,,,,,,,,,,,,,,,,,,,,,,,,,,,,,,,,,,,,,,152771,001,2024-11-06_17h26.26.319,experiment,2023.2.3,Win32,48.07692308,66b8e2fd7ed9ec6e6bb94a9d,672b928d7ee8c8ad18e9ad28,672ba68864bf9bfe3e1ebc5c,,,,,,,,,,,,,,,,,,,,,,,,,,,,,,,,,,,,,,,,,,,5,,,,,,,,,,,,,3,,,,,,,,,,,,,,,,,,,,,,,,,,,,,,,,,,,,,,,,,,,,,,k,0.31,,space,0.3995,,3,red_gnome,3,1,bright_forest,yellow_basket,brown_gnome,3,7,dark_forest,red_basket,35,0,0,1,brown_gnome,dark_forest,red_basket,2808,0,-3,24,3,195,6,1,,,,,,,,,,,,,,,,,,,,,,,,,,,,,,,,,,,,,,,,,,,,,,,,,,,,,,,,,,,,,,,,,,,,,
,,,,,,,,,,,,,,,,,,,,,,,,,,,,,,,,,,,,,,,,,,,,,,,,,,,,,,,,,,,,,,,,,,152771,001,2024-11-06_17h26.26.319,experiment,2023.2.3,Win32,48.07692308,66b8e2fd7ed9ec6e6bb94a9d,672b928d7ee8c8ad18e9ad28,672ba68864bf9bfe3e1ebc5c,,,,,,,,,,,,,,,,,,,,,,,,,,,,,,,,,,,,,,,,,,,5,,,,,,,,,,,,,1,,,,,,,,,,,,,,,,,,,,,,,,,,,,,,,,,,,,,,,,,,,,,,k,0.3088,,space,0.2167,,1,yellow_gnome,1,1,bright_forest,yellow_basket,green_gnome,1,4,dark_forest,red_basket,20,0,0,1,green_gnome,dark_forest,red_basket,2828,3,1,24,4,196,4,1,,,,,,,,,,,,,,,,,,,,,,,,,,,,,,,,,,,,,,,,,,,,,,,,,,,,,,,,,,,,,,,,,,,,,
,,,,,,,,,,,,,,,,,,,,,,,,,,,,,,,,,,,,,,,,,,,,,,,,,,,,,,,,,,,,,,,,,,152771,001,2024-11-06_17h26.26.319,experiment,2023.2.3,Win32,48.07692308,66b8e2fd7ed9ec6e6bb94a9d,672b928d7ee8c8ad18e9ad28,672ba68864bf9bfe3e1ebc5c,,,,,,,,,,,,,,,,,,,,,,,,,,,,,,,,,,,,,,,,,,,1,,,,,,,,,,,,,3,,,,,,,,,,,,,,,,,,,,,,,,,,,,,,,,,,,,,,,,,,,,,,s,0.4097,,space,0.2924,,3,brown_gnome,3,5,dark_forest,red_basket,red_gnome,3,4,bright_forest,yellow_basket,5,0,0,1,brown_gnome,dark_forest,red_basket,2833,0,-4,24,5,197,2,1,,,,,,,,,,,,,,,,,,,,,,,,,,,,,,,,,,,,,,,,,,,,,,,,,,,,,,,,,,,,,,,,,,,,,
,,,,,,,,,,,,,,,,,,,,,,,,,,,,,,,,,,,,,,,,,,,,,,,,,,,,,,,,,,,,,,,,,,152771,001,2024-11-06_17h26.26.319,experiment,2023.2.3,Win32,48.07692308,66b8e2fd7ed9ec6e6bb94a9d,672b928d7ee8c8ad18e9ad28,672ba68864bf9bfe3e1ebc5c,,,,,,,,,,,,,,,,,,,,,,,,,,,,,,,,,,,,,,,,,,,1,,,,,,,,,,,,,2,,,,,,,,,,,,,,,,,,,,,,,,,,,,,,,,,,,,,,,,,,,,,,s,1.4916,,space,0.6428,,2,pink_gnome,2,1,dark_forest,red_basket,blue_gnome,2,4,bright_forest,yellow_basket,1,0,0,1,pink_gnome,dark_forest,red_basket,2834,3,3,24,6,198,1,1,,,,,,,,,,,,,,,,,,,,,,,,,,,,,,,,,,,,,,,,,,,,,,,,,,,,,,,,,,,,,,,,,,,,,
,,,,,,,,,,,,,,,,,,,,,,,,,,,,,,,,,,,,,,,,,,,,,,,,,,,,,,,,,,,,,,,,,,152771,001,2024-11-06_17h26.26.319,experiment,2023.2.3,Win32,48.07692308,66b8e2fd7ed9ec6e6bb94a9d,672b928d7ee8c8ad18e9ad28,672ba68864bf9bfe3e1ebc5c,,,,,,,,,,,,,,,,,,,,,,,,,,,,,,,,,,,,,,,,,,,5,,,,,,,,,,,,,4,,,,,,,,,,,,,,,,,,,,,,,,,,,,,,,,,,,,,,,,,,,,,,k,0.0931,,space,0.1755,,4,orange_gnome,4,7,bright_forest,yellow_basket,purple_gnome,4,4,dark_forest,red_basket,20,0,0,1,purple_gnome,dark_forest,red_basket,2854,-2,0,24,7,199,7,1,,,,,,,,,,,,,,,,,,,,,,,,,,,,,,,,,,,,,,,,,,,,,,,,,,,,,,,,,,,,,,,,,,,,,
,,,,,,,,,,,,,,,,,,,,,,,,,,,,,,,,,,,,,,,,,,,,,,,,,,,,,,,,,,,,,,,,,,152771,001,2024-11-06_17h26.26.319,experiment,2023.2.3,Win32,48.07692308,66b8e2fd7ed9ec6e6bb94a9d,672b928d7ee8c8ad18e9ad28,672ba68864bf9bfe3e1ebc5c,,,,,,,,,,,,,,,,,,,,,,,,,,,,,,,,,,,,,,,,,,,5,,,,,,,,,,,,,3,,,,,,,,,,,,,,,,,,,,,,,,,,,,,,,,,,,,,,,,,,,,,,k,0.3036,,space,0.4932,,3,brown_gnome,3,4,dark_forest,red_basket,red_gnome,3,5,bright_forest,yellow_basket,25,0,0,1,red_gnome,bright_forest,yellow_basket,2879,1,1,25,0,200,6,1,,,,,,,,,,,,,,,,,,,,,,,,,,,,,,,,,,,,,,,,,,,,,,,,,,,,,,,,,,,,,,,,,,,,,
,,,,,,,,,,,,,,,,,,,,,,,,,,,,,,,,,,,,,,,,,,,,,,,,,,,,,,,,,,,,,,,,,,152771,001,2024-11-06_17h26.26.319,experiment,2023.2.3,Win32,48.07692308,66b8e2fd7ed9ec6e6bb94a9d,672b928d7ee8c8ad18e9ad28,672ba68864bf9bfe3e1ebc5c,,,,,,,,,,,,,,,,,,,,,,,,,,,,,,,,,,,,,,,,,,,1,,,,,,,,,,,,,4,,,,,,,,,,,,,,,,,,,,,,,,,,,,,,,,,,,,,,,,,,,,,,s,0.3127,,space,0.5108,,4,purple_gnome,4,5,dark_forest,red_basket,orange_gnome,4,6,bright_forest,yellow_basket,5,0,0,1,purple_gnome,dark_forest,red_basket,2884,5,-1,25,1,201,3,1,,,,,,,,,,,,,,,,,,,,,,,,,,,,,,,,,,,,,,,,,,,,,,,,,,,,,,,,,,,,,,,,,,,,,
,,,,,,,,,,,,,,,,,,,,,,,,,,,,,,,,,,,,,,,,,,,,,,,,,,,,,,,,,,,,,,,,,,152771,001,2024-11-06_17h26.26.319,experiment,2023.2.3,Win32,48.07692308,66b8e2fd7ed9ec6e6bb94a9d,672b928d7ee8c8ad18e9ad28,672ba68864bf9bfe3e1ebc5c,,,,,,,,,,,,,,,,,,,,,,,,,,,,,,,,,,,,,,,,,,,5,,,,,,,,,,,,,1,,,,,,,,,,,,,,,,,,,,,,,,,,,,,,,,,,,,,,,,,,,,,,k,0.2431,,space,0.4093,,1,green_gnome,1,4,dark_forest,red_basket,yellow_gnome,1,7,bright_forest,yellow_basket,35,0,0,1,yellow_gnome,bright_forest,yellow_basket,2919,0,-2,25,2,202,4,1,,,,,,,,,,,,,,,,,,,,,,,,,,,,,,,,,,,,,,,,,,,,,,,,,,,,,,,,,,,,,,,,,,,,,
,,,,,,,,,,,,,,,,,,,,,,,,,,,,,,,,,,,,,,,,,,,,,,,,,,,,,,,,,,,,,,,,,,152771,001,2024-11-06_17h26.26.319,experiment,2023.2.3,Win32,48.07692308,66b8e2fd7ed9ec6e6bb94a9d,672b928d7ee8c8ad18e9ad28,672ba68864bf9bfe3e1ebc5c,,,,,,,,,,,,,,,,,,,,,,,,,,,,,,,,,,,,,,,,,,,5,,,,,,,,,,,,,3,,,,,,,,,,,,,,,,,,,,,,,,,,,,,,,,,,,,,,,,,,,,,,k,0.3249,,space,0.3265,,3,brown_gnome,3,2,dark_forest,red_basket,red_gnome,3,7,bright_forest,yellow_basket,35,0,0,1,red_gnome,bright_forest,yellow_basket,2954,1,-2,25,3,203,6,1,,,,,,,,,,,,,,,,,,,,,,,,,,,,,,,,,,,,,,,,,,,,,,,,,,,,,,,,,,,,,,,,,,,,,
,,,,,,,,,,,,,,,,,,,,,,,,,,,,,,,,,,,,,,,,,,,,,,,,,,,,,,,,,,,,,,,,,,152771,001,2024-11-06_17h26.26.319,experiment,2023.2.3,Win32,48.07692308,66b8e2fd7ed9ec6e6bb94a9d,672b928d7ee8c8ad18e9ad28,672ba68864bf9bfe3e1ebc5c,,,,,,,,,,,,,,,,,,,,,,,,,,,,,,,,,,,,,,,,,,,5,,,,,,,,,,,,,4,,,,,,,,,,,,,,,,,,,,,,,,,,,,,,,,,,,,,,,,,,,,,,k,0.2813,,space,0.2296,,4,purple_gnome,4,0,dark_forest,red_basket,orange_gnome,4,8,bright_forest,yellow_basket,40,0,0,1,orange_gnome,bright_forest,yellow_basket,2994,0,4,25,4,204,7,1,,,,,,,,,,,,,,,,,,,,,,,,,,,,,,,,,,,,,,,,,,,,,,,,,,,,,,,,,,,,,,,,,,,,,
,,,,,,,,,,,,,,,,,,,,,,,,,,,,,,,,,,,,,,,,,,,,,,,,,,,,,,,,,,,,,,,,,,152771,001,2024-11-06_17h26.26.319,experiment,2023.2.3,Win32,48.07692308,66b8e2fd7ed9ec6e6bb94a9d,672b928d7ee8c8ad18e9ad28,672ba68864bf9bfe3e1ebc5c,,,,,,,,,,,,,,,,,,,,,,,,,,,,,,,,,,,,,,,,,,,1,,,,,,,,,,,,,2,,,,,,,,,,,,,,,,,,,,,,,,,,,,,,,,,,,,,,,,,,,,,,s,0.5262,,space,0.4793,,2,pink_gnome,2,4,dark_forest,red_basket,blue_gnome,2,8,bright_forest,yellow_basket,4,0,0,1,pink_gnome,dark_forest,red_basket,2998,1,-3,25,5,205,1,1,,,,,,,,,,,,,,,,,,,,,,,,,,,,,,,,,,,,,,,,,,,,,,,,,,,,,,,,,,,,,,,,,,,,,
,,,,,,,,,,,,,,,,,,,,,,,,,,,,,,,,,,,,,,,,,,,,,,,,,,,,,,,,,,,,,,,,,,152771,001,2024-11-06_17h26.26.319,experiment,2023.2.3,Win32,48.07692308,66b8e2fd7ed9ec6e6bb94a9d,672b928d7ee8c8ad18e9ad28,672ba68864bf9bfe3e1ebc5c,,,,,,,,,,,,,,,,,,,,,,,,,,,,,,,,,,,,,,,,,,,1,,,,,,,,,,,,,2,,,,,,,,,,,,,,,,,,,,,,,,,,,,,,,,,,,,,,,,,,,,,,s,0.4086,,space,0.283,,2,pink_gnome,2,1,dark_forest,red_basket,blue_gnome,2,9,bright_forest,yellow_basket,1,0,0,1,pink_gnome,dark_forest,red_basket,2999,0,-2,25,6,206,1,1,,,,,,,,,,,,,,,,,,,,,,,,,,,,,,,,,,,,,,,,,,,,,,,,,,,,,,,,,,,,,,,,,,,,,
,,,,,,,,,,,,,,,,,,,,,,,,,,,,,,,,,,,,,,,,,,,,,,,,,,,,,,,,,,,,,,,,,,152771,001,2024-11-06_17h26.26.319,experiment,2023.2.3,Win32,48.07692308,66b8e2fd7ed9ec6e6bb94a9d,672b928d7ee8c8ad18e9ad28,672ba68864bf9bfe3e1ebc5c,,,,,,,,,,,,,,,,,,,,,,,,,,,,,,,,,,,,,,,,,,,1,,,,,,,,,,,,,2,,,,,,,,,,,,,,,,,,,,,,,,,,,,,,,,,,,,,,,,,,,,,,s,0.1767,,space,0.2934,,2,blue_gnome,2,9,bright_forest,yellow_basket,pink_gnome,2,1,dark_forest,red_basket,9,0,0,1,blue_gnome,bright_forest,yellow_basket,3008,0,2,25,7,207,1,1,,,,,,,,,,,,,,,,,,,,,,,,,,,,,,,,,,,,,,,,,,,,,,,,,,,,,,,,,,,,,,,,,,,,,
,,,,,,,,,,,,,,,,,,,,,,,,,,,,,,,,,,,,,,,,,,,,,,,,,,,,,,,,,,,,,,,,,,152771,001,2024-11-06_17h26.26.319,experiment,2023.2.3,Win32,48.07692308,66b8e2fd7ed9ec6e6bb94a9d,672b928d7ee8c8ad18e9ad28,672ba68864bf9bfe3e1ebc5c,,,,,,,,,,,,,,,,,,,,,,,,,,,,,,,,,,,,,,,,,,,5,,,,,,,,,,,,,2,,,,,,,,,,,,,,,,,,,,,,,,,,,,,,,,,,,,,,,,,,,,,,k,0.0423,,space,0.3382,,2,pink_gnome,2,3,dark_forest,red_basket,blue_gnome,2,9,bright_forest,yellow_basket,45,0,0,1,blue_gnome,bright_forest,yellow_basket,3053,3,-1,26,0,208,5,1,,,,,,,,,,,,,,,,,,,,,,,,,,,,,,,,,,,,,,,,,,,,,,,,,,,,,,,,,,,,,,,,,,,,,
,,,,,,,,,,,,,,,,,,,,,,,,,,,,,,,,,,,,,,,,,,,,,,,,,,,,,,,,,,,,,,,,,,152771,001,2024-11-06_17h26.26.319,experiment,2023.2.3,Win32,48.07692308,66b8e2fd7ed9ec6e6bb94a9d,672b928d7ee8c8ad18e9ad28,672ba68864bf9bfe3e1ebc5c,,,,,,,,,,,,,,,,,,,,,,,,,,,,,,,,,,,,,,,,,,,1,,,,,,,,,,,,,1,,,,,,,,,,,,,,,,,,,,,,,,,,,,,,,,,,,,,,,,,,,,,,s,0.3252,,space,0.1096,,1,green_gnome,1,2,dark_forest,red_basket,yellow_gnome,1,6,bright_forest,yellow_basket,2,0,0,1,green_gnome,dark_forest,red_basket,3055,0,3,26,1,209,0,1,,,,,,,,,,,,,,,,,,,,,,,,,,,,,,,,,,,,,,,,,,,,,,,,,,,,,,,,,,,,,,,,,,,,,
,,,,,,,,,,,,,,,,,,,,,,,,,,,,,,,,,,,,,,,,,,,,,,,,,,,,,,,,,,,,,,,,,,152771,001,2024-11-06_17h26.26.319,experiment,2023.2.3,Win32,48.07692308,66b8e2fd7ed9ec6e6bb94a9d,672b928d7ee8c8ad18e9ad28,672ba68864bf9bfe3e1ebc5c,,,,,,,,,,,,,,,,,,,,,,,,,,,,,,,,,,,,,,,,,,,1,,,,,,,,,,,,,4,,,,,,,,,,,,,,,,,,,,,,,,,,,,,,,,,,,,,,,,,,,,,,s,0.4419,,space,0.3426,,4,orange_gnome,4,6,bright_forest,yellow_basket,purple_gnome,4,5,dark_forest,red_basket,6,0,0,1,orange_gnome,bright_forest,yellow_basket,3061,2,0,26,2,210,3,1,,,,,,,,,,,,,,,,,,,,,,,,,,,,,,,,,,,,,,,,,,,,,,,,,,,,,,,,,,,,,,,,,,,,,
,,,,,,,,,,,,,,,,,,,,,,,,,,,,,,,,,,,,,,,,,,,,,,,,,,,,,,,,,,,,,,,,,,152771,001,2024-11-06_17h26.26.319,experiment,2023.2.3,Win32,48.07692308,66b8e2fd7ed9ec6e6bb94a9d,672b928d7ee8c8ad18e9ad28,672ba68864bf9bfe3e1ebc5c,,,,,,,,,,,,,,,,,,,,,,,,,,,,,,,,,,,,,,,,,,,5,,,,,,,,,,,,,1,,,,,,,,,,,,,,,,,,,,,,,,,,,,,,,,,,,,,,,,,,,,,,k,0.8092,,space,0.3764,,1,green_gnome,1,5,dark_forest,red_basket,yellow_gnome,1,8,bright_forest,yellow_basket,40,0,0,1,yellow_gnome,bright_forest,yellow_basket,3101,-4,1,26,3,211,4,1,,,,,,,,,,,,,,,,,,,,,,,,,,,,,,,,,,,,,,,,,,,,,,,,,,,,,,,,,,,,,,,,,,,,,
,,,,,,,,,,,,,,,,,,,,,,,,,,,,,,,,,,,,,,,,,,,,,,,,,,,,,,,,,,,,,,,,,,152771,001,2024-11-06_17h26.26.319,experiment,2023.2.3,Win32,48.07692308,66b8e2fd7ed9ec6e6bb94a9d,672b928d7ee8c8ad18e9ad28,672ba68864bf9bfe3e1ebc5c,,,,,,,,,,,,,,,,,,,,,,,,,,,,,,,,,,,,,,,,,,,5,,,,,,,,,,,,,3,,,,,,,,,,,,,,,,,,,,,,,,,,,,,,,,,,,,,,,,,,,,,,k,0.6591,,space,0.4434,,3,brown_gnome,3,6,dark_forest,red_basket,red_gnome,3,4,bright_forest,yellow_basket,20,0,0,1,red_gnome,bright_forest,yellow_basket,3121,0,0,26,4,212,6,1,,,,,,,,,,,,,,,,,,,,,,,,,,,,,,,,,,,,,,,,,,,,,,,,,,,,,,,,,,,,,,,,,,,,,
,,,,,,,,,,,,,,,,,,,,,,,,,,,,,,,,,,,,,,,,,,,,,,,,,,,,,,,,,,,,,,,,,,152771,001,2024-11-06_17h26.26.319,experiment,2023.2.3,Win32,48.07692308,66b8e2fd7ed9ec6e6bb94a9d,672b928d7ee8c8ad18e9ad28,672ba68864bf9bfe3e1ebc5c,,,,,,,,,,,,,,,,,,,,,,,,,,,,,,,,,,,,,,,,,,,1,,,,,,,,,,,,,4,,,,,,,,,,,,,,,,,,,,,,,,,,,,,,,,,,,,,,,,,,,,,,s,0.5143,,space,0.3344,,4,purple_gnome,4,6,dark_forest,red_basket,orange_gnome,4,4,bright_forest,yellow_basket,6,0,0,1,purple_gnome,dark_forest,red_basket,3127,2,0,26,5,213,3,1,,,,,,,,,,,,,,,,,,,,,,,,,,,,,,,,,,,,,,,,,,,,,,,,,,,,,,,,,,,,,,,,,,,,,
,,,,,,,,,,,,,,,,,,,,,,,,,,,,,,,,,,,,,,,,,,,,,,,,,,,,,,,,,,,,,,,,,,152771,001,2024-11-06_17h26.26.319,experiment,2023.2.3,Win32,48.07692308,66b8e2fd7ed9ec6e6bb94a9d,672b928d7ee8c8ad18e9ad28,672ba68864bf9bfe3e1ebc5c,,,,,,,,,,,,,,,,,,,,,,,,,,,,,,,,,,,,,,,,,,,1,,,,,,,,,,,,,1,,,,,,,,,,,,,,,,,,,,,,,,,,,,,,,,,,,,,,,,,,,,,,s,0.4845,,space,0.376,,1,yellow_gnome,1,6,bright_forest,yellow_basket,green_gnome,1,6,dark_forest,red_basket,6,0,0,1,yellow_gnome,bright_forest,yellow_basket,3133,-3,1,26,6,214,0,1,,,,,,,,,,,,,,,,,,,,,,,,,,,,,,,,,,,,,,,,,,,,,,,,,,,,,,,,,,,,,,,,,,,,,
,,,,,,,,,,,,,,,,,,,,,,,,,,,,,,,,,,,,,,,,,,,,,,,,,,,,,,,,,,,,,,,,,,152771,001,2024-11-06_17h26.26.319,experiment,2023.2.3,Win32,48.07692308,66b8e2fd7ed9ec6e6bb94a9d,672b928d7ee8c8ad18e9ad28,672ba68864bf9bfe3e1ebc5c,,,,,,,,,,,,,,,,,,,,,,,,,,,,,,,,,,,,,,,,,,,1,,,,,,,,,,,,,4,,,,,,,,,,,,,,,,,,,,,,,,,,,,,,,,,,,,,,,,,,,,,,s,0.759,,space,0.2453,,4,purple_gnome,4,7,dark_forest,red_basket,orange_gnome,4,3,bright_forest,yellow_basket,7,0,0,1,purple_gnome,dark_forest,red_basket,3140,-1,0,26,7,215,3,1,,,,,,,,,,,,,,,,,,,,,,,,,,,,,,,,,,,,,,,,,,,,,,,,,,,,,,,,,,,,,,,,,,,,,
,,,,,,,,,,,,,,,,,,,,,,,,,,,,,,,,,,,,,,,,,,,,,,,,,,,,,,,,,,,,,,,,,,152771,001,2024-11-06_17h26.26.319,experiment,2023.2.3,Win32,48.07692308,66b8e2fd7ed9ec6e6bb94a9d,672b928d7ee8c8ad18e9ad28,672ba68864bf9bfe3e1ebc5c,,,,,,,,,,,,,,,,,,,,,,,,,,,,,,,,,,,,,,,,,,,5,,,,,,,,,,,,,4,,,,,,,,,,,,,,,,,,,,,,,,,,,,,,,,,,,,,,,,,,,,,,k,1.0579,,space,0.3258,,4,orange_gnome,4,2,bright_forest,yellow_basket,purple_gnome,4,7,dark_forest,red_basket,35,0,0,1,purple_gnome,dark_forest,red_basket,3175,0,2,27,0,216,7,1,,,,,,,,,,,,,,,,,,,,,,,,,,,,,,,,,,,,,,,,,,,,,,,,,,,,,,,,,,,,,,,,,,,,,
,,,,,,,,,,,,,,,,,,,,,,,,,,,,,,,,,,,,,,,,,,,,,,,,,,,,,,,,,,,,,,,,,,152771,001,2024-11-06_17h26.26.319,experiment,2023.2.3,Win32,48.07692308,66b8e2fd7ed9ec6e6bb94a9d,672b928d7ee8c8ad18e9ad28,672ba68864bf9bfe3e1ebc5c,,,,,,,,,,,,,,,,,,,,,,,,,,,,,,,,,,,,,,,,,,,5,,,,,,,,,,,,,3,,,,,,,,,,,,,,,,,,,,,,,,,,,,,,,,,,,,,,,,,,,,,,k,0.1099,,space,0.3264,,3,brown_gnome,3,9,dark_forest,red_basket,red_gnome,3,2,bright_forest,yellow_basket,10,0,0,1,red_gnome,bright_forest,yellow_basket,3185,0,3,27,1,217,6,1,,,,,,,,,,,,,,,,,,,,,,,,,,,,,,,,,,,,,,,,,,,,,,,,,,,,,,,,,,,,,,,,,,,,,
,,,,,,,,,,,,,,,,,,,,,,,,,,,,,,,,,,,,,,,,,,,,,,,,,,,,,,,,,,,,,,,,,,152771,001,2024-11-06_17h26.26.319,experiment,2023.2.3,Win32,48.07692308,66b8e2fd7ed9ec6e6bb94a9d,672b928d7ee8c8ad18e9ad28,672ba68864bf9bfe3e1ebc5c,,,,,,,,,,,,,,,,,,,,,,,,,,,,,,,,,,,,,,,,,,,5,,,,,,,,,,,,,2,,,,,,,,,,,,,,,,,,,,,,,,,,,,,,,,,,,,,,,,,,,,,,k,0.2929,,space,0.3591,,2,blue_gnome,2,2,bright_forest,yellow_basket,pink_gnome,2,6,dark_forest,red_basket,30,0,0,1,pink_gnome,dark_forest,red_basket,3215,1,1,27,2,218,5,1,,,,,,,,,,,,,,,,,,,,,,,,,,,,,,,,,,,,,,,,,,,,,,,,,,,,,,,,,,,,,,,,,,,,,
,,,,,,,,,,,,,,,,,,,,,,,,,,,,,,,,,,,,,,,,,,,,,,,,,,,,,,,,,,,,,,,,,,152771,001,2024-11-06_17h26.26.319,experiment,2023.2.3,Win32,48.07692308,66b8e2fd7ed9ec6e6bb94a9d,672b928d7ee8c8ad18e9ad28,672ba68864bf9bfe3e1ebc5c,,,,,,,,,,,,,,,,,,,,,,,,,,,,,,,,,,,,,,,,,,,5,,,,,,,,,,,,,1,,,,,,,,,,,,,,,,,,,,,,,,,,,,,,,,,,,,,,,,,,,,,,k,0.3433,,space,0.2977,,1,yellow_gnome,1,3,bright_forest,yellow_basket,green_gnome,1,7,dark_forest,red_basket,35,0,0,1,green_gnome,dark_forest,red_basket,3250,-2,-4,27,3,219,4,1,,,,,,,,,,,,,,,,,,,,,,,,,,,,,,,,,,,,,,,,,,,,,,,,,,,,,,,,,,,,,,,,,,,,,
,,,,,,,,,,,,,,,,,,,,,,,,,,,,,,,,,,,,,,,,,,,,,,,,,,,,,,,,,,,,,,,,,,152771,001,2024-11-06_17h26.26.319,experiment,2023.2.3,Win32,48.07692308,66b8e2fd7ed9ec6e6bb94a9d,672b928d7ee8c8ad18e9ad28,672ba68864bf9bfe3e1ebc5c,,,,,,,,,,,,,,,,,,,,,,,,,,,,,,,,,,,,,,,,,,,5,,,,,,,,,,,,,3,,,,,,,,,,,,,,,,,,,,,,,,,,,,,,,,,,,,,,,,,,,,,,k,0.3263,,space,0.6758,,3,red_gnome,3,1,bright_forest,yellow_basket,brown_gnome,3,3,dark_forest,red_basket,15,0,0,1,brown_gnome,dark_forest,red_basket,3265,-2,-1,27,4,220,6,1,,,,,,,,,,,,,,,,,,,,,,,,,,,,,,,,,,,,,,,,,,,,,,,,,,,,,,,,,,,,,,,,,,,,,
,,,,,,,,,,,,,,,,,,,,,,,,,,,,,,,,,,,,,,,,,,,,,,,,,,,,,,,,,,,,,,,,,,152771,001,2024-11-06_17h26.26.319,experiment,2023.2.3,Win32,48.07692308,66b8e2fd7ed9ec6e6bb94a9d,672b928d7ee8c8ad18e9ad28,672ba68864bf9bfe3e1ebc5c,,,,,,,,,,,,,,,,,,,,,,,,,,,,,,,,,,,,,,,,,,,1,,,,,,,,,,,,,4,,,,,,,,,,,,,,,,,,,,,,,,,,,,,,,,,,,,,,,,,,,,,,s,0.646,,space,0.3598,,4,orange_gnome,4,1,bright_forest,yellow_basket,purple_gnome,4,2,dark_forest,red_basket,1,0,0,1,orange_gnome,bright_forest,yellow_basket,3266,2,0,27,5,221,3,1,,,,,,,,,,,,,,,,,,,,,,,,,,,,,,,,,,,,,,,,,,,,,,,,,,,,,,,,,,,,,,,,,,,,,
,,,,,,,,,,,,,,,,,,,,,,,,,,,,,,,,,,,,,,,,,,,,,,,,,,,,,,,,,,,,,,,,,,152771,001,2024-11-06_17h26.26.319,experiment,2023.2.3,Win32,48.07692308,66b8e2fd7ed9ec6e6bb94a9d,672b928d7ee8c8ad18e9ad28,672ba68864bf9bfe3e1ebc5c,,,,,,,,,,,,,,,,,,,,,,,,,,,,,,,,,,,,,,,,,,,5,,,,,,,,,,,,,4,,,,,,,,,,,,,,,,,,,,,,,,,,,,,,,,,,,,,,,,,,,,,,k,0.858,,space,0.4453,,4,orange_gnome,4,3,bright_forest,yellow_basket,purple_gnome,4,2,dark_forest,red_basket,10,0,0,1,purple_gnome,dark_forest,red_basket,3276,0,-1,27,6,222,7,1,,,,,,,,,,,,,,,,,,,,,,,,,,,,,,,,,,,,,,,,,,,,,,,,,,,,,,,,,,,,,,,,,,,,,
,,,,,,,,,,,,,,,,,,,,,,,,,,,,,,,,,,,,,,,,,,,,,,,,,,,,,,,,,,,,,,,,,,152771,001,2024-11-06_17h26.26.319,experiment,2023.2.3,Win32,48.07692308,66b8e2fd7ed9ec6e6bb94a9d,672b928d7ee8c8ad18e9ad28,672ba68864bf9bfe3e1ebc5c,,,,,,,,,,,,,,,,,,,,,,,,,,,,,,,,,,,,,,,,,,,5,,,,,,,,,,,,,1,,,,,,,,,,,,,,,,,,,,,,,,,,,,,,,,,,,,,,,,,,,,,,k,0.3098,,space,0.2924,,1,yellow_gnome,1,3,bright_forest,yellow_basket,green_gnome,1,1,dark_forest,red_basket,5,0,0,1,green_gnome,dark_forest,red_basket,3281,4,0,27,7,223,4,1,,,,,,,,,,,,,,,,,,,,,,,,,,,,,,,,,,,,,,,,,,,,,,,,,,,,,,,,,,,,,,,,,,,,,
,,,,,,,,,,,,,,,,,,,,,,,,,,,,,,,,,,,,,,,,,,,,,,,,,,,,,,,,,,,,,,,,,,152771,001,2024-11-06_17h26.26.319,experiment,2023.2.3,Win32,48.07692308,66b8e2fd7ed9ec6e6bb94a9d,672b928d7ee8c8ad18e9ad28,672ba68864bf9bfe3e1ebc5c,,,,,,,,,,,,,,,,,,,,,,,,,,,,,,,,,,,,,,,,,,,1,,,,,,,,,,,,,2,,,,,,,,,,,,,,,,,,,,,,,,,,,,,,,,,,,,,,,,,,,,,,s,0.0424,,space,0.3401,,2,blue_gnome,2,7,bright_forest,yellow_basket,pink_gnome,2,1,dark_forest,red_basket,7,0,0,1,blue_gnome,bright_forest,yellow_basket,3288,0,0,28,0,224,1,1,,,,,,,,,,,,,,,,,,,,,,,,,,,,,,,,,,,,,,,,,,,,,,,,,,,,,,,,,,,,,,,,,,,,,
,,,,,,,,,,,,,,,,,,,,,,,,,,,,,,,,,,,,,,,,,,,,,,,,,,,,,,,,,,,,,,,,,,152771,001,2024-11-06_17h26.26.319,experiment,2023.2.3,Win32,48.07692308,66b8e2fd7ed9ec6e6bb94a9d,672b928d7ee8c8ad18e9ad28,672ba68864bf9bfe3e1ebc5c,,,,,,,,,,,,,,,,,,,,,,,,,,,,,,,,,,,,,,,,,,,5,,,,,,,,,,,,,1,,,,,,,,,,,,,,,,,,,,,,,,,,,,,,,,,,,,,,,,,,,,,,k,0.3043,,space,0.4797,,1,green_gnome,1,1,dark_forest,red_basket,yellow_gnome,1,7,bright_forest,yellow_basket,35,0,0,1,yellow_gnome,bright_forest,yellow_basket,3323,4,-3,28,1,225,4,1,,,,,,,,,,,,,,,,,,,,,,,,,,,,,,,,,,,,,,,,,,,,,,,,,,,,,,,,,,,,,,,,,,,,,
,,,,,,,,,,,,,,,,,,,,,,,,,,,,,,,,,,,,,,,,,,,,,,,,,,,,,,,,,,,,,,,,,,152771,001,2024-11-06_17h26.26.319,experiment,2023.2.3,Win32,48.07692308,66b8e2fd7ed9ec6e6bb94a9d,672b928d7ee8c8ad18e9ad28,672ba68864bf9bfe3e1ebc5c,,,,,,,,,,,,,,,,,,,,,,,,,,,,,,,,,,,,,,,,,,,5,,,,,,,,,,,,,4,,,,,,,,,,,,,,,,,,,,,,,,,,,,,,,,,,,,,,,,,,,,,,k,0.8832,,space,0.4258,,4,orange_gnome,4,7,bright_forest,yellow_basket,purple_gnome,4,2,dark_forest,red_basket,10,0,0,1,purple_gnome,dark_forest,red_basket,3333,-2,-1,28,2,226,7,1,,,,,,,,,,,,,,,,,,,,,,,,,,,,,,,,,,,,,,,,,,,,,,,,,,,,,,,,,,,,,,,,,,,,,
,,,,,,,,,,,,,,,,,,,,,,,,,,,,,,,,,,,,,,,,,,,,,,,,,,,,,,,,,,,,,,,,,,152771,001,2024-11-06_17h26.26.319,experiment,2023.2.3,Win32,48.07692308,66b8e2fd7ed9ec6e6bb94a9d,672b928d7ee8c8ad18e9ad28,672ba68864bf9bfe3e1ebc5c,,,,,,,,,,,,,,,,,,,,,,,,,,,,,,,,,,,,,,,,,,,5,,,,,,,,,,,,,3,,,,,,,,,,,,,,,,,,,,,,,,,,,,,,,,,,,,,,,,,,,,,,k,0.3176,,space,0.3091,,3,red_gnome,3,5,bright_forest,yellow_basket,brown_gnome,3,1,dark_forest,red_basket,5,0,0,1,brown_gnome,dark_forest,red_basket,3338,1,2,28,3,227,6,1,,,,,,,,,,,,,,,,,,,,,,,,,,,,,,,,,,,,,,,,,,,,,,,,,,,,,,,,,,,,,,,,,,,,,
,,,,,,,,,,,,,,,,,,,,,,,,,,,,,,,,,,,,,,,,,,,,,,,,,,,,,,,,,,,,,,,,,,152771,001,2024-11-06_17h26.26.319,experiment,2023.2.3,Win32,48.07692308,66b8e2fd7ed9ec6e6bb94a9d,672b928d7ee8c8ad18e9ad28,672ba68864bf9bfe3e1ebc5c,,,,,,,,,,,,,,,,,,,,,,,,,,,,,,,,,,,,,,,,,,,5,,,,,,,,,,,,,2,,,,,,,,,,,,,,,,,,,,,,,,,,,,,,,,,,,,,,,,,,,,,,k,0.4102,,space,0.7004,,2,blue_gnome,2,6,bright_forest,yellow_basket,pink_gnome,2,3,dark_forest,red_basket,15,0,0,1,pink_gnome,dark_forest,red_basket,3353,0,3,28,4,228,5,1,,,,,,,,,,,,,,,,,,,,,,,,,,,,,,,,,,,,,,,,,,,,,,,,,,,,,,,,,,,,,,,,,,,,,
,,,,,,,,,,,,,,,,,,,,,,,,,,,,,,,,,,,,,,,,,,,,,,,,,,,,,,,,,,,,,,,,,,152771,001,2024-11-06_17h26.26.319,experiment,2023.2.3,Win32,48.07692308,66b8e2fd7ed9ec6e6bb94a9d,672b928d7ee8c8ad18e9ad28,672ba68864bf9bfe3e1ebc5c,,,,,,,,,,,,,,,,,,,,,,,,,,,,,,,,,,,,,,,,,,,5,,,,,,,,,,,,,4,,,,,,,,,,,,,,,,,,,,,,,,,,,,,,,,,,,,,,,,,,,,,,s,0.3503,,space,0.3278,,4,orange_gnome,4,6,bright_forest,yellow_basket,purple_gnome,4,6,dark_forest,red_basket,30,0,0,1,orange_gnome,bright_forest,yellow_basket,3383,0,-1,28,5,229,7,1,,,,,,,,,,,,,,,,,,,,,,,,,,,,,,,,,,,,,,,,,,,,,,,,,,,,,,,,,,,,,,,,,,,,,
,,,,,,,,,,,,,,,,,,,,,,,,,,,,,,,,,,,,,,,,,,,,,,,,,,,,,,,,,,,,,,,,,,152771,001,2024-11-06_17h26.26.319,experiment,2023.2.3,Win32,48.07692308,66b8e2fd7ed9ec6e6bb94a9d,672b928d7ee8c8ad18e9ad28,672ba68864bf9bfe3e1ebc5c,,,,,,,,,,,,,,,,,,,,,,,,,,,,,,,,,,,,,,,,,,,5,,,,,,,,,,,,,4,,,,,,,,,,,,,,,,,,,,,,,,,,,,,,,,,,,,,,,,,,,,,,s,0.3798,,space,0.2679,,4,purple_gnome,4,5,dark_forest,red_basket,orange_gnome,4,6,bright_forest,yellow_basket,25,0,0,1,purple_gnome,dark_forest,red_basket,3408,1,0,28,6,230,7,1,,,,,,,,,,,,,,,,,,,,,,,,,,,,,,,,,,,,,,,,,,,,,,,,,,,,,,,,,,,,,,,,,,,,,
,,,,,,,,,,,,,,,,,,,,,,,,,,,,,,,,,,,,,,,,,,,,,,,,,,,,,,,,,,,,,,,,,,152771,001,2024-11-06_17h26.26.319,experiment,2023.2.3,Win32,48.07692308,66b8e2fd7ed9ec6e6bb94a9d,672b928d7ee8c8ad18e9ad28,672ba68864bf9bfe3e1ebc5c,,,,,,,,,,,,,,,,,,,,,,,,,,,,,,,,,,,,,,,,,,,1,,,,,,,,,,,,,2,,,,,,,,,,,,,,,,,,,,,,,,,,,,,,,,,,,,,,,,,,,,,,k,0.418,,space,0.5493,,2,pink_gnome,2,5,dark_forest,red_basket,blue_gnome,2,7,bright_forest,yellow_basket,7,0,0,1,blue_gnome,bright_forest,yellow_basket,3415,2,-1,28,7,231,1,1,,,,,,,,,,,,,,,,,,,,,,,,,,,,,,,,,,,,,,,,,,,,,,,,,,,,,,,,,,,,,,,,,,,,,
,,,,,,,,,,,,,,,,,,,,,,,,,,,,,,,,,,,,,,,,,,,,,,,,,,,,,,,,,,,,,,,,,,152771,001,2024-11-06_17h26.26.319,experiment,2023.2.3,Win32,48.07692308,66b8e2fd7ed9ec6e6bb94a9d,672b928d7ee8c8ad18e9ad28,672ba68864bf9bfe3e1ebc5c,,,,,,,,,,,,,,,,,,,,,,,,,,,,,,,,,,,,,,,,,,,1,,,,,,,,,,,,,2,,,,,,,,,,,,,,,,,,,,,,,,,,,,,,,,,,,,,,,,,,,,,,s,1.192,,space,0.4758,,2,pink_gnome,2,4,dark_forest,red_basket,blue_gnome,2,9,bright_forest,yellow_basket,4,0,0,1,pink_gnome,dark_forest,red_basket,3419,4,-3,29,0,232,1,1,,,,,,,,,,,,,,,,,,,,,,,,,,,,,,,,,,,,,,,,,,,,,,,,,,,,,,,,,,,,,,,,,,,,,
,,,,,,,,,,,,,,,,,,,,,,,,,,,,,,,,,,,,,,,,,,,,,,,,,,,,,,,,,,,,,,,,,,152771,001,2024-11-06_17h26.26.319,experiment,2023.2.3,Win32,48.07692308,66b8e2fd7ed9ec6e6bb94a9d,672b928d7ee8c8ad18e9ad28,672ba68864bf9bfe3e1ebc5c,,,,,,,,,,,,,,,,,,,,,,,,,,,,,,,,,,,,,,,,,,,1,,,,,,,,,,,,,1,,,,,,,,,,,,,,,,,,,,,,,,,,,,,,,,,,,,,,,,,,,,,,s,0.0451,,space,0.2591,,1,green_gnome,1,1,dark_forest,red_basket,yellow_gnome,1,5,bright_forest,yellow_basket,1,0,0,1,green_gnome,dark_forest,red_basket,3420,2,-4,29,1,233,0,1,,,,,,,,,,,,,,,,,,,,,,,,,,,,,,,,,,,,,,,,,,,,,,,,,,,,,,,,,,,,,,,,,,,,,
,,,,,,,,,,,,,,,,,,,,,,,,,,,,,,,,,,,,,,,,,,,,,,,,,,,,,,,,,,,,,,,,,,152771,001,2024-11-06_17h26.26.319,experiment,2023.2.3,Win32,48.07692308,66b8e2fd7ed9ec6e6bb94a9d,672b928d7ee8c8ad18e9ad28,672ba68864bf9bfe3e1ebc5c,,,,,,,,,,,,,,,,,,,,,,,,,,,,,,,,,,,,,,,,,,,5,,,,,,,,,,,,,2,,,,,,,,,,,,,,,,,,,,,,,,,,,,,,,,,,,,,,,,,,,,,,k,0.3279,,space,0.1928,,2,pink_gnome,2,3,dark_forest,red_basket,blue_gnome,2,7,bright_forest,yellow_basket,35,0,0,1,blue_gnome,bright_forest,yellow_basket,3455,0,-3,29,2,234,5,1,,,,,,,,,,,,,,,,,,,,,,,,,,,,,,,,,,,,,,,,,,,,,,,,,,,,,,,,,,,,,,,,,,,,,
,,,,,,,,,,,,,,,,,,,,,,,,,,,,,,,,,,,,,,,,,,,,,,,,,,,,,,,,,,,,,,,,,,152771,001,2024-11-06_17h26.26.319,experiment,2023.2.3,Win32,48.07692308,66b8e2fd7ed9ec6e6bb94a9d,672b928d7ee8c8ad18e9ad28,672ba68864bf9bfe3e1ebc5c,,,,,,,,,,,,,,,,,,,,,,,,,,,,,,,,,,,,,,,,,,,5,,,,,,,,,,,,,2,,,,,,,,,,,,,,,,,,,,,,,,,,,,,,,,,,,,,,,,,,,,,,k,0.2765,,space,0.3096,,2,blue_gnome,2,7,bright_forest,yellow_basket,pink_gnome,2,0,dark_forest,red_basket,0,0,0,1,pink_gnome,dark_forest,red_basket,3455,0,1,29,3,235,5,1,,,,,,,,,,,,,,,,,,,,,,,,,,,,,,,,,,,,,,,,,,,,,,,,,,,,,,,,,,,,,,,,,,,,,
,,,,,,,,,,,,,,,,,,,,,,,,,,,,,,,,,,,,,,,,,,,,,,,,,,,,,,,,,,,,,,,,,,152771,001,2024-11-06_17h26.26.319,experiment,2023.2.3,Win32,48.07692308,66b8e2fd7ed9ec6e6bb94a9d,672b928d7ee8c8ad18e9ad28,672ba68864bf9bfe3e1ebc5c,,,,,,,,,,,,,,,,,,,,,,,,,,,,,,,,,,,,,,,,,,,5,,,,,,,,,,,,,3,,,,,,,,,,,,,,,,,,,,,,,,,,,,,,,,,,,,,,,,,,,,,,s,0.3421,,space,0.376,,3,red_gnome,3,7,bright_forest,yellow_basket,brown_gnome,3,1,dark_forest,red_basket,35,0,0,1,red_gnome,bright_forest,yellow_basket,3490,-1,-1,29,4,236,6,1,,,,,,,,,,,,,,,,,,,,,,,,,,,,,,,,,,,,,,,,,,,,,,,,,,,,,,,,,,,,,,,,,,,,,
,,,,,,,,,,,,,,,,,,,,,,,,,,,,,,,,,,,,,,,,,,,,,,,,,,,,,,,,,,,,,,,,,,152771,001,2024-11-06_17h26.26.319,experiment,2023.2.3,Win32,48.07692308,66b8e2fd7ed9ec6e6bb94a9d,672b928d7ee8c8ad18e9ad28,672ba68864bf9bfe3e1ebc5c,,,,,,,,,,,,,,,,,,,,,,,,,,,,,,,,,,,,,,,,,,,5,,,,,,,,,,,,,3,,,,,,,,,,,,,,,,,,,,,,,,,,,,,,,,,,,,,,,,,,,,,,s,0.3265,,space,0.2446,,3,brown_gnome,3,0,dark_forest,red_basket,red_gnome,3,6,bright_forest,yellow_basket,0,0,0,1,brown_gnome,dark_forest,red_basket,3490,0,-2,29,5,237,6,1,,,,,,,,,,,,,,,,,,,,,,,,,,,,,,,,,,,,,,,,,,,,,,,,,,,,,,,,,,,,,,,,,,,,,
,,,,,,,,,,,,,,,,,,,,,,,,,,,,,,,,,,,,,,,,,,,,,,,,,,,,,,,,,,,,,,,,,,152771,001,2024-11-06_17h26.26.319,experiment,2023.2.3,Win32,48.07692308,66b8e2fd7ed9ec6e6bb94a9d,672b928d7ee8c8ad18e9ad28,672ba68864bf9bfe3e1ebc5c,,,,,,,,,,,,,,,,,,,,,,,,,,,,,,,,,,,,,,,,,,,5,,,,,,,,,,,,,4,,,,,,,,,,,,,,,,,,,,,,,,,,,,,,,,,,,,,,,,,,,,,,s,0.8591,,space,0.0652,,4,purple_gnome,4,2,dark_forest,red_basket,orange_gnome,4,6,bright_forest,yellow_basket,10,0,0,1,purple_gnome,dark_forest,red_basket,3500,-4,0,29,6,238,7,1,,,,,,,,,,,,,,,,,,,,,,,,,,,,,,,,,,,,,,,,,,,,,,,,,,,,,,,,,,,,,,,,,,,,,
,,,,,,,,,,,,,,,,,,,,,,,,,,,,,,,,,,,,,,,,,,,,,,,,,,,,,,,,,,,,,,,,,,152771,001,2024-11-06_17h26.26.319,experiment,2023.2.3,Win32,48.07692308,66b8e2fd7ed9ec6e6bb94a9d,672b928d7ee8c8ad18e9ad28,672ba68864bf9bfe3e1ebc5c,,,,,,,,,,,,,,,,,,,,,,,,,,,,,,,,,,,,,,,,,,,1,,,,,,,,,,,,,4,,,,,,,,,,,,,,,,,,,,,,,,,,,,,,,,,,,,,,,,,,,,,,k,0.4252,,space,0.2454,,4,orange_gnome,4,2,bright_forest,yellow_basket,purple_gnome,4,2,dark_forest,red_basket,2,0,0,1,purple_gnome,dark_forest,red_basket,3502,-1,2,29,7,239,3,1,,,,,,,,,,,,,,,,,,,,,,,,,,,,,,,,,,,,,,,,,,,,,,,,,,,,,,,,,,,,,,,,,,,,,
,,,,,,,,,,,,,,,,,,,,,,,,,,,,,,,,,,,,,,,,,,,,,,,,,,,,,,,,,,,,,,,,,,152771,001,2024-11-06_17h26.26.319,experiment,2023.2.3,Win32,48.07692308,66b8e2fd7ed9ec6e6bb94a9d,672b928d7ee8c8ad18e9ad28,672ba68864bf9bfe3e1ebc5c,,,,,,,,,,,,,,,,,,,,,,,,,,,,,,,,,,,,,,,,,,,1,,,,,,,,,,,,,2,,,,,,,,,,,,,,,,,,,,,,,,,,,,,,,,,,,,,,,,,,,,,,s,0.3587,,space,0.1447,,2,blue_gnome,2,1,bright_forest,yellow_basket,pink_gnome,2,4,dark_forest,red_basket,1,0,0,1,blue_gnome,bright_forest,yellow_basket,3503,4,3,30,0,240,1,1,,,,,,,,,,,,,,,,,,,,,,,,,,,,,,,,,,,,,,,,,,,,,,,,,,,,,,,,,,,,,,,,,,,,,
,,,,,,,,,,,,,,,,,,,,,,,,,,,,,,,,,,,,,,,,,,,,,,,,,,,,,,,,,,,,,,,,,,152771,001,2024-11-06_17h26.26.319,experiment,2023.2.3,Win32,48.07692308,66b8e2fd7ed9ec6e6bb94a9d,672b928d7ee8c8ad18e9ad28,672ba68864bf9bfe3e1ebc5c,,,,,,,,,,,,,,,,,,,,,,,,,,,,,,,,,,,,,,,,,,,1,,,,,,,,,,,,,1,,,,,,,,,,,,,,,,,,,,,,,,,,,,,,,,,,,,,,,,,,,,,,k,0.2957,,space,0.2259,,1,yellow_gnome,1,5,bright_forest,yellow_basket,green_gnome,1,7,dark_forest,red_basket,7,0,0,1,green_gnome,dark_forest,red_basket,3510,-3,1,30,1,241,0,1,,,,,,,,,,,,,,,,,,,,,,,,,,,,,,,,,,,,,,,,,,,,,,,,,,,,,,,,,,,,,,,,,,,,,
,,,,,,,,,,,,,,,,,,,,,,,,,,,,,,,,,,,,,,,,,,,,,,,,,,,,,,,,,,,,,,,,,,152771,001,2024-11-06_17h26.26.319,experiment,2023.2.3,Win32,48.07692308,66b8e2fd7ed9ec6e6bb94a9d,672b928d7ee8c8ad18e9ad28,672ba68864bf9bfe3e1ebc5c,,,,,,,,,,,,,,,,,,,,,,,,,,,,,,,,,,,,,,,,,,,5,,,,,,,,,,,,,1,,,,,,,,,,,,,,,,,,,,,,,,,,,,,,,,,,,,,,,,,,,,,,k,0.5761,,space,0.2956,,1,green_gnome,1,8,dark_forest,red_basket,yellow_gnome,1,2,bright_forest,yellow_basket,10,0,0,1,yellow_gnome,bright_forest,yellow_basket,3520,-3,1,30,2,242,4,1,,,,,,,,,,,,,,,,,,,,,,,,,,,,,,,,,,,,,,,,,,,,,,,,,,,,,,,,,,,,,,,,,,,,,
,,,,,,,,,,,,,,,,,,,,,,,,,,,,,,,,,,,,,,,,,,,,,,,,,,,,,,,,,,,,,,,,,,152771,001,2024-11-06_17h26.26.319,experiment,2023.2.3,Win32,48.07692308,66b8e2fd7ed9ec6e6bb94a9d,672b928d7ee8c8ad18e9ad28,672ba68864bf9bfe3e1ebc5c,,,,,,,,,,,,,,,,,,,,,,,,,,,,,,,,,,,,,,,,,,,1,,,,,,,,,,,,,3,,,,,,,,,,,,,,,,,,,,,,,,,,,,,,,,,,,,,,,,,,,,,,s,0.4097,,space,0.2258,,3,brown_gnome,3,9,dark_forest,red_basket,red_gnome,3,1,bright_forest,yellow_basket,9,0,0,1,brown_gnome,dark_forest,red_basket,3529,-3,2,30,3,243,2,1,,,,,,,,,,,,,,,,,,,,,,,,,,,,,,,,,,,,,,,,,,,,,,,,,,,,,,,,,,,,,,,,,,,,,
,,,,,,,,,,,,,,,,,,,,,,,,,,,,,,,,,,,,,,,,,,,,,,,,,,,,,,,,,,,,,,,,,,152771,001,2024-11-06_17h26.26.319,experiment,2023.2.3,Win32,48.07692308,66b8e2fd7ed9ec6e6bb94a9d,672b928d7ee8c8ad18e9ad28,672ba68864bf9bfe3e1ebc5c,,,,,,,,,,,,,,,,,,,,,,,,,,,,,,,,,,,,,,,,,,,1,,,,,,,,,,,,,3,,,,,,,,,,,,,,,,,,,,,,,,,,,,,,,,,,,,,,,,,,,,,,s,0.293,,space,0.3601,,3,red_gnome,3,2,bright_forest,yellow_basket,brown_gnome,3,7,dark_forest,red_basket,2,0,0,1,red_gnome,bright_forest,yellow_basket,3531,1,-2,30,4,244,2,1,,,,,,,,,,,,,,,,,,,,,,,,,,,,,,,,,,,,,,,,,,,,,,,,,,,,,,,,,,,,,,,,,,,,,
,,,,,,,,,,,,,,,,,,,,,,,,,,,,,,,,,,,,,,,,,,,,,,,,,,,,,,,,,,,,,,,,,,152771,001,2024-11-06_17h26.26.319,experiment,2023.2.3,Win32,48.07692308,66b8e2fd7ed9ec6e6bb94a9d,672b928d7ee8c8ad18e9ad28,672ba68864bf9bfe3e1ebc5c,,,,,,,,,,,,,,,,,,,,,,,,,,,,,,,,,,,,,,,,,,,5,,,,,,,,,,,,,4,,,,,,,,,,,,,,,,,,,,,,,,,,,,,,,,,,,,,,,,,,,,,,k,0.1431,,space,0.3264,,4,purple_gnome,4,5,dark_forest,red_basket,orange_gnome,4,3,bright_forest,yellow_basket,15,0,0,1,orange_gnome,bright_forest,yellow_basket,3546,5,1,30,5,245,7,1,,,,,,,,,,,,,,,,,,,,,,,,,,,,,,,,,,,,,,,,,,,,,,,,,,,,,,,,,,,,,,,,,,,,,
,,,,,,,,,,,,,,,,,,,,,,,,,,,,,,,,,,,,,,,,,,,,,,,,,,,,,,,,,,,,,,,,,,152771,001,2024-11-06_17h26.26.319,experiment,2023.2.3,Win32,48.07692308,66b8e2fd7ed9ec6e6bb94a9d,672b928d7ee8c8ad18e9ad28,672ba68864bf9bfe3e1ebc5c,,,,,,,,,,,,,,,,,,,,,,,,,,,,,,,,,,,,,,,,,,,1,,,,,,,,,,,,,2,,,,,,,,,,,,,,,,,,,,,,,,,,,,,,,,,,,,,,,,,,,,,,s,0.1294,,space,0.5767,,2,blue_gnome,2,8,bright_forest,yellow_basket,pink_gnome,2,6,dark_forest,red_basket,8,0,0,1,blue_gnome,bright_forest,yellow_basket,3554,0,1,30,6,246,1,1,,,,,,,,,,,,,,,,,,,,,,,,,,,,,,,,,,,,,,,,,,,,,,,,,,,,,,,,,,,,,,,,,,,,,
,,,,,,,,,,,,,,,,,,,,,,,,,,,,,,,,,,,,,,,,,,,,,,,,,,,,,,,,,,,,,,,,,,152771,001,2024-11-06_17h26.26.319,experiment,2023.2.3,Win32,48.07692308,66b8e2fd7ed9ec6e6bb94a9d,672b928d7ee8c8ad18e9ad28,672ba68864bf9bfe3e1ebc5c,,,,,,,,,,,,,,,,,,,,,,,,,,,,,,,,,,,,,,,,,,,1,,,,,,,,,,,,,1,,,,,,,,,,,,,,,,,,,,,,,,,,,,,,,,,,,,,,,,,,,,,,s,0.4514,,space,0.5434,,1,yellow_gnome,1,8,bright_forest,yellow_basket,green_gnome,1,7,dark_forest,red_basket,8,0,0,1,yellow_gnome,bright_forest,yellow_basket,3562,-1,-1,30,7,247,0,1,,,,,,,,,,,,,,,,,,,,,,,,,,,,,,,,,,,,,,,,,,,,,,,,,,,,,,,,,,,,,,,,,,,,,
,,,,,,,,,,,,,,,,,,,,,,,,,,,,,,,,,,,,,,,,,,,,,,,,,,,,,,,,,,,,,,,,,,152771,001,2024-11-06_17h26.26.319,experiment,2023.2.3,Win32,48.07692308,66b8e2fd7ed9ec6e6bb94a9d,672b928d7ee8c8ad18e9ad28,672ba68864bf9bfe3e1ebc5c,,,,,,,,,,,,,,,,,,,,,,,,,,,,,,,,,,,,,,,,,,,5,,,,,,,,,,,,,2,,,,,,,,,,,,,,,,,,,,,,,,,,,,,,,,,,,,,,,,,,,,,,k,0.1767,,space,0.3766,,2,pink_gnome,2,6,dark_forest,red_basket,blue_gnome,2,7,bright_forest,yellow_basket,35,0,0,1,blue_gnome,bright_forest,yellow_basket,3597,3,1,31,0,248,5,1,,,,,,,,,,,,,,,,,,,,,,,,,,,,,,,,,,,,,,,,,,,,,,,,,,,,,,,,,,,,,,,,,,,,,
,,,,,,,,,,,,,,,,,,,,,,,,,,,,,,,,,,,,,,,,,,,,,,,,,,,,,,,,,,,,,,,,,,152771,001,2024-11-06_17h26.26.319,experiment,2023.2.3,Win32,48.07692308,66b8e2fd7ed9ec6e6bb94a9d,672b928d7ee8c8ad18e9ad28,672ba68864bf9bfe3e1ebc5c,,,,,,,,,,,,,,,,,,,,,,,,,,,,,,,,,,,,,,,,,,,1,,,,,,,,,,,,,4,,,,,,,,,,,,,,,,,,,,,,,,,,,,,,,,,,,,,,,,,,,,,,s,0.2997,,space,0.2732,,4,purple_gnome,4,7,dark_forest,red_basket,orange_gnome,4,8,bright_forest,yellow_basket,7,0,0,1,purple_gnome,dark_forest,red_basket,3604,0,0,31,1,249,3,1,,,,,,,,,,,,,,,,,,,,,,,,,,,,,,,,,,,,,,,,,,,,,,,,,,,,,,,,,,,,,,,,,,,,,
,,,,,,,,,,,,,,,,,,,,,,,,,,,,,,,,,,,,,,,,,,,,,,,,,,,,,,,,,,,,,,,,,,152771,001,2024-11-06_17h26.26.319,experiment,2023.2.3,Win32,48.07692308,66b8e2fd7ed9ec6e6bb94a9d,672b928d7ee8c8ad18e9ad28,672ba68864bf9bfe3e1ebc5c,,,,,,,,,,,,,,,,,,,,,,,,,,,,,,,,,,,,,,,,,,,5,,,,,,,,,,,,,1,,,,,,,,,,,,,,,,,,,,,,,,,,,,,,,,,,,,,,,,,,,,,,k,0.3271,,space,0.2756,,1,yellow_gnome,1,8,bright_forest,yellow_basket,green_gnome,1,7,dark_forest,red_basket,35,0,0,1,green_gnome,dark_forest,red_basket,3639,0,0,31,2,250,4,1,,,,,,,,,,,,,,,,,,,,,,,,,,,,,,,,,,,,,,,,,,,,,,,,,,,,,,,,,,,,,,,,,,,,,
,,,,,,,,,,,,,,,,,,,,,,,,,,,,,,,,,,,,,,,,,,,,,,,,,,,,,,,,,,,,,,,,,,152771,001,2024-11-06_17h26.26.319,experiment,2023.2.3,Win32,48.07692308,66b8e2fd7ed9ec6e6bb94a9d,672b928d7ee8c8ad18e9ad28,672ba68864bf9bfe3e1ebc5c,,,,,,,,,,,,,,,,,,,,,,,,,,,,,,,,,,,,,,,,,,,1,,,,,,,,,,,,,4,,,,,,,,,,,,,,,,,,,,,,,,,,,,,,,,,,,,,,,,,,,,,,s,0.2764,,space,0.1438,,4,orange_gnome,4,8,bright_forest,yellow_basket,purple_gnome,4,7,dark_forest,red_basket,8,0,0,1,orange_gnome,bright_forest,yellow_basket,3647,1,-1,31,3,251,3,1,,,,,,,,,,,,,,,,,,,,,,,,,,,,,,,,,,,,,,,,,,,,,,,,,,,,,,,,,,,,,,,,,,,,,
,,,,,,,,,,,,,,,,,,,,,,,,,,,,,,,,,,,,,,,,,,,,,,,,,,,,,,,,,,,,,,,,,,152771,001,2024-11-06_17h26.26.319,experiment,2023.2.3,Win32,48.07692308,66b8e2fd7ed9ec6e6bb94a9d,672b928d7ee8c8ad18e9ad28,672ba68864bf9bfe3e1ebc5c,,,,,,,,,,,,,,,,,,,,,,,,,,,,,,,,,,,,,,,,,,,1,,,,,,,,,,,,,2,,,,,,,,,,,,,,,,,,,,,,,,,,,,,,,,,,,,,,,,,,,,,,s,0.543,,space,0.4156,,2,pink_gnome,2,6,dark_forest,red_basket,blue_gnome,2,9,bright_forest,yellow_basket,6,0,0,1,pink_gnome,dark_forest,red_basket,3653,-1,0,31,4,252,1,1,,,,,,,,,,,,,,,,,,,,,,,,,,,,,,,,,,,,,,,,,,,,,,,,,,,,,,,,,,,,,,,,,,,,,
,,,,,,,,,,,,,,,,,,,,,,,,,,,,,,,,,,,,,,,,,,,,,,,,,,,,,,,,,,,,,,,,,,152771,001,2024-11-06_17h26.26.319,experiment,2023.2.3,Win32,48.07692308,66b8e2fd7ed9ec6e6bb94a9d,672b928d7ee8c8ad18e9ad28,672ba68864bf9bfe3e1ebc5c,,,,,,,,,,,,,,,,,,,,,,,,,,,,,,,,,,,,,,,,,,,5,,,,,,,,,,,,,1,,,,,,,,,,,,,,,,,,,,,,,,,,,,,,,,,,,,,,,,,,,,,,k,0.31,,space,0.4099,,1,green_gnome,1,6,dark_forest,red_basket,yellow_gnome,1,8,bright_forest,yellow_basket,40,0,0,1,yellow_gnome,bright_forest,yellow_basket,3693,0,1,31,5,253,4,1,,,,,,,,,,,,,,,,,,,,,,,,,,,,,,,,,,,,,,,,,,,,,,,,,,,,,,,,,,,,,,,,,,,,,
,,,,,,,,,,,,,,,,,,,,,,,,,,,,,,,,,,,,,,,,,,,,,,,,,,,,,,,,,,,,,,,,,,152771,001,2024-11-06_17h26.26.319,experiment,2023.2.3,Win32,48.07692308,66b8e2fd7ed9ec6e6bb94a9d,672b928d7ee8c8ad18e9ad28,672ba68864bf9bfe3e1ebc5c,,,,,,,,,,,,,,,,,,,,,,,,,,,,,,,,,,,,,,,,,,,1,,,,,,,,,,,,,3,,,,,,,,,,,,,,,,,,,,,,,,,,,,,,,,,,,,,,,,,,,,,,s,0.3112,,space,0.3092,,3,red_gnome,3,8,bright_forest,yellow_basket,brown_gnome,3,7,dark_forest,red_basket,8,0,0,1,red_gnome,bright_forest,yellow_basket,3701,-2,-2,31,6,254,2,1,,,,,,,,,,,,,,,,,,,,,,,,,,,,,,,,,,,,,,,,,,,,,,,,,,,,,,,,,,,,,,,,,,,,,
,,,,,,,,,,,,,,,,,,,,,,,,,,,,,,,,,,,,,,,,,,,,,,,,,,,,,,,,,,,,,,,,,,152771,001,2024-11-06_17h26.26.319,experiment,2023.2.3,Win32,48.07692308,66b8e2fd7ed9ec6e6bb94a9d,672b928d7ee8c8ad18e9ad28,672ba68864bf9bfe3e1ebc5c,,,,,,,,,,,,,,,,,,,,,,,,,,,,,,,,,,,,,,,,,,,1,,,,,,,,,,,,,3,,,,,,,,,,,,,,,,,,,,,,,,,,,,,,,,,,,,,,,,,,,,,,s,0.3596,,space,0.4092,,3,brown_gnome,3,5,dark_forest,red_basket,red_gnome,3,6,bright_forest,yellow_basket,5,0,0,1,brown_gnome,dark_forest,red_basket,3706,-1,1,31,7,255,2,1,,,,,,,,,,,,,,,,,,,,,,,,,,,,,,,,,,,,,,,,,,,,,,,,,,,,,,,,,,,,,,,,,,,,,
,,,,,,,,,,,,,,,,,,,,,,,,,,,,,,,,,,,,,,,,,,,,,,,,,,,,,,,,,,,,,,,,,,152771,001,2024-11-06_17h26.26.319,experiment,2023.2.3,Win32,48.07692308,66b8e2fd7ed9ec6e6bb94a9d,672b928d7ee8c8ad18e9ad28,672ba68864bf9bfe3e1ebc5c,,,,,,,,,,,,,,,,,,,,,,,,,,,,,,,,,,,,,,,,,,,,,,,,,,,,,,,,,,,,,,,,,,,,,,,,,,,,,,,,,,,,,,,,,,,,,,,,,,,,,,,,,,,,,,,,,,,,,,,,,,,,,,,,,,,,,,,,,,,space,8.964,,space,16.0566,,space,1.6065,,space,15.2234,,space,10.6849,,85.55555556,6.768,68.24074639,8.0485,space,7.7201,,green_gnome,red_gnome,0,0,0,22,1,4,5,,,,,,,,,,,,,,,,,,,,,,,,,,,,,,,,,
,,,,,,,,,,,,,,,,,,,,,,,,,,,,,,,,,,,,,,,,,,,,,,,,,,,,,,,,,,,,,,,,,,152771,001,2024-11-06_17h26.26.319,experiment,2023.2.3,Win32,48.07692308,66b8e2fd7ed9ec6e6bb94a9d,672b928d7ee8c8ad18e9ad28,672ba68864bf9bfe3e1ebc5c,,,,,,,,,,,,,,,,,,,,,,,,,,,,,,,,,,,,,,,,,,,,,,,,,,,,,,,,,,,,,,,,,,,,,,,,,,,,,,,,,,,,,,,,,,,,,,,,,,,,,,,,,,,,,,,,,,,,,,,,,,,,,,,,,,,,,,,,,,,,,,,,,,,,,,,,,,86.57407973,6.0393,58.79630195,4.7738,space,5.9902,,blue_gnome,orange_gnome,0,1,1,21,1,3,7,,,,,,,,,,,,,,,,,,,,,,,,,,,,,,,,,
,,,,,,,,,,,,,,,,,,,,,,,,,,,,,,,,,,,,,,,,,,,,,,,,,,,,,,,,,,,,,,,,,,152771,001,2024-11-06_17h26.26.319,experiment,2023.2.3,Win32,48.07692308,66b8e2fd7ed9ec6e6bb94a9d,672b928d7ee8c8ad18e9ad28,672ba68864bf9bfe3e1ebc5c,,,,,,,,,,,,,,,,,,,,,,,,,,,,,,,,,,,,,,,,,,,,,,,,,,,,,,,,,,,,,,,,,,,,,,,,,,,,,,,,,,,,,,,,,,,,,,,,,,,,,,,,,,,,,,,,,,,,,,,,,,,,,,,,,,,,,,,,,,,,,,,,,,,,,,,,,,93.42592875,2.0438,95.18519084,3.9749,space,3.6931,,brown_gnome,pink_gnome,0,2,2,1,1,0,2,,,,,,,,,,,,,,,,,,,,,,,,,,,,,,,,,
,,,,,,,,,,,,,,,,,,,,,,,,,,,,,,,,,,,,,,,,,,,,,,,,,,,,,,,,,,,,,,,,,,152771,001,2024-11-06_17h26.26.319,experiment,2023.2.3,Win32,48.07692308,66b8e2fd7ed9ec6e6bb94a9d,672b928d7ee8c8ad18e9ad28,672ba68864bf9bfe3e1ebc5c,,,,,,,,,,,,,,,,,,,,,,,,,,,,,,,,,,,,,,,,,,,,,,,,,,,,,,,,,,,,,,,,,,,,,,,,,,,,,,,,,,,,,,,,,,,,,,,,,,,,,,,,,,,,,,,,,,,,,,,,,,,,,,,,,,,,,,,,,,,,,,,,,,,,,,,,,,56.66666667,3.0948,,,space,3.2954,,pink_gnome,yellow_gnome,0,3,3,16,1,2,6,,,,,,,,,,,,,,,,,,,,,,,,,,,,,,,,,
,,,,,,,,,,,,,,,,,,,,,,,,,,,,,,,,,,,,,,,,,,,,,,,,,,,,,,,,,,,,,,,,,,152771,001,2024-11-06_17h26.26.319,experiment,2023.2.3,Win32,48.07692308,66b8e2fd7ed9ec6e6bb94a9d,672b928d7ee8c8ad18e9ad28,672ba68864bf9bfe3e1ebc5c,,,,,,,,,,,,,,,,,,,,,,,,,,,,,,,,,,,,,,,,,,,,,,,,,,,,,,,,,,,,,,,,,,,,,,,,,,,,,,,,,,,,,,,,,,,,,,,,,,,,,,,,,,,,,,,,,,,,,,,,,,,,,,,,,,,,,,,,,,,,,,,,,,,,,,,,,,76.57407973,1.6727,54.16666667,2.5051,space,2.1357,,purple_gnome,yellow_gnome,0,4,4,11,1,1,6,,,,,,,,,,,,,,,,,,,,,,,,,,,,,,,,,
,,,,,,,,,,,,,,,,,,,,,,,,,,,,,,,,,,,,,,,,,,,,,,,,,,,,,,,,,,,,,,,,,,152771,001,2024-11-06_17h26.26.319,experiment,2023.2.3,Win32,48.07692308,66b8e2fd7ed9ec6e6bb94a9d,672b928d7ee8c8ad18e9ad28,672ba68864bf9bfe3e1ebc5c,,,,,,,,,,,,,,,,,,,,,,,,,,,,,,,,,,,,,,,,,,,,,,,,,,,,,,,,,,,,,,,,,,,,,,,,,,,,,,,,,,,,,,,,,,,,,,,,,,,,,,,,,,,,,,,,,,,,,,,,,,,,,,,,,,,,,,,,,,,,,,,,,,,,,,,,,,84.07407973,1.9975,88.98148431,3.1276,space,2.78,,red_gnome,brown_gnome,0,5,5,4,1,0,5,,,,,,,,,,,,,,,,,,,,,,,,,,,,,,,,,
,,,,,,,,,,,,,,,,,,,,,,,,,,,,,,,,,,,,,,,,,,,,,,,,,,,,,,,,,,,,,,,,,,152771,001,2024-11-06_17h26.26.319,experiment,2023.2.3,Win32,48.07692308,66b8e2fd7ed9ec6e6bb94a9d,672b928d7ee8c8ad18e9ad28,672ba68864bf9bfe3e1ebc5c,,,,,,,,,,,,,,,,,,,,,,,,,,,,,,,,,,,,,,,,,,,,,,,,,,,,,,,,,,,,,,,,,,,,,,,,,,,,,,,,,,,,,,,,,,,,,,,,,,,,,,,,,,,,,,,,,,,,,,,,,,,,,,,,,,,,,,,,,,,,,,,,,,,,,,,,,,66.38888889,1.7718,64.90741306,3.3033,space,3.0346,,purple_gnome,blue_gnome,0,6,6,8,1,1,3,,,,,,,,,,,,,,,,,,,,,,,,,,,,,,,,,
,,,,,,,,,,,,,,,,,,,,,,,,,,,,,,,,,,,,,,,,,,,,,,,,,,,,,,,,,,,,,,,,,,152771,001,2024-11-06_17h26.26.319,experiment,2023.2.3,Win32,48.07692308,66b8e2fd7ed9ec6e6bb94a9d,672b928d7ee8c8ad18e9ad28,672ba68864bf9bfe3e1ebc5c,,,,,,,,,,,,,,,,,,,,,,,,,,,,,,,,,,,,,,,,,,,,,,,,,,,,,,,,,,,,,,,,,,,,,,,,,,,,,,,,,,,,,,,,,,,,,,,,,,,,,,,,,,,,,,,,,,,,,,,,,,,,,,,,,,,,,,,,,,,,,,,,,,,,,,,,,,72.77777778,3.7941,80.64815097,2.8494,space,3.4477,,pink_gnome,orange_gnome,0,7,7,17,1,2,7,,,,,,,,,,,,,,,,,,,,,,,,,,,,,,,,,
,,,,,,,,,,,,,,,,,,,,,,,,,,,,,,,,,,,,,,,,,,,,,,,,,,,,,,,,,,,,,,,,,,152771,001,2024-11-06_17h26.26.319,experiment,2023.2.3,Win32,48.07692308,66b8e2fd7ed9ec6e6bb94a9d,672b928d7ee8c8ad18e9ad28,672ba68864bf9bfe3e1ebc5c,,,,,,,,,,,,,,,,,,,,,,,,,,,,,,,,,,,,,,,,,,,,,,,,,,,,,,,,,,,,,,,,,,,,,,,,,,,,,,,,,,,,,,,,,,,,,,,,,,,,,,,,,,,,,,,,,,,,,,,,,,,,,,,,,,,,,,,,,,,,,,,,,,,,,,,,,,58.14815097,1.5553,35.18519084,2.5045,space,2.2529,,purple_gnome,orange_gnome,0,8,8,12,1,1,7,,,,,,,,,,,,,,,,,,,,,,,,,,,,,,,,,
,,,,,,,,,,,,,,,,,,,,,,,,,,,,,,,,,,,,,,,,,,,,,,,,,,,,,,,,,,,,,,,,,,152771,001,2024-11-06_17h26.26.319,experiment,2023.2.3,Win32,48.07692308,66b8e2fd7ed9ec6e6bb94a9d,672b928d7ee8c8ad18e9ad28,672ba68864bf9bfe3e1ebc5c,,,,,,,,,,,,,,,,,,,,,,,,,,,,,,,,,,,,,,,,,,,,,,,,,,,,,,,,,,,,,,,,,,,,,,,,,,,,,,,,,,,,,,,,,,,,,,,,,,,,,,,,,,,,,,,,,,,,,,,,,,,,,,,,,,,,,,,,,,,,,,,,,,,,,,,,,,80.27777778,1.4963,68.79630195,2.5289,space,2.1962,,orange_gnome,yellow_gnome,0,9,9,27,1,6,7,,,,,,,,,,,,,,,,,,,,,,,,,,,,,,,,,
,,,,,,,,,,,,,,,,,,,,,,,,,,,,,,,,,,,,,,,,,,,,,,,,,,,,,,,,,,,,,,,,,,152771,001,2024-11-06_17h26.26.319,experiment,2023.2.3,Win32,48.07692308,66b8e2fd7ed9ec6e6bb94a9d,672b928d7ee8c8ad18e9ad28,672ba68864bf9bfe3e1ebc5c,,,,,,,,,,,,,,,,,,,,,,,,,,,,,,,,,,,,,,,,,,,,,,,,,,,,,,,,,,,,,,,,,,,,,,,,,,,,,,,,,,,,,,,,,,,,,,,,,,,,,,,,,,,,,,,,,,,,,,,,,,,,,,,,,,,,,,,,,,,,,,,,,,,,,,,,,,75,1.7554,92.22222222,2.6548,space,2.3027,,green_gnome,brown_gnome,0,10,10,3,1,0,4,,,,,,,,,,,,,,,,,,,,,,,,,,,,,,,,,
,,,,,,,,,,,,,,,,,,,,,,,,,,,,,,,,,,,,,,,,,,,,,,,,,,,,,,,,,,,,,,,,,,152771,001,2024-11-06_17h26.26.319,experiment,2023.2.3,Win32,48.07692308,66b8e2fd7ed9ec6e6bb94a9d,672b928d7ee8c8ad18e9ad28,672ba68864bf9bfe3e1ebc5c,,,,,,,,,,,,,,,,,,,,,,,,,,,,,,,,,,,,,,,,,,,,,,,,,,,,,,,,,,,,,,,,,,,,,,,,,,,,,,,,,,,,,,,,,,,,,,,,,,,,,,,,,,,,,,,,,,,,,,,,,,,,,,,,,,,,,,,,,,,,,,,,,,,,,,,,,,91.8518575,3.3113,90.83333333,4.0944,space,3.7779,,pink_gnome,purple_gnome,0,11,11,7,1,1,2,,,,,,,,,,,,,,,,,,,,,,,,,,,,,,,,,
,,,,,,,,,,,,,,,,,,,,,,,,,,,,,,,,,,,,,,,,,,,,,,,,,,,,,,,,,,,,,,,,,,152771,001,2024-11-06_17h26.26.319,experiment,2023.2.3,Win32,48.07692308,66b8e2fd7ed9ec6e6bb94a9d,672b928d7ee8c8ad18e9ad28,672ba68864bf9bfe3e1ebc5c,,,,,,,,,,,,,,,,,,,,,,,,,,,,,,,,,,,,,,,,,,,,,,,,,,,,,,,,,,,,,,,,,,,,,,,,,,,,,,,,,,,,,,,,,,,,,,,,,,,,,,,,,,,,,,,,,,,,,,,,,,,,,,,,,,,,,,,,,,,,,,,,,,,,,,,,,,82.12963528,1.8958,90.83333333,3.121,space,2.8191,,yellow_gnome,blue_gnome,0,12,12,20,1,3,6,,,,,,,,,,,,,,,,,,,,,,,,,,,,,,,,,
,,,,,,,,,,,,,,,,,,,,,,,,,,,,,,,,,,,,,,,,,,,,,,,,,,,,,,,,,,,,,,,,,,152771,001,2024-11-06_17h26.26.319,experiment,2023.2.3,Win32,48.07692308,66b8e2fd7ed9ec6e6bb94a9d,672b928d7ee8c8ad18e9ad28,672ba68864bf9bfe3e1ebc5c,,,,,,,,,,,,,,,,,,,,,,,,,,,,,,,,,,,,,,,,,,,,,,,,,,,,,,,,,,,,,,,,,,,,,,,,,,,,,,,,,,,,,,,,,,,,,,,,,,,,,,,,,,,,,,,,,,,,,,,,,,,,,,,,,,,,,,,,,,,,,,,,,,,,,,,,,,80.74074639,1.6903,73.05555556,2.6386,space,2.3372,,blue_gnome,pink_gnome,0,13,13,13,1,2,3,,,,,,,,,,,,,,,,,,,,,,,,,,,,,,,,,
,,,,,,,,,,,,,,,,,,,,,,,,,,,,,,,,,,,,,,,,,,,,,,,,,,,,,,,,,,,,,,,,,,152771,001,2024-11-06_17h26.26.319,experiment,2023.2.3,Win32,48.07692308,66b8e2fd7ed9ec6e6bb94a9d,672b928d7ee8c8ad18e9ad28,672ba68864bf9bfe3e1ebc5c,,,,,,,,,,,,,,,,,,,,,,,,,,,,,,,,,,,,,,,,,,,,,,,,,,,,,,,,,,,,,,,,,,,,,,,,,,,,,,,,,,,,,,,,,,,,,,,,,,,,,,,,,,,,,,,,,,,,,,,,,,,,,,,,,,,,,,,,,,,,,,,,,,,,,,,,,,81.75926208,1.3734,86.20370653,2.6215,space,2.2859,,blue_gnome,green_gnome,0,14,14,18,1,3,4,,,,,,,,,,,,,,,,,,,,,,,,,,,,,,,,,
,,,,,,,,,,,,,,,,,,,,,,,,,,,,,,,,,,,,,,,,,,,,,,,,,,,,,,,,,,,,,,,,,,152771,001,2024-11-06_17h26.26.319,experiment,2023.2.3,Win32,48.07692308,66b8e2fd7ed9ec6e6bb94a9d,672b928d7ee8c8ad18e9ad28,672ba68864bf9bfe3e1ebc5c,,,,,,,,,,,,,,,,,,,,,,,,,,,,,,,,,,,,,,,,,,,,,,,,,,,,,,,,,,,,,,,,,,,,,,,,,,,,,,,,,,,,,,,,,,,,,,,,,,,,,,,,,,,,,,,,,,,,,,,,,,,,,,,,,,,,,,,,,,,,,,,,,,,,,,,,,,81.75926208,2.1129,77.5,3.1455,space,2.8294,,brown_gnome,orange_gnome,0,15,15,6,1,0,7,,,,,,,,,,,,,,,,,,,,,,,,,,,,,,,,,
,,,,,,,,,,,,,,,,,,,,,,,,,,,,,,,,,,,,,,,,,,,,,,,,,,,,,,,,,,,,,,,,,,152771,001,2024-11-06_17h26.26.319,experiment,2023.2.3,Win32,48.07692308,66b8e2fd7ed9ec6e6bb94a9d,672b928d7ee8c8ad18e9ad28,672ba68864bf9bfe3e1ebc5c,,,,,,,,,,,,,,,,,,,,,,,,,,,,,,,,,,,,,,,,,,,,,,,,,,,,,,,,,,,,,,,,,,,,,,,,,,,,,,,,,,,,,,,,,,,,,,,,,,,,,,,,,,,,,,,,,,,,,,,,,,,,,,,,,,,,,,,,,,,,,,,,,,,,,,,,,,46.38888889,3.6049,18.42592875,2.672,space,3.3768,,red_gnome,pink_gnome,0,16,16,15,1,2,5,,,,,,,,,,,,,,,,,,,,,,,,,,,,,,,,,
,,,,,,,,,,,,,,,,,,,,,,,,,,,,,,,,,,,,,,,,,,,,,,,,,,,,,,,,,,,,,,,,,,152771,001,2024-11-06_17h26.26.319,experiment,2023.2.3,Win32,48.07692308,66b8e2fd7ed9ec6e6bb94a9d,672b928d7ee8c8ad18e9ad28,672ba68864bf9bfe3e1ebc5c,,,,,,,,,,,,,,,,,,,,,,,,,,,,,,,,,,,,,,,,,,,,,,,,,,,,,,,,,,,,,,,,,,,,,,,,,,,,,,,,,,,,,,,,,,,,,,,,,,,,,,,,,,,,,,,,,,,,,,,,,,,,,,,,,,,,,,,,,,,,,,,,,,,,,,,,,,92.8703732,1.4873,90.46296861,2.502,space,2.219,,yellow_gnome,green_gnome,0,17,17,23,1,4,6,,,,,,,,,,,,,,,,,,,,,,,,,,,,,,,,,
,,,,,,,,,,,,,,,,,,,,,,,,,,,,,,,,,,,,,,,,,,,,,,,,,,,,,,,,,,,,,,,,,,152771,001,2024-11-06_17h26.26.319,experiment,2023.2.3,Win32,48.07692308,66b8e2fd7ed9ec6e6bb94a9d,672b928d7ee8c8ad18e9ad28,672ba68864bf9bfe3e1ebc5c,,,,,,,,,,,,,,,,,,,,,,,,,,,,,,,,,,,,,,,,,,,,,,,,,,,,,,,,,,,,,,,,,,,,,,,,,,,,,,,,,,,,,,,,,,,,,,,,,,,,,,,,,,,,,,,,,,,,,,,,,,,,,,,,,,,,,,,,,,,,,,,,,,,,,,,,,,80.3703732,1.3966,89.3518575,2.0947,space,1.863,,orange_gnome,red_gnome,0,18,18,26,1,5,7,,,,,,,,,,,,,,,,,,,,,,,,,,,,,,,,,
,,,,,,,,,,,,,,,,,,,,,,,,,,,,,,,,,,,,,,,,,,,,,,,,,,,,,,,,,,,,,,,,,,152771,001,2024-11-06_17h26.26.319,experiment,2023.2.3,Win32,48.07692308,66b8e2fd7ed9ec6e6bb94a9d,672b928d7ee8c8ad18e9ad28,672ba68864bf9bfe3e1ebc5c,,,,,,,,,,,,,,,,,,,,,,,,,,,,,,,,,,,,,,,,,,,,,,,,,,,,,,,,,,,,,,,,,,,,,,,,,,,,,,,,,,,,,,,,,,,,,,,,,,,,,,,,,,,,,,,,,,,,,,,,,,,,,,,,,,,,,,,,,,,,,,,,,,,,,,,,,,76.29630195,1.6967,88.33333333,2.5125,space,2.1314,,purple_gnome,red_gnome,0,19,19,10,1,1,5,,,,,,,,,,,,,,,,,,,,,,,,,,,,,,,,,
,,,,,,,,,,,,,,,,,,,,,,,,,,,,,,,,,,,,,,,,,,,,,,,,,,,,,,,,,,,,,,,,,,152771,001,2024-11-06_17h26.26.319,experiment,2023.2.3,Win32,48.07692308,66b8e2fd7ed9ec6e6bb94a9d,672b928d7ee8c8ad18e9ad28,672ba68864bf9bfe3e1ebc5c,,,,,,,,,,,,,,,,,,,,,,,,,,,,,,,,,,,,,,,,,,,,,,,,,,,,,,,,,,,,,,,,,,,,,,,,,,,,,,,,,,,,,,,,,,,,,,,,,,,,,,,,,,,,,,,,,,,,,,,,,,,,,,,,,,,,,,,,,,,,,,,,,,,,,,,,,,72.40741306,1.3904,81.94444444,2.39,space,2.071,,green_gnome,purple_gnome,0,20,20,9,1,1,4,,,,,,,,,,,,,,,,,,,,,,,,,,,,,,,,,
,,,,,,,,,,,,,,,,,,,,,,,,,,,,,,,,,,,,,,,,,,,,,,,,,,,,,,,,,,,,,,,,,,152771,001,2024-11-06_17h26.26.319,experiment,2023.2.3,Win32,48.07692308,66b8e2fd7ed9ec6e6bb94a9d,672b928d7ee8c8ad18e9ad28,672ba68864bf9bfe3e1ebc5c,,,,,,,,,,,,,,,,,,,,,,,,,,,,,,,,,,,,,,,,,,,,,,,,,,,,,,,,,,,,,,,,,,,,,,,,,,,,,,,,,,,,,,,,,,,,,,,,,,,,,,,,,,,,,,,,,,,,,,,,,,,,,,,,,,,,,,,,,,,,,,,,,,,,,,,,,,81.38888889,1.4574,64.3518575,2.3229,space,2.1378,,red_gnome,yellow_gnome,0,21,21,25,1,5,6,,,,,,,,,,,,,,,,,,,,,,,,,,,,,,,,,
,,,,,,,,,,,,,,,,,,,,,,,,,,,,,,,,,,,,,,,,,,,,,,,,,,,,,,,,,,,,,,,,,,152771,001,2024-11-06_17h26.26.319,experiment,2023.2.3,Win32,48.07692308,66b8e2fd7ed9ec6e6bb94a9d,672b928d7ee8c8ad18e9ad28,672ba68864bf9bfe3e1ebc5c,,,,,,,,,,,,,,,,,,,,,,,,,,,,,,,,,,,,,,,,,,,,,,,,,,,,,,,,,,,,,,,,,,,,,,,,,,,,,,,,,,,,,,,,,,,,,,,,,,,,,,,,,,,,,,,,,,,,,,,,,,,,,,,,,,,,,,,,,,,,,,,,,,,,,,,,,,61.75926208,2.1394,59.90741306,2.806,space,2.4535,,red_gnome,blue_gnome,0,22,22,19,1,3,5,,,,,,,,,,,,,,,,,,,,,,,,,,,,,,,,,
,,,,,,,,,,,,,,,,,,,,,,,,,,,,,,,,,,,,,,,,,,,,,,,,,,,,,,,,,,,,,,,,,,152771,001,2024-11-06_17h26.26.319,experiment,2023.2.3,Win32,48.07692308,66b8e2fd7ed9ec6e6bb94a9d,672b928d7ee8c8ad18e9ad28,672ba68864bf9bfe3e1ebc5c,,,,,,,,,,,,,,,,,,,,,,,,,,,,,,,,,,,,,,,,,,,,,,,,,,,,,,,,,,,,,,,,,,,,,,,,,,,,,,,,,,,,,,,,,,,,,,,,,,,,,,,,,,,,,,,,,,,,,,,,,,,,,,,,,,,,,,,,,,,,,,,,,,,,,,,,,,81.29630195,3.0713,82.40741306,3.9534,space,3.5683,,orange_gnome,green_gnome,0,23,23,24,1,4,7,,,,,,,,,,,,,,,,,,,,,,,,,,,,,,,,,
,,,,,,,,,,,,,,,,,,,,,,,,,,,,,,,,,,,,,,,,,,,,,,,,,,,,,,,,,,,,,,,,,,152771,001,2024-11-06_17h26.26.319,experiment,2023.2.3,Win32,48.07692308,66b8e2fd7ed9ec6e6bb94a9d,672b928d7ee8c8ad18e9ad28,672ba68864bf9bfe3e1ebc5c,,,,,,,,,,,,,,,,,,,,,,,,,,,,,,,,,,,,,,,,,,,,,,,,,,,,,,,,,,,,,,,,,,,,,,,,,,,,,,,,,,,,,,,,,,,,,,,,,,,,,,,,,,,,,,,,,,,,,,,,,,,,,,,,,,,,,,,,,,,,,,,,,,,,,,,,,,94.16666667,1.4134,91.48148431,2.5358,space,2.1488,,yellow_gnome,brown_gnome,0,24,24,5,1,0,6,,,,,,,,,,,,,,,,,,,,,,,,,,,,,,,,,
,,,,,,,,,,,,,,,,,,,,,,,,,,,,,,,,,,,,,,,,,,,,,,,,,,,,,,,,,,,,,,,,,,152771,001,2024-11-06_17h26.26.319,experiment,2023.2.3,Win32,48.07692308,66b8e2fd7ed9ec6e6bb94a9d,672b928d7ee8c8ad18e9ad28,672ba68864bf9bfe3e1ebc5c,,,,,,,,,,,,,,,,,,,,,,,,,,,,,,,,,,,,,,,,,,,,,,,,,,,,,,,,,,,,,,,,,,,,,,,,,,,,,,,,,,,,,,,,,,,,,,,,,,,,,,,,,,,,,,,,,,,,,,,,,,,,,,,,,,,,,,,,,,,,,,,,,,,,,,,,,,96.8518575,1.3742,61.66666667,2.4231,space,1.9718,,blue_gnome,brown_gnome,0,25,25,2,1,0,3,,,,,,,,,,,,,,,,,,,,,,,,,,,,,,,,,
,,,,,,,,,,,,,,,,,,,,,,,,,,,,,,,,,,,,,,,,,,,,,,,,,,,,,,,,,,,,,,,,,,152771,001,2024-11-06_17h26.26.319,experiment,2023.2.3,Win32,48.07692308,66b8e2fd7ed9ec6e6bb94a9d,672b928d7ee8c8ad18e9ad28,672ba68864bf9bfe3e1ebc5c,,,,,,,,,,,,,,,,,,,,,,,,,,,,,,,,,,,,,,,,,,,,,,,,,,,,,,,,,,,,,,,,,,,,,,,,,,,,,,,,,,,,,,,,,,,,,,,,,,,,,,,,,,,,,,,,,,,,,,,,,,,,,,,,,,,,,,,,,,,,,,,,,,,,,,,,,,100,3.0206,100,2.0388,space,2.6521,,purple_gnome,brown_gnome,0,26,26,0,1,0,1,,,,,,,,,,,,,,,,,,,,,,,,,,,,,,,,,
,,,,,,,,,,,,,,,,,,,,,,,,,,,,,,,,,,,,,,,,,,,,,,,,,,,,,,,,,,,,,,,,,,152771,001,2024-11-06_17h26.26.319,experiment,2023.2.3,Win32,48.07692308,66b8e2fd7ed9ec6e6bb94a9d,672b928d7ee8c8ad18e9ad28,672ba68864bf9bfe3e1ebc5c,,,,,,,,,,,,,,,,,,,,,,,,,,,,,,,,,,,,,,,,,,,,,,,,,,,,,,,,,,,,,,,,,,,,,,,,,,,,,,,,,,,,,,,,,,,,,,,,,,,,,,,,,,,,,,,,,,,,,,,,,,,,,,,,,,,,,,,,,,,,,,,,,,,,,,,,,,71.29630195,1.3475,73.42592875,2.4963,space,2.1966,,pink_gnome,green_gnome,0,27,27,14,1,2,4,,,,,,,,,,,,,,,,,,,,,,,,,,,,,,,,,
,,,,,,,,,,,,,,,,,,,,,,,,,,,,,,,,,,,,,,,,,,,,,,,,,,,,,,,,,,,,,,,,,,152771,001,2024-11-06_17h26.26.319,experiment,2023.2.3,Win32,48.07692308,66b8e2fd7ed9ec6e6bb94a9d,672b928d7ee8c8ad18e9ad28,672ba68864bf9bfe3e1ebc5c,,,,,,,,,,,,,,,,,,,,,,,,,,,,,,,,,,,,,,,,,,,,,,,,,,,,,,,,,,,,,,,,,,,,,,,,,,,,,,,,,,,,,,,,,,,,,,,,,,,,,,,,,,,,,,,,,,,,,,,,,,,,,,,,,,,,,,,,,,,,,,,,,,,,,,,,,,,,,,,,,,,,,,,,,,space,14.5587,,53.51852417,2.6644,57.8703732,3.3809,space,3.0205,,blue_gnome,bright_forest,yellow_basket,0,0,0,6,1,3,0,,,,,,,,,,,,,
,,,,,,,,,,,,,,,,,,,,,,,,,,,,,,,,,,,,,,,,,,,,,,,,,,,,,,,,,,,,,,,,,,152771,001,2024-11-06_17h26.26.319,experiment,2023.2.3,Win32,48.07692308,66b8e2fd7ed9ec6e6bb94a9d,672b928d7ee8c8ad18e9ad28,672ba68864bf9bfe3e1ebc5c,,,,,,,,,,,,,,,,,,,,,,,,,,,,,,,,,,,,,,,,,,,,,,,,,,,,,,,,,,,,,,,,,,,,,,,,,,,,,,,,,,,,,,,,,,,,,,,,,,,,,,,,,,,,,,,,,,,,,,,,,,,,,,,,,,,,,,,,,,,,,,,,,,,,,,,,,,,,,,,,,,,,,,,,,,,,,63.05555556,1.4405,55.74074639,2.0606,space,1.6713,,pink_gnome,dark_forest,red_basket,0,1,1,5,1,2,1,,,,,,,,,,,,,
,,,,,,,,,,,,,,,,,,,,,,,,,,,,,,,,,,,,,,,,,,,,,,,,,,,,,,,,,,,,,,,,,,152771,001,2024-11-06_17h26.26.319,experiment,2023.2.3,Win32,48.07692308,66b8e2fd7ed9ec6e6bb94a9d,672b928d7ee8c8ad18e9ad28,672ba68864bf9bfe3e1ebc5c,,,,,,,,,,,,,,,,,,,,,,,,,,,,,,,,,,,,,,,,,,,,,,,,,,,,,,,,,,,,,,,,,,,,,,,,,,,,,,,,,,,,,,,,,,,,,,,,,,,,,,,,,,,,,,,,,,,,,,,,,,,,,,,,,,,,,,,,,,,,,,,,,,,,,,,,,,,,,,,,,,,,,,,,,,,,,86.20370653,2.6557,86.8518575,1.9564,space,2.2751,,brown_gnome,bright_forest,yellow_basket,0,2,2,0,1,0,0,,,,,,,,,,,,,
,,,,,,,,,,,,,,,,,,,,,,,,,,,,,,,,,,,,,,,,,,,,,,,,,,,,,,,,,,,,,,,,,,152771,001,2024-11-06_17h26.26.319,experiment,2023.2.3,Win32,48.07692308,66b8e2fd7ed9ec6e6bb94a9d,672b928d7ee8c8ad18e9ad28,672ba68864bf9bfe3e1ebc5c,,,,,,,,,,,,,,,,,,,,,,,,,,,,,,,,,,,,,,,,,,,,,,,,,,,,,,,,,,,,,,,,,,,,,,,,,,,,,,,,,,,,,,,,,,,,,,,,,,,,,,,,,,,,,,,,,,,,,,,,,,,,,,,,,,,,,,,,,,,,,,,,,,,,,,,,,,,,,,,,,,,,,,,,,,,,,39.81481764,1.6543,65.09259542,2.6532,space,2.486,,yellow_gnome,bright_forest,yellow_basket,0,3,3,12,1,6,0,,,,,,,,,,,,,
,,,,,,,,,,,,,,,,,,,,,,,,,,,,,,,,,,,,,,,,,,,,,,,,,,,,,,,,,,,,,,,,,,152771,001,2024-11-06_17h26.26.319,experiment,2023.2.3,Win32,48.07692308,66b8e2fd7ed9ec6e6bb94a9d,672b928d7ee8c8ad18e9ad28,672ba68864bf9bfe3e1ebc5c,,,,,,,,,,,,,,,,,,,,,,,,,,,,,,,,,,,,,,,,,,,,,,,,,,,,,,,,,,,,,,,,,,,,,,,,,,,,,,,,,,,,,,,,,,,,,,,,,,,,,,,,,,,,,,,,,,,,,,,,,,,,,,,,,,,,,,,,,,,,,,,,,,,,,,,,,,,,,,,,,,,,,,,,,,,,,79.44444444,1.4708,43.79630195,2.2632,space,1.9475,,purple_gnome,bright_forest,yellow_basket,0,4,4,2,1,1,0,,,,,,,,,,,,,
,,,,,,,,,,,,,,,,,,,,,,,,,,,,,,,,,,,,,,,,,,,,,,,,,,,,,,,,,,,,,,,,,,152771,001,2024-11-06_17h26.26.319,experiment,2023.2.3,Win32,48.07692308,66b8e2fd7ed9ec6e6bb94a9d,672b928d7ee8c8ad18e9ad28,672ba68864bf9bfe3e1ebc5c,,,,,,,,,,,,,,,,,,,,,,,,,,,,,,,,,,,,,,,,,,,,,,,,,,,,,,,,,,,,,,,,,,,,,,,,,,,,,,,,,,,,,,,,,,,,,,,,,,,,,,,,,,,,,,,,,,,,,,,,,,,,,,,,,,,,,,,,,,,,,,,,,,,,,,,,,,,,,,,,,,,,,,,,,,,,,59.90741306,1.3629,52.5,2.3891,space,2.1387,,yellow_gnome,dark_forest,red_basket,0,5,5,13,1,6,1,,,,,,,,,,,,,
,,,,,,,,,,,,,,,,,,,,,,,,,,,,,,,,,,,,,,,,,,,,,,,,,,,,,,,,,,,,,,,,,,152771,001,2024-11-06_17h26.26.319,experiment,2023.2.3,Win32,48.07692308,66b8e2fd7ed9ec6e6bb94a9d,672b928d7ee8c8ad18e9ad28,672ba68864bf9bfe3e1ebc5c,,,,,,,,,,,,,,,,,,,,,,,,,,,,,,,,,,,,,,,,,,,,,,,,,,,,,,,,,,,,,,,,,,,,,,,,,,,,,,,,,,,,,,,,,,,,,,,,,,,,,,,,,,,,,,,,,,,,,,,,,,,,,,,,,,,,,,,,,,,,,,,,,,,,,,,,,,,,,,,,,,,,,,,,,,,,,63.79630195,1.1076,41.75926208,1.9634,space,1.605,,green_gnome,dark_forest,red_basket,0,6,6,9,1,4,1,,,,,,,,,,,,,
,,,,,,,,,,,,,,,,,,,,,,,,,,,,,,,,,,,,,,,,,,,,,,,,,,,,,,,,,,,,,,,,,,152771,001,2024-11-06_17h26.26.319,experiment,2023.2.3,Win32,48.07692308,66b8e2fd7ed9ec6e6bb94a9d,672b928d7ee8c8ad18e9ad28,672ba68864bf9bfe3e1ebc5c,,,,,,,,,,,,,,,,,,,,,,,,,,,,,,,,,,,,,,,,,,,,,,,,,,,,,,,,,,,,,,,,,,,,,,,,,,,,,,,,,,,,,,,,,,,,,,,,,,,,,,,,,,,,,,,,,,,,,,,,,,,,,,,,,,,,,,,,,,,,,,,,,,,,,,,,,,,,,,,,,,,,,,,,,,,,,36.8518575,1.8568,69.3518575,2.589,space,2.2282,,red_gnome,bright_forest,yellow_basket,0,7,7,10,1,5,0,,,,,,,,,,,,,
,,,,,,,,,,,,,,,,,,,,,,,,,,,,,,,,,,,,,,,,,,,,,,,,,,,,,,,,,,,,,,,,,,152771,001,2024-11-06_17h26.26.319,experiment,2023.2.3,Win32,48.07692308,66b8e2fd7ed9ec6e6bb94a9d,672b928d7ee8c8ad18e9ad28,672ba68864bf9bfe3e1ebc5c,,,,,,,,,,,,,,,,,,,,,,,,,,,,,,,,,,,,,,,,,,,,,,,,,,,,,,,,,,,,,,,,,,,,,,,,,,,,,,,,,,,,,,,,,,,,,,,,,,,,,,,,,,,,,,,,,,,,,,,,,,,,,,,,,,,,,,,,,,,,,,,,,,,,,,,,,,,,,,,,,,,,,,,,,,,,,29.35185326,1.4719,74.07407973,2.3861,space,2.0036,,blue_gnome,dark_forest,red_basket,0,8,8,7,1,3,1,,,,,,,,,,,,,
,,,,,,,,,,,,,,,,,,,,,,,,,,,,,,,,,,,,,,,,,,,,,,,,,,,,,,,,,,,,,,,,,,152771,001,2024-11-06_17h26.26.319,experiment,2023.2.3,Win32,48.07692308,66b8e2fd7ed9ec6e6bb94a9d,672b928d7ee8c8ad18e9ad28,672ba68864bf9bfe3e1ebc5c,,,,,,,,,,,,,,,,,,,,,,,,,,,,,,,,,,,,,,,,,,,,,,,,,,,,,,,,,,,,,,,,,,,,,,,,,,,,,,,,,,,,,,,,,,,,,,,,,,,,,,,,,,,,,,,,,,,,,,,,,,,,,,,,,,,,,,,,,,,,,,,,,,,,,,,,,,,,,,,,,,,,,,,,,,,,,19.07407549,1.5341,73.24074639,2.628,space,2.2965,,green_gnome,bright_forest,yellow_basket,0,9,9,8,1,4,0,,,,,,,,,,,,,
,,,,,,,,,,,,,,,,,,,,,,,,,,,,,,,,,,,,,,,,,,,,,,,,,,,,,,,,,,,,,,,,,,152771,001,2024-11-06_17h26.26.319,experiment,2023.2.3,Win32,48.07692308,66b8e2fd7ed9ec6e6bb94a9d,672b928d7ee8c8ad18e9ad28,672ba68864bf9bfe3e1ebc5c,,,,,,,,,,,,,,,,,,,,,,,,,,,,,,,,,,,,,,,,,,,,,,,,,,,,,,,,,,,,,,,,,,,,,,,,,,,,,,,,,,,,,,,,,,,,,,,,,,,,,,,,,,,,,,,,,,,,,,,,,,,,,,,,,,,,,,,,,,,,,,,,,,,,,,,,,,,,,,,,,,,,,,,,,,,,,81.11111111,1.3589,82.40741306,2.2795,space,1.8902,,orange_gnome,bright_forest,yellow_basket,0,10,10,14,1,7,0,,,,,,,,,,,,,
,,,,,,,,,,,,,,,,,,,,,,,,,,,,,,,,,,,,,,,,,,,,,,,,,,,,,,,,,,,,,,,,,,152771,001,2024-11-06_17h26.26.319,experiment,2023.2.3,Win32,48.07692308,66b8e2fd7ed9ec6e6bb94a9d,672b928d7ee8c8ad18e9ad28,672ba68864bf9bfe3e1ebc5c,,,,,,,,,,,,,,,,,,,,,,,,,,,,,,,,,,,,,,,,,,,,,,,,,,,,,,,,,,,,,,,,,,,,,,,,,,,,,,,,,,,,,,,,,,,,,,,,,,,,,,,,,,,,,,,,,,,,,,,,,,,,,,,,,,,,,,,,,,,,,,,,,,,,,,,,,,,,,,,,,,,,,,,,,,,,,36.29630195,1.3901,77.12963528,2.4059,space,2.0378,,red_gnome,dark_forest,red_basket,0,11,11,11,1,5,1,,,,,,,,,,,,,
,,,,,,,,,,,,,,,,,,,,,,,,,,,,,,,,,,,,,,,,,,,,,,,,,,,,,,,,,,,,,,,,,,152771,001,2024-11-06_17h26.26.319,experiment,2023.2.3,Win32,48.07692308,66b8e2fd7ed9ec6e6bb94a9d,672b928d7ee8c8ad18e9ad28,672ba68864bf9bfe3e1ebc5c,,,,,,,,,,,,,,,,,,,,,,,,,,,,,,,,,,,,,,,,,,,,,,,,,,,,,,,,,,,,,,,,,,,,,,,,,,,,,,,,,,,,,,,,,,,,,,,,,,,,,,,,,,,,,,,,,,,,,,,,,,,,,,,,,,,,,,,,,,,,,,,,,,,,,,,,,,,,,,,,,,,,,,,,,,,,,88.88888889,1.7573,85,2.7062,space,2.3541,,brown_gnome,dark_forest,red_basket,0,12,12,1,1,0,1,,,,,,,,,,,,,
,,,,,,,,,,,,,,,,,,,,,,,,,,,,,,,,,,,,,,,,,,,,,,,,,,,,,,,,,,,,,,,,,,152771,001,2024-11-06_17h26.26.319,experiment,2023.2.3,Win32,48.07692308,66b8e2fd7ed9ec6e6bb94a9d,672b928d7ee8c8ad18e9ad28,672ba68864bf9bfe3e1ebc5c,,,,,,,,,,,,,,,,,,,,,,,,,,,,,,,,,,,,,,,,,,,,,,,,,,,,,,,,,,,,,,,,,,,,,,,,,,,,,,,,,,,,,,,,,,,,,,,,,,,,,,,,,,,,,,,,,,,,,,,,,,,,,,,,,,,,,,,,,,,,,,,,,,,,,,,,,,,,,,,,,,,,,,,,,,,,,38.05555556,1.5064,70.27777778,2.4549,space,2.0532,,purple_gnome,dark_forest,red_basket,0,13,13,3,1,1,1,,,,,,,,,,,,,
,,,,,,,,,,,,,,,,,,,,,,,,,,,,,,,,,,,,,,,,,,,,,,,,,,,,,,,,,,,,,,,,,,152771,001,2024-11-06_17h26.26.319,experiment,2023.2.3,Win32,48.07692308,66b8e2fd7ed9ec6e6bb94a9d,672b928d7ee8c8ad18e9ad28,672ba68864bf9bfe3e1ebc5c,,,,,,,,,,,,,,,,,,,,,,,,,,,,,,,,,,,,,,,,,,,,,,,,,,,,,,,,,,,,,,,,,,,,,,,,,,,,,,,,,,,,,,,,,,,,,,,,,,,,,,,,,,,,,,,,,,,,,,,,,,,,,,,,,,,,,,,,,,,,,,,,,,,,,,,,,,,,,,,,,,,,,,,,,,,,,28.98148431,1.2321,87.8703732,2.0647,space,1.6788,,orange_gnome,dark_forest,red_basket,0,14,14,15,1,7,1,,,,,,,,,,,,,
,,,,,,,,,,,,,,,,,,,,,,,,,,,,,,,,,,,,,,,,,,,,,,,,,,,,,,,,,,,,,,,,,,152771,001,2024-11-06_17h26.26.319,experiment,2023.2.3,Win32,48.07692308,66b8e2fd7ed9ec6e6bb94a9d,672b928d7ee8c8ad18e9ad28,672ba68864bf9bfe3e1ebc5c,,,,,,,,,,,,,,,,,,,,,,,,,,,,,,,,,,,,,,,,,,,,,,,,,,,,,,,,,,,,,,,,,,,,,,,,,,,,,,,,,,,,,,,,,,,,,,,,,,,,,,,,,,,,,,,,,,,,,,,,,,,,,,,,,,,,,,,,,,,,,,,,,,,,,,,,,,,,,,,,,,,,,,,,,,,,,87.5,1.3902,80.74074639,2.1392,space,1.7704,,pink_gnome,bright_forest,yellow_basket,0,15,15,4,1,2,0,,,,,,,,,,,,,
,,,,,,,,,,,,,,,,,,,,,,,,,,,,,,,,,,,,,,,,,,,,,,,,,,,,,,,,,,,,,,,,,,152771,001,2024-11-06_17h26.26.319,experiment,2023.2.3,Win32,48.07692308,66b8e2fd7ed9ec6e6bb94a9d,672b928d7ee8c8ad18e9ad28,672ba68864bf9bfe3e1ebc5c,,,,,,,,,,,,,,,,,,,,,,,,,,,,,,,,,,,,,,,,,,,,,,,,,,,,,,,,,,,,,,,,,,,,,,,,,,,,,,,,,,,,,,,,,,,,,,,,,,,,,,,,,,,,,,,,,,,,,,,,,,,,,,,,,,,,,,,,,,,,,,,,,,,,,,,,,,,,,,,,,,,,,,,,,,,,,,,,,,,,,,,,,,,,,,space,30.4888,,0,0,0,0,1,,,,,
,,,,,,,,,,,,,,,,,,,,,,,,,,,,,,,,,,,,,,,,,,,,,,,,,,,,,,,,,,,,,,,,,,152771,001,2024-11-06_17h26.26.319,experiment,2023.2.3,Win32,48.07692308,66b8e2fd7ed9ec6e6bb94a9d,672b928d7ee8c8ad18e9ad28,672ba68864bf9bfe3e1ebc5c,,,,,,,,,,,,,,,,,,,,,,,,,,,,,,,,,,,,,,,,,,,,,,,,,,,,,,,,,,,,,,,,,,,,,,,,,,,,,,,,,,,,,,,,,,,,,,,,,,,,,,,,,,,,,,,,,,,,,,,,,,,,,,,,,,,,,,,,,,,,,,,,,,,,,,,,,,,,,,,,,,,,,,,,,,,,,,,,,,,,,,,,,,,,,,,,,,,,,,0,0,0,0,1