version https://git-lfs.github.com/spec/v1
oid sha256:d5a8eb7c053da62deed30a292da0f37ece4e80381f053911343eb26be073daf9
size 181938
