version https://git-lfs.github.com/spec/v1
oid sha256:2b754f28e9adf81ce744aa1a53a7d9a9794ac52612c6ab60412e57896002bf0b
size 232614
