"parent_PID","stim1_name","stim1_file","stim1_pair","stim1_deact_file","stim1_step2_name","stim1_step2_file","stim1_step2_basket_name","stim1_step2_basket_file","stim2_name","stim2_file","stim2_pair","stim2_deact_file","stim2_step2_name","stim2_step2_file","stim2_step2_basket_name","stim2_step2_basket_file","stim3_name","stim3_file","stim3_pair","stim3_deact_file","stim3_step2_name","stim3_step2_file","stim3_step2_basket_name","stim3_step2_basket_file","stim4_name","stim4_file","stim4_pair","stim4_deact_file","stim4_step2_name","stim4_step2_file","stim4_step2_basket_name","stim4_step2_basket_file","stim5_name","stim5_file","stim5_pair","stim5_deact_file","stim5_step2_name","stim5_step2_file","stim5_step2_basket_name","stim5_step2_basket_file","stim6_name","stim6_file","stim6_pair","stim6_deact_file","stim6_step2_name","stim6_step2_file","stim6_step2_basket_name","stim6_step2_basket_file","stim7_name","stim7_file","stim7_pair","stim7_deact_file","stim7_step2_name","stim7_step2_file","stim7_step2_basket_name","stim7_step2_basket_file","stim8_name","stim8_file","stim8_pair","stim8_deact_file","stim8_step2_name","stim8_step2_file","stim8_step2_basket_name","stim8_step2_basket_file","obs_AC_trials","participant","session","date","expName","psychopyVersion","OS","frameRate","PROLIFIC_PID","STUDY_ID","SESSION_ID","consent_keyresp.keys","consent_keyresp.rt","consent_keyresp.duration","global_instructions1_key.keys","global_instructions1_key.rt","global_instructions1_key.duration","global_instructions2_key.keys","global_instructions2_key.rt","global_instructions2_key.duration","global_instructions3_key.keys","global_instructions3_key.rt","global_instructions3_key.duration","global_instructions4_key.keys","global_instructions4_key.rt","global_instructions4_key.duration","stake_instructions_key.keys","stake_instructions_key.rt","stake_instructions_key.duration","global_instructions5_key.keys","global_instructions5_key.rt","global_instructions5_key.duration","p_fixation_2.started","p_fixation_2.stopped","p_step1_keyresp.keys","p_step1_keyresp.rt","p_step1_keyresp.duration","p_step2_keyresp.keys","p_step2_keyresp.rt","p_step2_keyresp.duration","p_step1_pair_index","p_step1_stimLeft_name","p_step1_stimLeft_pair","p_step1_stimLeft_reward","p_step1_stimLeft_step2Stim","p_step1_stimLeft_step2Basket","p_step1_stimRight_name","p_step1_stimRight_pair","p_step1_stimRight_reward","p_step1_stimRight_step2Stim","p_step1_stimRight_step2Basket","p_points","t_mult","p_fail_step1","p_fail_step2","p_reward_flag","p_step1_choice","p_step2_stim","p_step2_basket","p_score","practice.thisRepN","practice.thisTrialN","practice.thisN","practice.thisIndex","practice.ran","pair_index","p_mult","p_failStep2_keyresp.keys","p_failStep2_keyresp.rt","p_failStep2_keyresp.duration","obs_instructions_1_key.keys","obs_instructions_1_key.rt","obs_instructions_1_key.duration","obs_instructions_2_key.keys","obs_instructions_2_key.rt","obs_instructions_2_key.duration","obs_stim_left","obs_stim_right","obs_step1_key","obs_step1_RT","obs_step2_forest","obs_step2_basket","obs_step2_RT","obs_mult","obs_points","obs_score","obs_AC_flag","obs_AC_step1_flag","obs_AC_step2_flag","obs_AC_mistake_flag","obs_AC_no_answer_flag","obs_AC_step2_no_answer_flag","obs_AC_counter","good_answer","obs_attention_check_fail","obs.thisRepN","obs.thisTrialN","obs.thisN","obs.thisIndex","obs.ran","obs_attention_check_step2_keyresp.keys","obs_attention_check_step1_keyresp.keys","obs_attention_check_step1_keyresp.rt","obs_attention_check_step1_keyresp.duration","obs_attention_check_step2_keyresp.rt","obs_attention_check_step2_keyresp.duration","t_instructions_keyresp.keys","t_instructions_keyresp.rt","t_instructions_keyresp.duration","t_instructions_2_keyresp.keys","t_instructions_2_keyresp.rt","t_instructions_2_keyresp.duration","t_step1_keyresp.keys","t_step1_keyresp.rt","t_step1_keyresp.duration","t_step2_keyresp.keys","t_step2_keyresp.rt","t_step2_keyresp.duration","t_step1_pair_index","t_step1_stimLeft_name","t_step1_stimLeft_pair","t_step1_stimLeft_reward","t_step1_stimLeft_step2Stim","t_step1_stimLeft_step2Basket","t_step1_stimRight_name","t_step1_stimRight_pair","t_step1_stimRight_reward","t_step1_stimRight_step2Stim","t_step1_stimRight_step2Basket","t_points","t_fail_step1","t_fail_step2","t_reward_flag","t_step1_choice","t_step2_stim","t_step2_basket","globa_score","t_data_stimWalk0","t_data_stimWalk1","trials.thisRepN","trials.thisTrialN","trials.thisN","trials.thisIndex","trials.ran","break_key_resp.keys","break_key_resp.rt","break_key_resp.duration","t_recording.started","t_recording.stopped","pl_global_instructions_keyresp.keys","pl_global_instructions_keyresp.rt","pl_global_instructions_keyresp.duration","pl1_instructions1_keyresp.keys","pl1_instructions1_keyresp.rt","pl1_instructions1_keyresp.duration","pl1_instructions2_keyresp.keys","pl1_instructions2_keyresp.rt","pl1_instructions2_keyresp.duration","pl1_instructions3_keyresp.keys","pl1_instructions3_keyresp.rt","pl1_instructions3_keyresp.duration","pl1_instructions4_keyresp.keys","pl1_instructions4_keyresp.rt","pl1_instructions4_keyresp.duration","pl1_task_lickert.response","pl1_task_lickert.rt","pl1_task_confidence_lickert.response","pl1_task_confidence_lickert.rt","pl1_task_keyresp.keys","pl1_task_keyresp.rt","pl1_task_keyresp.duration","pl1_task_stimLeft","pl1_task_stimRight","pl1_loop.thisRepN","pl1_loop.thisTrialN","pl1_loop.thisN","pl1_loop.thisIndex","pl1_loop.ran","stimLeft_index","stimRight_index","pl2_instructions_keyresp.keys","pl2_instructions_keyresp.rt","pl2_instructions_keyresp.duration","pl2_task_lickert.response","pl2_task_lickert.rt","pl2_task_confidence_lickert.response","pl2_task_confidence_lickert.rt","pl2_task_keyresp.keys","pl2_task_keyresp.rt","pl2_task_keyresp.duration","pl2_task_gnome","pl2_task_forest","pl2_task_basket","pl2_loop.thisRepN","pl2_loop.thisTrialN","pl2_loop.thisN","pl2_loop.thisIndex","pl2_loop.ran","gnome_id","forest_id","end_keyresp.keys","end_keyresp.rt","end_keyresp.duration","passed_attention_check_loop.thisRepN","passed_attention_check_loop.thisTrialN","passed_attention_check_loop.thisN","passed_attention_check_loop.thisIndex","passed_attention_check_loop.ran","show_trials.thisRepN","show_trials.thisTrialN","show_trials.thisN","show_trials.thisIndex","show_trials.ran"
"63ea6fd5f35892d3e2c6e16c","brown_gnome","ressources/step1_stim1.png",4,"ressources/step1_tallGnome_deact.png","bright_forest","ressources/step2_background1.png","yellow_basket","ressources/step2_stim1.png","purple_gnome","ressources/step1_stim2.png",3,"ressources/step1_tallGnome_deact.png","bright_forest","ressources/step2_background1.png","yellow_basket","ressources/step2_stim1.png","pink_gnome","ressources/step1_stim3.png",2,"ressources/step1_tallGnome_deact.png","dark_forest","ressources/step2_background2.png","red_basket","ressources/step2_stim2.png","blue_gnome","ressources/step1_stim4.png",2,"ressources/step1_tallGnome_deact.png","bright_forest","ressources/step2_background1.png","yellow_basket","ressources/step2_stim1.png","green_gnome","ressources/step1_stim5.png",4,"ressources/step1_smallGnome_deact.png","dark_forest","ressources/step2_background2.png","red_basket","ressources/step2_stim2.png","red_gnome","ressources/step1_stim6.png",1,"ressources/step1_smallGnome_deact.png","bright_forest","ressources/step2_background1.png","yellow_basket","ressources/step2_stim1.png","yellow_gnome","ressources/step1_stim7.png",3,"ressources/step1_smallGnome_deact.png","dark_forest","ressources/step2_background2.png","red_basket","ressources/step2_stim2.png","orange_gnome","ressources/step1_stim8.png",1,"ressources/step1_smallGnome_deact.png","dark_forest","ressources/step2_background2.png","red_basket","ressources/step2_stim2.png","[52,27,51,74,33,10,13,20,53,68]",88535,1,"2024-11-08_17h26.42.153","experiment","2023.2.3","Win32",60.60606061,"665dd746f5ea0c66ebd85edb","672ddd4f09d6fb6d26d998b2","672e49312ba62b1363744c47","",,,"",,,"",,,"",,,"",,,"",,,"",,,,,"",,,"",,,,"",,,"","","",,,"","",,,,,,"","","",,,,,,,,,"",,,"",,,"",,,"","","",,"","",,,,,,,,,,,,"",,,,,,,"","",,,,,"",,,"",,,"",,,"",,,,"",,,"","","",,,"","",,,,,"","","",,,,,,,,,"",,,,,"",,,"",,,"",,,"",,,"",,,,,,,"",,,"","",,,,,,,,"",,,,,,,"",,,"","","",,,,,,,,"",,,,,,,,,,,,
"","","",,"","","","","","","",,"","","","","","","",,"","","","","","","",,"","","","","","","",,"","","","","","","",,"","","","","","","",,"","","","","","","",,"","","","","","",88535,1,"2024-11-08_17h26.42.153","experiment","2023.2.3","Win32",60.60606061,"665dd746f5ea0c66ebd85edb","672ddd4f09d6fb6d26d998b2","672e49312ba62b1363744c47","y",40.3809,,"",,,"",,,"",,,"",,,"",,,"",,,,,"",,,"",,,,"",,,"","","",,,"","",,,,,,"","","",,,,,,,,,"",,,"",,,"",,,"","","",,"","",,,,,,,,,,,,"",,,,,,,"","",,,,,"",,,"",,,"",,,"",,,,"",,,"","","",,,"","",,,,,"","","",,,,,,,,,"",,,,,"",,,"",,,"",,,"",,,"",,,,,,,"",,,"","",,,,,,,,"",,,,,,,"",,,"","","",,,,,,,,"",,,,,,,,,,,,
"","","",,"","","","","","","",,"","","","","","","",,"","","","","","","",,"","","","","","","",,"","","","","","","",,"","","","","","","",,"","","","","","","",,"","","","","","",88535,1,"2024-11-08_17h26.42.153","experiment","2023.2.3","Win32",60.60606061,"665dd746f5ea0c66ebd85edb","672ddd4f09d6fb6d26d998b2","672e49312ba62b1363744c47","",,,"space",15.9181,,"space",57.0383,,"space",42.4326,,"space",42.3226,,"space",30.3349,,"space",40.9985,,271.0382,271.5526,"k",0.7265,,"space",0.6784,,1,"p_orange_gnome",1,5,"p_yellow_forest","p_green_basket","p_pink_gnome",1,0,"p_green_forest","p_blue_basket",0,1,0,0,1,"p_pink_gnome","p_green_forest","p_blue_basket",0,0,0,0,0,1,1,1,"",,,"",,,"",,,"","","",,"","",,,,,,,,,,,,"",,,,,,,"","",,,,,"",,,"",,,"",,,"",,,,"",,,"","","",,,"","",,,,,"","","",,,,,,,,,"",,,,,"",,,"",,,"",,,"",,,"",,,,,,,"",,,"","",,,,,,,,"",,,,,,,"",,,"","","",,,,,,,,"",,,,,,,,,,,,
"","","",,"","","","","","","",,"","","","","","","",,"","","","","","","",,"","","","","","","",,"","","","","","","",,"","","","","","","",,"","","","","","","",,"","","","","","",88535,1,"2024-11-08_17h26.42.153","experiment","2023.2.3","Win32",60.60606061,"665dd746f5ea0c66ebd85edb","672ddd4f09d6fb6d26d998b2","672e49312ba62b1363744c47","",,,"",,,"",,,"",,,"",,,"",,,"",,,278.2509,278.762,"s",0.4787,,"space",0.4756,,1,"p_orange_gnome",1,5,"p_yellow_forest","p_green_basket","p_pink_gnome",1,0,"p_green_forest","p_blue_basket",25,5,0,0,1,"p_orange_gnome","p_yellow_forest","p_green_basket",25,0,1,1,2,1,1,5,"",,,"",,,"",,,"","","",,"","",,,,,,,,,,,,"",,,,,,,"","",,,,,"",,,"",,,"",,,"",,,,"",,,"","","",,,"","",,,,,"","","",,,,,,,,,"",,,,,"",,,"",,,"",,,"",,,"",,,,,,,"",,,"","",,,,,,,,"",,,,,,,"",,,"","","",,,,,,,,"",,,,,,,,,,,,
"","","",,"","","","","","","",,"","","","","","","",,"","","","","","","",,"","","","","","","",,"","","","","","","",,"","","","","","","",,"","","","","","","",,"","","","","","",88535,1,"2024-11-08_17h26.42.153","experiment","2023.2.3","Win32",60.60606061,"665dd746f5ea0c66ebd85edb","672ddd4f09d6fb6d26d998b2","672e49312ba62b1363744c47","",,,"",,,"",,,"",,,"",,,"",,,"",,,285.423,285.9274,"s",0.7991,,"space",0.5748,,2,"p_green_gnome",2,0,"p_green_forest","p_blue_basket","p_blue_gnome",2,5,"p_yellow_forest","p_green_basket",0,5,0,0,1,"p_green_gnome","p_green_forest","p_blue_basket",25,0,2,2,3,1,2,5,"",,,"",,,"",,,"","","",,"","",,,,,,,,,,,,"",,,,,,,"","",,,,,"",,,"",,,"",,,"",,,,"",,,"","","",,,"","",,,,,"","","",,,,,,,,,"",,,,,"",,,"",,,"",,,"",,,"",,,,,,,"",,,"","",,,,,,,,"",,,,,,,"",,,"","","",,,,,,,,"",,,,,,,,,,,,
"","","",,"","","","","","","",,"","","","","","","",,"","","","","","","",,"","","","","","","",,"","","","","","","",,"","","","","","","",,"","","","","","","",,"","","","","","",88535,1,"2024-11-08_17h26.42.153","experiment","2023.2.3","Win32",60.60606061,"665dd746f5ea0c66ebd85edb","672ddd4f09d6fb6d26d998b2","672e49312ba62b1363744c47","",,,"",,,"",,,"",,,"",,,"",,,"",,,292.56,293.0691,"s",0.6115,,"space",0.478,,2,"p_green_gnome",2,0,"p_green_forest","p_blue_basket","p_blue_gnome",2,5,"p_yellow_forest","p_green_basket",0,1,0,0,1,"p_green_gnome","p_green_forest","p_blue_basket",25,0,3,3,1,1,2,1,"",,,"",,,"",,,"","","",,"","",,,,,,,,,,,,"",,,,,,,"","",,,,,"",,,"",,,"",,,"",,,,"",,,"","","",,,"","",,,,,"","","",,,,,,,,,"",,,,,"",,,"",,,"",,,"",,,"",,,,,,,"",,,"","",,,,,,,,"",,,,,,,"",,,"","","",,,,,,,,"",,,,,,,,,,,,
"","","",,"","","","","","","",,"","","","","","","",,"","","","","","","",,"","","","","","","",,"","","","","","","",,"","","","","","","",,"","","","","","","",,"","","","","","",88535,1,"2024-11-08_17h26.42.153","experiment","2023.2.3","Win32",60.60606061,"665dd746f5ea0c66ebd85edb","672ddd4f09d6fb6d26d998b2","672e49312ba62b1363744c47","",,,"",,,"",,,"",,,"",,,"",,,"",,,299.6466,300.1567,"k",0.5325,,"space",0.4353,,1,"p_pink_gnome",1,1,"p_green_forest","p_blue_basket","p_orange_gnome",1,6,"p_yellow_forest","p_green_basket",30,5,0,0,1,"p_orange_gnome","p_yellow_forest","p_green_basket",55,1,0,4,2,1,1,5,"",,,"",,,"",,,"","","",,"","",,,,,,,,,,,,"",,,,,,,"","",,,,,"",,,"",,,"",,,"",,,,"",,,"","","",,,"","",,,,,"","","",,,,,,,,,"",,,,,"",,,"",,,"",,,"",,,"",,,,,,,"",,,"","",,,,,,,,"",,,,,,,"",,,"","","",,,,,,,,"",,,,,,,,,,,,
"","","",,"","","","","","","",,"","","","","","","",,"","","","","","","",,"","","","","","","",,"","","","","","","",,"","","","","","","",,"","","","","","","",,"","","","","","",88535,1,"2024-11-08_17h26.42.153","experiment","2023.2.3","Win32",60.60606061,"665dd746f5ea0c66ebd85edb","672ddd4f09d6fb6d26d998b2","672e49312ba62b1363744c47","",,,"",,,"",,,"",,,"",,,"",,,"",,,306.7352,307.2486,"k",0.5767,,"",,,2,"p_green_gnome",2,1,"p_green_forest","p_blue_basket","p_blue_gnome",2,6,"p_yellow_forest","p_green_basket",0,5,0,1,0,"p_blue_gnome","p_yellow_forest","p_green_basket",55,1,1,5,3,1,2,5,"space",0.3409,,"",,,"",,,"","","",,"","",,,,,,,,,,,,"",,,,,,,"","",,,,,"",,,"",,,"",,,"",,,,"",,,"","","",,,"","",,,,,"","","",,,,,,,,,"",,,,,"",,,"",,,"",,,"",,,"",,,,,,,"",,,"","",,,,,,,,"",,,,,,,"",,,"","","",,,,,,,,"",,,,,,,,,,,,
"","","",,"","","","","","","",,"","","","","","","",,"","","","","","","",,"","","","","","","",,"","","","","","","",,"","","","","","","",,"","","","","","","",,"","","","","","",88535,1,"2024-11-08_17h26.42.153","experiment","2023.2.3","Win32",60.60606061,"665dd746f5ea0c66ebd85edb","672ddd4f09d6fb6d26d998b2","672e49312ba62b1363744c47","",,,"",,,"",,,"",,,"",,,"",,,"",,,312.2279,312.7356,"k",0.7974,,"space",0.3626,,2,"p_green_gnome",2,1,"p_green_forest","p_blue_basket","p_blue_gnome",2,6,"p_yellow_forest","p_green_basket",6,1,0,0,1,"p_blue_gnome","p_yellow_forest","p_green_basket",61,1,2,6,1,1,2,1,"",,,"",,,"",,,"","","",,"","",,,,,,,,,,,,"",,,,,,,"","",,,,,"",,,"",,,"",,,"",,,,"",,,"","","",,,"","",,,,,"","","",,,,,,,,,"",,,,,"",,,"",,,"",,,"",,,"",,,,,,,"",,,"","",,,,,,,,"",,,,,,,"",,,"","","",,,,,,,,"",,,,,,,,,,,,
"","","",,"","","","","","","",,"","","","","","","",,"","","","","","","",,"","","","","","","",,"","","","","","","",,"","","","","","","",,"","","","","","","",,"","","","","","",88535,1,"2024-11-08_17h26.42.153","experiment","2023.2.3","Win32",60.60606061,"665dd746f5ea0c66ebd85edb","672ddd4f09d6fb6d26d998b2","672e49312ba62b1363744c47","",,,"",,,"",,,"",,,"",,,"",,,"",,,319.3639,319.8766,"s",0.53,,"space",0.7411,,1,"p_pink_gnome",1,1,"p_green_forest","p_blue_basket","p_orange_gnome",1,6,"p_yellow_forest","p_green_basket",1,1,0,0,1,"p_pink_gnome","p_green_forest","p_blue_basket",62,1,3,7,0,1,1,1,"",,,"",,,"",,,"","","",,"","",,,,,,,,,,,,"",,,,,,,"","",,,,,"",,,"",,,"",,,"",,,,"",,,"","","",,,"","",,,,,"","","",,,,,,,,,"",,,,,"",,,"",,,"",,,"",,,"",,,,,,,"",,,"","",,,,,,,,"",,,,,,,"",,,"","","",,,,,,,,"",,,,,,,,,,,,
"","","",,"","","","","","","",,"","","","","","","",,"","","","","","","",,"","","","","","","",,"","","","","","","",,"","","","","","","",,"","","","","","","",,"","","","","","",88535,1,"2024-11-08_17h26.42.153","experiment","2023.2.3","Win32",60.60606061,"665dd746f5ea0c66ebd85edb","672ddd4f09d6fb6d26d998b2","672e49312ba62b1363744c47","",,,"",,,"",,,"",,,"",,,"",,,"",,,326.5119,327.0206,"k",0.4526,,"space",0.6162,,2,"p_blue_gnome",2,7,"p_yellow_forest","p_green_basket","p_green_gnome",2,2,"p_green_forest","p_blue_basket",10,5,0,0,1,"p_green_gnome","p_green_forest","p_blue_basket",72,2,0,8,3,1,2,5,"",,,"",,,"",,,"","","",,"","",,,,,,,,,,,,"",,,,,,,"","",,,,,"",,,"",,,"",,,"",,,,"",,,"","","",,,"","",,,,,"","","",,,,,,,,,"",,,,,"",,,"",,,"",,,"",,,"",,,,,,,"",,,"","",,,,,,,,"",,,,,,,"",,,"","","",,,,,,,,"",,,,,,,,,,,,
"","","",,"","","","","","","",,"","","","","","","",,"","","","","","","",,"","","","","","","",,"","","","","","","",,"","","","","","","",,"","","","","","","",,"","","","","","",88535,1,"2024-11-08_17h26.42.153","experiment","2023.2.3","Win32",60.60606061,"665dd746f5ea0c66ebd85edb","672ddd4f09d6fb6d26d998b2","672e49312ba62b1363744c47","",,,"",,,"",,,"",,,"",,,"",,,"",,,333.627,334.1376,"k",0.6786,,"space",1.258,,1,"p_orange_gnome",1,7,"p_yellow_forest","p_green_basket","p_pink_gnome",1,2,"p_green_forest","p_blue_basket",10,5,0,0,1,"p_pink_gnome","p_green_forest","p_blue_basket",82,2,1,9,2,1,1,5,"",,,"",,,"",,,"","","",,"","",,,,,,,,,,,,"",,,,,,,"","",,,,,"",,,"",,,"",,,"",,,,"",,,"","","",,,"","",,,,,"","","",,,,,,,,,"",,,,,"",,,"",,,"",,,"",,,"",,,,,,,"",,,"","",,,,,,,,"",,,,,,,"",,,"","","",,,,,,,,"",,,,,,,,,,,,
"","","",,"","","","","","","",,"","","","","","","",,"","","","","","","",,"","","","","","","",,"","","","","","","",,"","","","","","","",,"","","","","","","",,"","","","","","",88535,1,"2024-11-08_17h26.42.153","experiment","2023.2.3","Win32",60.60606061,"665dd746f5ea0c66ebd85edb","672ddd4f09d6fb6d26d998b2","672e49312ba62b1363744c47","",,,"",,,"",,,"",,,"",,,"",,,"",,,340.7644,341.2739,"k",0.6603,,"space",0.4969,,2,"p_green_gnome",2,2,"p_green_forest","p_blue_basket","p_blue_gnome",2,7,"p_yellow_forest","p_green_basket",7,1,0,0,1,"p_blue_gnome","p_yellow_forest","p_green_basket",89,2,2,10,1,1,2,1,"",,,"",,,"",,,"","","",,"","",,,,,,,,,,,,"",,,,,,,"","",,,,,"",,,"",,,"",,,"",,,,"",,,"","","",,,"","",,,,,"","","",,,,,,,,,"",,,,,"",,,"",,,"",,,"",,,"",,,,,,,"",,,"","",,,,,,,,"",,,,,,,"",,,"","","",,,,,,,,"",,,,,,,,,,,,
"","","",,"","","","","","","",,"","","","","","","",,"","","","","","","",,"","","","","","","",,"","","","","","","",,"","","","","","","",,"","","","","","","",,"","","","","","",88535,1,"2024-11-08_17h26.42.153","experiment","2023.2.3","Win32",60.60606061,"665dd746f5ea0c66ebd85edb","672ddd4f09d6fb6d26d998b2","672e49312ba62b1363744c47","",,,"",,,"",,,"",,,"",,,"",,,"",,,347.9659,348.4819,"s",0.5482,,"space",0.3676,,1,"p_pink_gnome",1,2,"p_green_forest","p_blue_basket","p_orange_gnome",1,7,"p_yellow_forest","p_green_basket",2,1,0,0,1,"p_pink_gnome","p_green_forest","p_blue_basket",91,2,3,11,0,1,1,1,"",,,"",,,"",,,"","","",,"","",,,,,,,,,,,,"",,,,,,,"","",,,,,"",,,"",,,"",,,"",,,,"",,,"","","",,,"","",,,,,"","","",,,,,,,,,"",,,,,"",,,"",,,"",,,"",,,"",,,,,,,"",,,"","",,,,,,,,"",,,,,,,"",,,"","","",,,,,,,,"",,,,,,,,,,,,
"","","",,"","","","","","","",,"","","","","","","",,"","","","","","","",,"","","","","","","",,"","","","","","","",,"","","","","","","",,"","","","","","","",,"","","","","","",88535,1,"2024-11-08_17h26.42.153","experiment","2023.2.3","Win32",60.60606061,"665dd746f5ea0c66ebd85edb","672ddd4f09d6fb6d26d998b2","672e49312ba62b1363744c47","",,,"",,,"",,,"",,,"",,,"",,,"",,,355.117,355.6201,"k",0.532,,"space",0.8298,,1,"p_pink_gnome",1,3,"p_green_forest","p_blue_basket","p_orange_gnome",1,8,"p_yellow_forest","p_green_basket",40,5,0,0,1,"p_orange_gnome","p_yellow_forest","p_green_basket",131,3,0,12,2,1,1,5,"",,,"",,,"",,,"","","",,"","",,,,,,,,,,,,"",,,,,,,"","",,,,,"",,,"",,,"",,,"",,,,"",,,"","","",,,"","",,,,,"","","",,,,,,,,,"",,,,,"",,,"",,,"",,,"",,,"",,,,,,,"",,,"","",,,,,,,,"",,,,,,,"",,,"","","",,,,,,,,"",,,,,,,,,,,,
"","","",,"","","","","","","",,"","","","","","","",,"","","","","","","",,"","","","","","","",,"","","","","","","",,"","","","","","","",,"","","","","","","",,"","","","","","",88535,1,"2024-11-08_17h26.42.153","experiment","2023.2.3","Win32",60.60606061,"665dd746f5ea0c66ebd85edb","672ddd4f09d6fb6d26d998b2","672e49312ba62b1363744c47","",,,"",,,"",,,"",,,"",,,"",,,"",,,362.2396,362.7516,"s",0.4862,,"space",0.662,,2,"p_green_gnome",2,3,"p_green_forest","p_blue_basket","p_blue_gnome",2,8,"p_yellow_forest","p_green_basket",3,1,0,0,1,"p_green_gnome","p_green_forest","p_blue_basket",134,3,1,13,1,1,2,1,"",,,"",,,"",,,"","","",,"","",,,,,,,,,,,,"",,,,,,,"","",,,,,"",,,"",,,"",,,"",,,,"",,,"","","",,,"","",,,,,"","","",,,,,,,,,"",,,,,"",,,"",,,"",,,"",,,"",,,,,,,"",,,"","",,,,,,,,"",,,,,,,"",,,"","","",,,,,,,,"",,,,,,,,,,,,
"","","",,"","","","","","","",,"","","","","","","",,"","","","","","","",,"","","","","","","",,"","","","","","","",,"","","","","","","",,"","","","","","","",,"","","","","","",88535,1,"2024-11-08_17h26.42.153","experiment","2023.2.3","Win32",60.60606061,"665dd746f5ea0c66ebd85edb","672ddd4f09d6fb6d26d998b2","672e49312ba62b1363744c47","",,,"",,,"",,,"",,,"",,,"",,,"",,,369.3867,369.8895,"k",0.5496,,"space",0.4516,,1,"p_orange_gnome",1,8,"p_yellow_forest","p_green_basket","p_pink_gnome",1,3,"p_green_forest","p_blue_basket",3,1,0,0,1,"p_pink_gnome","p_green_forest","p_blue_basket",137,3,2,14,0,1,1,1,"",,,"",,,"",,,"","","",,"","",,,,,,,,,,,,"",,,,,,,"","",,,,,"",,,"",,,"",,,"",,,,"",,,"","","",,,"","",,,,,"","","",,,,,,,,,"",,,,,"",,,"",,,"",,,"",,,"",,,,,,,"",,,"","",,,,,,,,"",,,,,,,"",,,"","","",,,,,,,,"",,,,,,,,,,,,
"","","",,"","","","","","","",,"","","","","","","",,"","","","","","","",,"","","","","","","",,"","","","","","","",,"","","","","","","",,"","","","","","","",,"","","","","","",88535,1,"2024-11-08_17h26.42.153","experiment","2023.2.3","Win32",60.60606061,"665dd746f5ea0c66ebd85edb","672ddd4f09d6fb6d26d998b2","672e49312ba62b1363744c47","",,,"",,,"",,,"",,,"",,,"",,,"",,,376.5103,377.0199,"k",0.4724,,"space",0.6297,,1,"p_pink_gnome",1,3,"p_green_forest","p_blue_basket","p_orange_gnome",1,8,"p_yellow_forest","p_green_basket",40,5,0,0,1,"p_orange_gnome","p_yellow_forest","p_green_basket",177,3,3,15,2,1,1,5,"",,,"",,,"",,,"","","",,"","",,,,,,,,,,,,"",,,,,,,"","",,,,,"",,,"",,,"",,,"",,,,"",,,"","","",,,"","",,,,,"","","",,,,,,,,,"",,,,,"",,,"",,,"",,,"",,,"",,,,,,,"",,,"","",,,,,,,,"",,,,,,,"",,,"","","",,,,,,,,"",,,,,,,,,,,,
"","","",,"","","","","","","",,"","","","","","","",,"","","","","","","",,"","","","","","","",,"","","","","","","",,"","","","","","","",,"","","","","","","",,"","","","","","",88535,1,"2024-11-08_17h26.42.153","experiment","2023.2.3","Win32",60.60606061,"665dd746f5ea0c66ebd85edb","672ddd4f09d6fb6d26d998b2","672e49312ba62b1363744c47","",,,"",,,"",,,"",,,"",,,"",,,"",,,383.6546,384.1639,"k",0.4996,,"space",0.3432,,2,"p_green_gnome",2,4,"p_green_forest","p_blue_basket","p_blue_gnome",2,9,"p_yellow_forest","p_green_basket",9,1,0,0,1,"p_blue_gnome","p_yellow_forest","p_green_basket",186,4,0,16,1,1,2,1,"",,,"",,,"",,,"","","",,"","",,,,,,,,,,,,"",,,,,,,"","",,,,,"",,,"",,,"",,,"",,,,"",,,"","","",,,"","",,,,,"","","",,,,,,,,,"",,,,,"",,,"",,,"",,,"",,,"",,,,,,,"",,,"","",,,,,,,,"",,,,,,,"",,,"","","",,,,,,,,"",,,,,,,,,,,,
"","","",,"","","","","","","",,"","","","","","","",,"","","","","","","",,"","","","","","","",,"","","","","","","",,"","","","","","","",,"","","","","","","",,"","","","","","",88535,1,"2024-11-08_17h26.42.153","experiment","2023.2.3","Win32",60.60606061,"665dd746f5ea0c66ebd85edb","672ddd4f09d6fb6d26d998b2","672e49312ba62b1363744c47","",,,"",,,"",,,"",,,"",,,"",,,"",,,390.8137,391.3181,"k",0.588,,"space",0.2945,,2,"p_blue_gnome",2,9,"p_yellow_forest","p_green_basket","p_green_gnome",2,4,"p_green_forest","p_blue_basket",20,5,0,0,1,"p_green_gnome","p_green_forest","p_blue_basket",206,4,1,17,3,1,2,5,"",,,"",,,"",,,"","","",,"","",,,,,,,,,,,,"",,,,,,,"","",,,,,"",,,"",,,"",,,"",,,,"",,,"","","",,,"","",,,,,"","","",,,,,,,,,"",,,,,"",,,"",,,"",,,"",,,"",,,,,,,"",,,"","",,,,,,,,"",,,,,,,"",,,"","","",,,,,,,,"",,,,,,,,,,,,
"","","",,"","","","","","","",,"","","","","","","",,"","","","","","","",,"","","","","","","",,"","","","","","","",,"","","","","","","",,"","","","","","","",,"","","","","","",88535,1,"2024-11-08_17h26.42.153","experiment","2023.2.3","Win32",60.60606061,"665dd746f5ea0c66ebd85edb","672ddd4f09d6fb6d26d998b2","672e49312ba62b1363744c47","",,,"",,,"",,,"",,,"",,,"",,,"",,,397.9522,398.461,"s",0.4269,,"space",0.3649,,2,"p_green_gnome",2,4,"p_green_forest","p_blue_basket","p_blue_gnome",2,9,"p_yellow_forest","p_green_basket",20,5,0,0,1,"p_green_gnome","p_green_forest","p_blue_basket",226,4,2,18,3,1,2,5,"",,,"",,,"",,,"","","",,"","",,,,,,,,,,,,"",,,,,,,"","",,,,,"",,,"",,,"",,,"",,,,"",,,"","","",,,"","",,,,,"","","",,,,,,,,,"",,,,,"",,,"",,,"",,,"",,,"",,,,,,,"",,,"","",,,,,,,,"",,,,,,,"",,,"","","",,,,,,,,"",,,,,,,,,,,,
"","","",,"","","","","","","",,"","","","","","","",,"","","","","","","",,"","","","","","","",,"","","","","","","",,"","","","","","","",,"","","","","","","",,"","","","","","",88535,1,"2024-11-08_17h26.42.153","experiment","2023.2.3","Win32",60.60606061,"665dd746f5ea0c66ebd85edb","672ddd4f09d6fb6d26d998b2","672e49312ba62b1363744c47","",,,"",,,"",,,"",,,"",,,"",,,"",,,405.0884,405.5925,"s",0.4156,,"space",0.4264,,1,"p_orange_gnome",1,9,"p_yellow_forest","p_green_basket","p_pink_gnome",1,4,"p_green_forest","p_blue_basket",9,1,0,0,1,"p_orange_gnome","p_yellow_forest","p_green_basket",235,4,3,19,0,1,1,1,"",,,"",,,"",,,"","","",,"","",,,,,,,,,,,,"",,,,,,,"","",,,,,"",,,"",,,"",,,"",,,,"",,,"","","",,,"","",,,,,"","","",,,,,,,,,"",,,,,"",,,"",,,"",,,"",,,"",,,,,,,"",,,"","",,,,,,,,"",,,,,,,"",,,"","","",,,,,,,,"",,,,,,,,,,,,
"","","",,"","","","","","","",,"","","","","","","",,"","","","","","","",,"","","","","","","",,"","","","","","","",,"","","","","","","",,"","","","","","","",,"","","","","","",88535,1,"2024-11-08_17h26.42.153","experiment","2023.2.3","Win32",60.60606061,"665dd746f5ea0c66ebd85edb","672ddd4f09d6fb6d26d998b2","672e49312ba62b1363744c47","",,,"",,,"",,,"",,,"",,,"",,,"",,,,,"",,,"",,,,"",,,"","","",,,"","",,,,,,"","","",,,,,,,,,"",,,"space",47.7124,,"space",64.7615,,"ressources/step1_stim3.png","ressources/step1_stim4.png","k",0.5792,"ressources/step2_background1.png","ressources/step2_stim1.png",0.5636,1,2,2690,0,0,0,0,0,0,0,"s",0,0,0,0,0,1,"","",,,,,"",,,"",,,"",,,"",,,,"",,,"","","",,,"","",,,,,"","","",,,,,,,,,"",,,,,"",,,"",,,"",,,"",,,"",,,,,,,"",,,"","",,,,,,,,"",,,,,,,"",,,"","","",,,,,,,,"",,,,,,,,,,,,
"","","",,"","","","","","","",,"","","","","","","",,"","","","","","","",,"","","","","","","",,"","","","","","","",,"","","","","","","",,"","","","","","","",,"","","","","","",88535,1,"2024-11-08_17h26.42.153","experiment","2023.2.3","Win32",60.60606061,"665dd746f5ea0c66ebd85edb","672ddd4f09d6fb6d26d998b2","672e49312ba62b1363744c47","",,,"",,,"",,,"",,,"",,,"",,,"",,,,,"",,,"",,,,"",,,"","","",,,"","",,,,,,"","","",,,,,,,,,"",,,"",,,"",,,"ressources/step1_stim7.png","ressources/step1_stim2.png","s",0.3264,"ressources/step2_background2.png","ressources/step2_stim2.png",0.3087,5,5,2695,0,0,0,0,0,0,0,"s",0,1,0,1,0,1,"","",,,,,"",,,"",,,"",,,"",,,,"",,,"","","",,,"","",,,,,"","","",,,,,,,,,"",,,,,"",,,"",,,"",,,"",,,"",,,,,,,"",,,"","",,,,,,,,"",,,,,,,"",,,"","","",,,,,,,,"",,,,,,,,,,,,
"","","",,"","","","","","","",,"","","","","","","",,"","","","","","","",,"","","","","","","",,"","","","","","","",,"","","","","","","",,"","","","","","","",,"","","","","","",88535,1,"2024-11-08_17h26.42.153","experiment","2023.2.3","Win32",60.60606061,"665dd746f5ea0c66ebd85edb","672ddd4f09d6fb6d26d998b2","672e49312ba62b1363744c47","",,,"",,,"",,,"",,,"",,,"",,,"",,,,,"",,,"",,,,"",,,"","","",,,"","",,,,,,"","","",,,,,,,,,"",,,"",,,"",,,"ressources/step1_stim8.png","ressources/step1_stim6.png","k",0.3425,"ressources/step2_background1.png","ressources/step2_stim1.png",0.423,1,1,2696,0,0,0,0,0,0,0,"s",0,2,0,2,0,1,"","",,,,,"",,,"",,,"",,,"",,,,"",,,"","","",,,"","",,,,,"","","",,,,,,,,,"",,,,,"",,,"",,,"",,,"",,,"",,,,,,,"",,,"","",,,,,,,,"",,,,,,,"",,,"","","",,,,,,,,"",,,,,,,,,,,,
"","","",,"","","","","","","",,"","","","","","","",,"","","","","","","",,"","","","","","","",,"","","","","","","",,"","","","","","","",,"","","","","","","",,"","","","","","",88535,1,"2024-11-08_17h26.42.153","experiment","2023.2.3","Win32",60.60606061,"665dd746f5ea0c66ebd85edb","672ddd4f09d6fb6d26d998b2","672e49312ba62b1363744c47","",,,"",,,"",,,"",,,"",,,"",,,"",,,,,"",,,"",,,,"",,,"","","",,,"","",,,,,,"","","",,,,,,,,,"",,,"",,,"",,,"ressources/step1_stim3.png","ressources/step1_stim4.png","s",0.3164,"ressources/step2_background2.png","ressources/step2_stim2.png",0.2553,5,20,2716,0,0,0,0,0,0,0,"k",0,3,0,3,0,1,"","",,,,,"",,,"",,,"",,,"",,,,"",,,"","","",,,"","",,,,,"","","",,,,,,,,,"",,,,,"",,,"",,,"",,,"",,,"",,,,,,,"",,,"","",,,,,,,,"",,,,,,,"",,,"","","",,,,,,,,"",,,,,,,,,,,,
"","","",,"","","","","","","",,"","","","","","","",,"","","","","","","",,"","","","","","","",,"","","","","","","",,"","","","","","","",,"","","","","","","",,"","","","","","",88535,1,"2024-11-08_17h26.42.153","experiment","2023.2.3","Win32",60.60606061,"665dd746f5ea0c66ebd85edb","672ddd4f09d6fb6d26d998b2","672e49312ba62b1363744c47","",,,"",,,"",,,"",,,"",,,"",,,"",,,,,"",,,"",,,,"",,,"","","",,,"","",,,,,,"","","",,,,,,,,,"",,,"",,,"",,,"ressources/step1_stim8.png","ressources/step1_stim6.png","k",0.3562,"ressources/step2_background1.png","ressources/step2_stim1.png",0.3333,5,20,2736,0,0,0,0,0,0,0,"k",0,4,0,4,0,1,"","",,,,,"",,,"",,,"",,,"",,,,"",,,"","","",,,"","",,,,,"","","",,,,,,,,,"",,,,,"",,,"",,,"",,,"",,,"",,,,,,,"",,,"","",,,,,,,,"",,,,,,,"",,,"","","",,,,,,,,"",,,,,,,,,,,,
"","","",,"","","","","","","",,"","","","","","","",,"","","","","","","",,"","","","","","","",,"","","","","","","",,"","","","","","","",,"","","","","","","",,"","","","","","",88535,1,"2024-11-08_17h26.42.153","experiment","2023.2.3","Win32",60.60606061,"665dd746f5ea0c66ebd85edb","672ddd4f09d6fb6d26d998b2","672e49312ba62b1363744c47","",,,"",,,"",,,"",,,"",,,"",,,"",,,,,"",,,"",,,,"",,,"","","",,,"","",,,,,,"","","",,,,,,,,,"",,,"",,,"",,,"ressources/step1_stim4.png","ressources/step1_stim3.png","s",0.2922,"ressources/step2_background1.png","ressources/step2_stim1.png",0.526,1,2,2738,0,0,0,0,0,0,0,"s",0,5,0,5,0,1,"","",,,,,"",,,"",,,"",,,"",,,,"",,,"","","",,,"","",,,,,"","","",,,,,,,,,"",,,,,"",,,"",,,"",,,"",,,"",,,,,,,"",,,"","",,,,,,,,"",,,,,,,"",,,"","","",,,,,,,,"",,,,,,,,,,,,
"","","",,"","","","","","","",,"","","","","","","",,"","","","","","","",,"","","","","","","",,"","","","","","","",,"","","","","","","",,"","","","","","","",,"","","","","","",88535,1,"2024-11-08_17h26.42.153","experiment","2023.2.3","Win32",60.60606061,"665dd746f5ea0c66ebd85edb","672ddd4f09d6fb6d26d998b2","672e49312ba62b1363744c47","",,,"",,,"",,,"",,,"",,,"",,,"",,,,,"",,,"",,,,"",,,"","","",,,"","",,,,,,"","","",,,,,,,,,"",,,"",,,"",,,"ressources/step1_stim5.png","ressources/step1_stim1.png","k",0.3005,"ressources/step2_background1.png","ressources/step2_stim1.png",0.5409,5,30,2768,0,0,0,0,0,0,0,"k",0,6,0,6,0,1,"","",,,,,"",,,"",,,"",,,"",,,,"",,,"","","",,,"","",,,,,"","","",,,,,,,,,"",,,,,"",,,"",,,"",,,"",,,"",,,,,,,"",,,"","",,,,,,,,"",,,,,,,"",,,"","","",,,,,,,,"",,,,,,,,,,,,
"","","",,"","","","","","","",,"","","","","","","",,"","","","","","","",,"","","","","","","",,"","","","","","","",,"","","","","","","",,"","","","","","","",,"","","","","","",88535,1,"2024-11-08_17h26.42.153","experiment","2023.2.3","Win32",60.60606061,"665dd746f5ea0c66ebd85edb","672ddd4f09d6fb6d26d998b2","672e49312ba62b1363744c47","",,,"",,,"",,,"",,,"",,,"",,,"",,,,,"",,,"",,,,"",,,"","","",,,"","",,,,,,"","","",,,,,,,,,"",,,"",,,"",,,"ressources/step1_stim7.png","ressources/step1_stim2.png","s",0.4561,"ressources/step2_background2.png","ressources/step2_stim2.png",0.5271,1,0,2768,0,0,0,0,0,0,0,"s",0,7,0,7,0,1,"","",,,,,"",,,"",,,"",,,"",,,,"",,,"","","",,,"","",,,,,"","","",,,,,,,,,"",,,,,"",,,"",,,"",,,"",,,"",,,,,,,"",,,"","",,,,,,,,"",,,,,,,"",,,"","","",,,,,,,,"",,,,,,,,,,,,
"","","",,"","","","","","","",,"","","","","","","",,"","","","","","","",,"","","","","","","",,"","","","","","","",,"","","","","","","",,"","","","","","","",,"","","","","","",88535,1,"2024-11-08_17h26.42.153","experiment","2023.2.3","Win32",60.60606061,"665dd746f5ea0c66ebd85edb","672ddd4f09d6fb6d26d998b2","672e49312ba62b1363744c47","",,,"",,,"",,,"",,,"",,,"",,,"",,,,,"",,,"",,,,"",,,"","","",,,"","",,,,,,"","","",,,,,,,,,"",,,"",,,"",,,"ressources/step1_stim6.png","ressources/step1_stim8.png","k",0.3781,"ressources/step2_background2.png","ressources/step2_stim2.png",0.4671,5,15,2783,0,0,0,0,0,0,0,"k",0,8,0,8,0,1,"","",,,,,"",,,"",,,"",,,"",,,,"",,,"","","",,,"","",,,,,"","","",,,,,,,,,"",,,,,"",,,"",,,"",,,"",,,"",,,,,,,"",,,"","",,,,,,,,"",,,,,,,"",,,"","","",,,,,,,,"",,,,,,,,,,,,
"","","",,"","","","","","","",,"","","","","","","",,"","","","","","","",,"","","","","","","",,"","","","","","","",,"","","","","","","",,"","","","","","","",,"","","","","","",88535,1,"2024-11-08_17h26.42.153","experiment","2023.2.3","Win32",60.60606061,"665dd746f5ea0c66ebd85edb","672ddd4f09d6fb6d26d998b2","672e49312ba62b1363744c47","",,,"",,,"",,,"",,,"",,,"",,,"",,,,,"",,,"",,,,"",,,"","","",,,"","",,,,,,"","","",,,,,,,,,"",,,"",,,"",,,"ressources/step1_stim1.png","ressources/step1_stim5.png","s",0.407,"ressources/step2_background1.png","ressources/step2_stim1.png",0.3647,1,7,2790,0,0,0,0,0,0,0,"k",0,9,0,9,0,1,"","",,,,,"",,,"",,,"",,,"",,,,"",,,"","","",,,"","",,,,,"","","",,,,,,,,,"",,,,,"",,,"",,,"",,,"",,,"",,,,,,,"",,,"","",,,,,,,,"",,,,,,,"",,,"","","",,,,,,,,"",,,,,,,,,,,,
"","","",,"","","","","","","",,"","","","","","","",,"","","","","","","",,"","","","","","","",,"","","","","","","",,"","","","","","","",,"","","","","","","",,"","","","","","",88535,1,"2024-11-08_17h26.42.153","experiment","2023.2.3","Win32",60.60606061,"665dd746f5ea0c66ebd85edb","672ddd4f09d6fb6d26d998b2","672e49312ba62b1363744c47","",,,"",,,"",,,"",,,"",,,"",,,"",,,,,"",,,"",,,,"",,,"","","",,,"","",,,,,,"","","",,,,,,,,,"",,,"",,,"",,,"ressources/step1_stim5.png","ressources/step1_stim1.png","k",0.4088,"ressources/step2_background1.png","ressources/step2_stim1.png",0.577,5,30,2820,1,0,1,0,0,1,1,"k",1,10,0,10,0,1,"","",,,,,"",,,"",,,"",,,"",,,,"",,,"","","",,,"","",,,,,"","","",,,,,,,,,"",,,,,"",,,"",,,"",,,"",,,"",,,,,,,"",,,"","",,,,,,,,"",,,,,,,"",,,"","","",,,,,,,,"",,,,,,,,,,,,
"","","",,"","","","","","","",,"","","","","","","",,"","","","","","","",,"","","","","","","",,"","","","","","","",,"","","","","","","",,"","","","","","","",,"","","","","","",88535,1,"2024-11-08_17h26.42.153","experiment","2023.2.3","Win32",60.60606061,"665dd746f5ea0c66ebd85edb","672ddd4f09d6fb6d26d998b2","672e49312ba62b1363744c47","",,,"",,,"",,,"",,,"",,,"",,,"",,,,,"",,,"",,,,"",,,"","","",,,"","",,,,,,"","","",,,,,,,,,"",,,"",,,"",,,"ressources/step1_stim5.png","ressources/step1_stim1.png","s",0.5279,"ressources/step2_background2.png","ressources/step2_stim2.png",0.5284,1,4,2824,0,0,0,0,0,0,1,"s",1,11,0,11,0,1,"","",,,,,"",,,"",,,"",,,"",,,,"",,,"","","",,,"","",,,,,"","","",,,,,,,,,"",,,,,"",,,"",,,"",,,"",,,"",,,,,,,"",,,"","",,,,,,,,"",,,,,,,"",,,"","","",,,,,,,,"",,,,,,,,,,,,
"","","",,"","","","","","","",,"","","","","","","",,"","","","","","","",,"","","","","","","",,"","","","","","","",,"","","","","","","",,"","","","","","","",,"","","","","","",88535,1,"2024-11-08_17h26.42.153","experiment","2023.2.3","Win32",60.60606061,"665dd746f5ea0c66ebd85edb","672ddd4f09d6fb6d26d998b2","672e49312ba62b1363744c47","",,,"",,,"",,,"",,,"",,,"",,,"",,,,,"",,,"",,,,"",,,"","","",,,"","",,,,,,"","","",,,,,,,,,"",,,"",,,"",,,"ressources/step1_stim4.png","ressources/step1_stim3.png","k",0.295,"ressources/step2_background2.png","ressources/step2_stim2.png",0.6634,5,30,2854,0,0,0,0,0,0,1,"k",1,12,0,12,0,1,"","",,,,,"",,,"",,,"",,,"",,,,"",,,"","","",,,"","",,,,,"","","",,,,,,,,,"",,,,,"",,,"",,,"",,,"",,,"",,,,,,,"",,,"","",,,,,,,,"",,,,,,,"",,,"","","",,,,,,,,"",,,,,,,,,,,,
"","","",,"","","","","","","",,"","","","","","","",,"","","","","","","",,"","","","","","","",,"","","","","","","",,"","","","","","","",,"","","","","","","",,"","","","","","",88535,1,"2024-11-08_17h26.42.153","experiment","2023.2.3","Win32",60.60606061,"665dd746f5ea0c66ebd85edb","672ddd4f09d6fb6d26d998b2","672e49312ba62b1363744c47","",,,"",,,"",,,"",,,"",,,"",,,"",,,,,"",,,"",,,,"",,,"","","",,,"","",,,,,,"","","",,,,,,,,,"",,,"",,,"",,,"ressources/step1_stim8.png","ressources/step1_stim6.png","s",0.3897,"ressources/step2_background2.png","ressources/step2_stim2.png",1.0401,5,40,2894,1,1,0,0,0,0,2,"k",1,13,0,13,0,1,"","s",2.6034,,,,"",,,"",,,"",,,"",,,,"",,,"","","",,,"","",,,,,"","","",,,,,,,,,"",,,,,"",,,"",,,"",,,"",,,"",,,,,,,"",,,"","",,,,,,,,"",,,,,,,"",,,"","","",,,,,,,,"",,,,,,,,,,,,
"","","",,"","","","","","","",,"","","","","","","",,"","","","","","","",,"","","","","","","",,"","","","","","","",,"","","","","","","",,"","","","","","","",,"","","","","","",88535,1,"2024-11-08_17h26.42.153","experiment","2023.2.3","Win32",60.60606061,"665dd746f5ea0c66ebd85edb","672ddd4f09d6fb6d26d998b2","672e49312ba62b1363744c47","",,,"",,,"",,,"",,,"",,,"",,,"",,,,,"",,,"",,,,"",,,"","","",,,"","",,,,,,"","","",,,,,,,,,"",,,"",,,"",,,"ressources/step1_stim7.png","ressources/step1_stim2.png","k",0.3237,"ressources/step2_background1.png","ressources/step2_stim1.png",0.4378,1,2,2896,0,0,0,0,0,0,2,"s",1,14,0,14,0,1,"","",,,,,"",,,"",,,"",,,"",,,,"",,,"","","",,,"","",,,,,"","","",,,,,,,,,"",,,,,"",,,"",,,"",,,"",,,"",,,,,,,"",,,"","",,,,,,,,"",,,,,,,"",,,"","","",,,,,,,,"",,,,,,,,,,,,
"","","",,"","","","","","","",,"","","","","","","",,"","","","","","","",,"","","","","","","",,"","","","","","","",,"","","","","","","",,"","","","","","","",,"","","","","","",88535,1,"2024-11-08_17h26.42.153","experiment","2023.2.3","Win32",60.60606061,"665dd746f5ea0c66ebd85edb","672ddd4f09d6fb6d26d998b2","672e49312ba62b1363744c47","",,,"",,,"",,,"",,,"",,,"",,,"",,,,,"",,,"",,,,"",,,"","","",,,"","",,,,,,"","","",,,,,,,,,"",,,"",,,"",,,"ressources/step1_stim7.png","ressources/step1_stim2.png","s",0.3079,"ressources/step2_background2.png","ressources/step2_stim2.png",0.3794,1,2,2898,0,0,0,0,0,0,2,"s",1,15,0,15,0,1,"","",,,,,"",,,"",,,"",,,"",,,,"",,,"","","",,,"","",,,,,"","","",,,,,,,,,"",,,,,"",,,"",,,"",,,"",,,"",,,,,,,"",,,"","",,,,,,,,"",,,,,,,"",,,"","","",,,,,,,,"",,,,,,,,,,,,
"","","",,"","","","","","","",,"","","","","","","",,"","","","","","","",,"","","","","","","",,"","","","","","","",,"","","","","","","",,"","","","","","","",,"","","","","","",88535,1,"2024-11-08_17h26.42.153","experiment","2023.2.3","Win32",60.60606061,"665dd746f5ea0c66ebd85edb","672ddd4f09d6fb6d26d998b2","672e49312ba62b1363744c47","",,,"",,,"",,,"",,,"",,,"",,,"",,,,,"",,,"",,,,"",,,"","","",,,"","",,,,,,"","","",,,,,,,,,"",,,"",,,"",,,"ressources/step1_stim6.png","ressources/step1_stim8.png","s",0.3739,"ressources/step2_background1.png","ressources/step2_stim1.png",0.3409,5,20,2918,0,0,0,0,0,0,2,"k",1,16,0,16,0,1,"","",,,,,"",,,"",,,"",,,"",,,,"",,,"","","",,,"","",,,,,"","","",,,,,,,,,"",,,,,"",,,"",,,"",,,"",,,"",,,,,,,"",,,"","",,,,,,,,"",,,,,,,"",,,"","","",,,,,,,,"",,,,,,,,,,,,
"","","",,"","","","","","","",,"","","","","","","",,"","","","","","","",,"","","","","","","",,"","","","","","","",,"","","","","","","",,"","","","","","","",,"","","","","","",88535,1,"2024-11-08_17h26.42.153","experiment","2023.2.3","Win32",60.60606061,"665dd746f5ea0c66ebd85edb","672ddd4f09d6fb6d26d998b2","672e49312ba62b1363744c47","",,,"",,,"",,,"",,,"",,,"",,,"",,,,,"",,,"",,,,"",,,"","","",,,"","",,,,,,"","","",,,,,,,,,"",,,"",,,"",,,"ressources/step1_stim2.png","ressources/step1_stim7.png","k",0.3897,"ressources/step2_background2.png","ressources/step2_stim2.png",0.4229,1,5,2923,0,0,0,0,0,0,2,"s",1,17,0,17,0,1,"","",,,,,"",,,"",,,"",,,"",,,,"",,,"","","",,,"","",,,,,"","","",,,,,,,,,"",,,,,"",,,"",,,"",,,"",,,"",,,,,,,"",,,"","",,,,,,,,"",,,,,,,"",,,"","","",,,,,,,,"",,,,,,,,,,,,
"","","",,"","","","","","","",,"","","","","","","",,"","","","","","","",,"","","","","","","",,"","","","","","","",,"","","","","","","",,"","","","","","","",,"","","","","","",88535,1,"2024-11-08_17h26.42.153","experiment","2023.2.3","Win32",60.60606061,"665dd746f5ea0c66ebd85edb","672ddd4f09d6fb6d26d998b2","672e49312ba62b1363744c47","",,,"",,,"",,,"",,,"",,,"",,,"",,,,,"",,,"",,,,"",,,"","","",,,"","",,,,,,"","","",,,,,,,,,"",,,"",,,"",,,"ressources/step1_stim2.png","ressources/step1_stim7.png","s",0.3412,"ressources/step2_background1.png","ressources/step2_stim1.png",0.6054,1,6,2929,0,0,0,0,0,0,2,"k",1,18,0,18,0,1,"","",,,,,"",,,"",,,"",,,"",,,,"",,,"","","",,,"","",,,,,"","","",,,,,,,,,"",,,,,"",,,"",,,"",,,"",,,"",,,,,,,"",,,"","",,,,,,,,"",,,,,,,"",,,"","","",,,,,,,,"",,,,,,,,,,,,
"","","",,"","","","","","","",,"","","","","","","",,"","","","","","","",,"","","","","","","",,"","","","","","","",,"","","","","","","",,"","","","","","","",,"","","","","","",88535,1,"2024-11-08_17h26.42.153","experiment","2023.2.3","Win32",60.60606061,"665dd746f5ea0c66ebd85edb","672ddd4f09d6fb6d26d998b2","672e49312ba62b1363744c47","",,,"",,,"",,,"",,,"",,,"",,,"",,,,,"",,,"",,,,"",,,"","","",,,"","",,,,,,"","","",,,,,,,,,"",,,"",,,"",,,"ressources/step1_stim1.png","ressources/step1_stim5.png","k",0.3136,"ressources/step2_background2.png","ressources/step2_stim2.png",0.3387,5,30,2959,0,0,0,0,0,0,2,"k",1,19,0,19,0,1,"","",,,,,"",,,"",,,"",,,"",,,,"",,,"","","",,,"","",,,,,"","","",,,,,,,,,"",,,,,"",,,"",,,"",,,"",,,"",,,,,,,"",,,"","",,,,,,,,"",,,,,,,"",,,"","","",,,,,,,,"",,,,,,,,,,,,
"","","",,"","","","","","","",,"","","","","","","",,"","","","","","","",,"","","","","","","",,"","","","","","","",,"","","","","","","",,"","","","","","","",,"","","","","","",88535,1,"2024-11-08_17h26.42.153","experiment","2023.2.3","Win32",60.60606061,"665dd746f5ea0c66ebd85edb","672ddd4f09d6fb6d26d998b2","672e49312ba62b1363744c47","",,,"",,,"",,,"",,,"",,,"",,,"",,,,,"",,,"",,,,"",,,"","","",,,"","",,,,,,"","","",,,,,,,,,"",,,"",,,"",,,"ressources/step1_stim4.png","ressources/step1_stim3.png","s",0.3422,"ressources/step2_background1.png","ressources/step2_stim1.png",0.5208,5,40,2999,1,1,0,0,0,0,3,"k",1,20,0,20,0,1,"","s",1.302,,,,"",,,"",,,"",,,"",,,,"",,,"","","",,,"","",,,,,"","","",,,,,,,,,"",,,,,"",,,"",,,"",,,"",,,"",,,,,,,"",,,"","",,,,,,,,"",,,,,,,"",,,"","","",,,,,,,,"",,,,,,,,,,,,
"","","",,"","","","","","","",,"","","","","","","",,"","","","","","","",,"","","","","","","",,"","","","","","","",,"","","","","","","",,"","","","","","","",,"","","","","","",88535,1,"2024-11-08_17h26.42.153","experiment","2023.2.3","Win32",60.60606061,"665dd746f5ea0c66ebd85edb","672ddd4f09d6fb6d26d998b2","672e49312ba62b1363744c47","",,,"",,,"",,,"",,,"",,,"",,,"",,,,,"",,,"",,,,"",,,"","","",,,"","",,,,,,"","","",,,,,,,,,"",,,"",,,"",,,"ressources/step1_stim5.png","ressources/step1_stim1.png","k",0.3134,"ressources/step2_background1.png","ressources/step2_stim1.png",0.5863,1,7,3006,0,0,0,0,0,0,3,"k",1,21,0,21,0,1,"","",,,,,"",,,"",,,"",,,"",,,,"",,,"","","",,,"","",,,,,"","","",,,,,,,,,"",,,,,"",,,"",,,"",,,"",,,"",,,,,,,"",,,"","",,,,,,,,"",,,,,,,"",,,"","","",,,,,,,,"",,,,,,,,,,,,
"","","",,"","","","","","","",,"","","","","","","",,"","","","","","","",,"","","","","","","",,"","","","","","","",,"","","","","","","",,"","","","","","","",,"","","","","","",88535,1,"2024-11-08_17h26.42.153","experiment","2023.2.3","Win32",60.60606061,"665dd746f5ea0c66ebd85edb","672ddd4f09d6fb6d26d998b2","672e49312ba62b1363744c47","",,,"",,,"",,,"",,,"",,,"",,,"",,,,,"",,,"",,,,"",,,"","","",,,"","",,,,,,"","","",,,,,,,,,"",,,"",,,"",,,"ressources/step1_stim3.png","ressources/step1_stim4.png","s",0.33,"ressources/step2_background2.png","ressources/step2_stim2.png",0.397,5,20,3026,0,0,0,0,0,0,3,"k",1,22,0,22,0,1,"","",,,,,"",,,"",,,"",,,"",,,,"",,,"","","",,,"","",,,,,"","","",,,,,,,,,"",,,,,"",,,"",,,"",,,"",,,"",,,,,,,"",,,"","",,,,,,,,"",,,,,,,"",,,"","","",,,,,,,,"",,,,,,,,,,,,
"","","",,"","","","","","","",,"","","","","","","",,"","","","","","","",,"","","","","","","",,"","","","","","","",,"","","","","","","",,"","","","","","","",,"","","","","","",88535,1,"2024-11-08_17h26.42.153","experiment","2023.2.3","Win32",60.60606061,"665dd746f5ea0c66ebd85edb","672ddd4f09d6fb6d26d998b2","672e49312ba62b1363744c47","",,,"",,,"",,,"",,,"",,,"",,,"",,,,,"",,,"",,,,"",,,"","","",,,"","",,,,,,"","","",,,,,,,,,"",,,"",,,"",,,"ressources/step1_stim2.png","ressources/step1_stim7.png","k",0.3388,"ressources/step2_background2.png","ressources/step2_stim2.png",0.4167,5,20,3046,0,0,0,0,0,0,3,"k",1,23,0,23,0,1,"","",,,,,"",,,"",,,"",,,"",,,,"",,,"","","",,,"","",,,,,"","","",,,,,,,,,"",,,,,"",,,"",,,"",,,"",,,"",,,,,,,"",,,"","",,,,,,,,"",,,,,,,"",,,"","","",,,,,,,,"",,,,,,,,,,,,
"","","",,"","","","","","","",,"","","","","","","",,"","","","","","","",,"","","","","","","",,"","","","","","","",,"","","","","","","",,"","","","","","","",,"","","","","","",88535,1,"2024-11-08_17h26.42.153","experiment","2023.2.3","Win32",60.60606061,"665dd746f5ea0c66ebd85edb","672ddd4f09d6fb6d26d998b2","672e49312ba62b1363744c47","",,,"",,,"",,,"",,,"",,,"",,,"",,,,,"",,,"",,,,"",,,"","","",,,"","",,,,,,"","","",,,,,,,,,"",,,"",,,"",,,"ressources/step1_stim6.png","ressources/step1_stim8.png","s",0.3046,"ressources/step2_background1.png","ressources/step2_stim1.png",0.4497,1,8,3054,0,0,0,0,0,0,3,"k",1,24,0,24,0,1,"","",,,,,"",,,"",,,"",,,"",,,,"",,,"","","",,,"","",,,,,"","","",,,,,,,,,"",,,,,"",,,"",,,"",,,"",,,"",,,,,,,"",,,"","",,,,,,,,"",,,,,,,"",,,"","","",,,,,,,,"",,,,,,,,,,,,
"","","",,"","","","","","","",,"","","","","","","",,"","","","","","","",,"","","","","","","",,"","","","","","","",,"","","","","","","",,"","","","","","","",,"","","","","","",88535,1,"2024-11-08_17h26.42.153","experiment","2023.2.3","Win32",60.60606061,"665dd746f5ea0c66ebd85edb","672ddd4f09d6fb6d26d998b2","672e49312ba62b1363744c47","",,,"",,,"",,,"",,,"",,,"",,,"",,,,,"",,,"",,,,"",,,"","","",,,"","",,,,,,"","","",,,,,,,,,"",,,"",,,"",,,"ressources/step1_stim2.png","ressources/step1_stim7.png","k",0.3418,"ressources/step2_background2.png","ressources/step2_stim2.png",0.477,5,30,3084,0,0,0,0,0,0,3,"k",1,25,0,25,0,1,"","",,,,,"",,,"",,,"",,,"",,,,"",,,"","","",,,"","",,,,,"","","",,,,,,,,,"",,,,,"",,,"",,,"",,,"",,,"",,,,,,,"",,,"","",,,,,,,,"",,,,,,,"",,,"","","",,,,,,,,"",,,,,,,,,,,,
"","","",,"","","","","","","",,"","","","","","","",,"","","","","","","",,"","","","","","","",,"","","","","","","",,"","","","","","","",,"","","","","","","",,"","","","","","",88535,1,"2024-11-08_17h26.42.153","experiment","2023.2.3","Win32",60.60606061,"665dd746f5ea0c66ebd85edb","672ddd4f09d6fb6d26d998b2","672e49312ba62b1363744c47","",,,"",,,"",,,"",,,"",,,"",,,"",,,,,"",,,"",,,,"",,,"","","",,,"","",,,,,,"","","",,,,,,,,,"",,,"",,,"",,,"ressources/step1_stim3.png","ressources/step1_stim4.png","s",0.371,"ressources/step2_background2.png","ressources/step2_stim2.png",0.4108,1,4,3088,0,0,0,0,0,0,3,"s",1,26,0,26,0,1,"","",,,,,"",,,"",,,"",,,"",,,,"",,,"","","",,,"","",,,,,"","","",,,,,,,,,"",,,,,"",,,"",,,"",,,"",,,"",,,,,,,"",,,"","",,,,,,,,"",,,,,,,"",,,"","","",,,,,,,,"",,,,,,,,,,,,
"","","",,"","","","","","","",,"","","","","","","",,"","","","","","","",,"","","","","","","",,"","","","","","","",,"","","","","","","",,"","","","","","","",,"","","","","","",88535,1,"2024-11-08_17h26.42.153","experiment","2023.2.3","Win32",60.60606061,"665dd746f5ea0c66ebd85edb","672ddd4f09d6fb6d26d998b2","672e49312ba62b1363744c47","",,,"",,,"",,,"",,,"",,,"",,,"",,,,,"",,,"",,,,"",,,"","","",,,"","",,,,,,"","","",,,,,,,,,"",,,"",,,"",,,"ressources/step1_stim6.png","ressources/step1_stim8.png","k",0.3897,"ressources/step2_background2.png","ressources/step2_stim2.png",0.6625,1,7,3095,1,0,1,0,0,0,4,"k",1,27,0,27,0,1,"k","",,,1.3852,,"",,,"",,,"",,,"",,,,"",,,"","","",,,"","",,,,,"","","",,,,,,,,,"",,,,,"",,,"",,,"",,,"",,,"",,,,,,,"",,,"","",,,,,,,,"",,,,,,,"",,,"","","",,,,,,,,"",,,,,,,,,,,,
"","","",,"","","","","","","",,"","","","","","","",,"","","","","","","",,"","","","","","","",,"","","","","","","",,"","","","","","","",,"","","","","","","",,"","","","","","",88535,1,"2024-11-08_17h26.42.153","experiment","2023.2.3","Win32",60.60606061,"665dd746f5ea0c66ebd85edb","672ddd4f09d6fb6d26d998b2","672e49312ba62b1363744c47","",,,"",,,"",,,"",,,"",,,"",,,"",,,,,"",,,"",,,,"",,,"","","",,,"","",,,,,,"","","",,,,,,,,,"",,,"",,,"",,,"ressources/step1_stim1.png","ressources/step1_stim5.png","s",0.2921,"ressources/step2_background1.png","ressources/step2_stim1.png",0.388,5,20,3115,0,0,0,0,0,0,4,"k",1,28,0,28,0,1,"","",,,,,"",,,"",,,"",,,"",,,,"",,,"","","",,,"","",,,,,"","","",,,,,,,,,"",,,,,"",,,"",,,"",,,"",,,"",,,,,,,"",,,"","",,,,,,,,"",,,,,,,"",,,"","","",,,,,,,,"",,,,,,,,,,,,
"","","",,"","","","","","","",,"","","","","","","",,"","","","","","","",,"","","","","","","",,"","","","","","","",,"","","","","","","",,"","","","","","","",,"","","","","","",88535,1,"2024-11-08_17h26.42.153","experiment","2023.2.3","Win32",60.60606061,"665dd746f5ea0c66ebd85edb","672ddd4f09d6fb6d26d998b2","672e49312ba62b1363744c47","",,,"",,,"",,,"",,,"",,,"",,,"",,,,,"",,,"",,,,"",,,"","","",,,"","",,,,,,"","","",,,,,,,,,"",,,"",,,"",,,"ressources/step1_stim7.png","ressources/step1_stim2.png","k",0.3421,"ressources/step2_background1.png","ressources/step2_stim1.png",0.5576,5,30,3145,0,0,0,0,0,0,4,"k",1,29,0,29,0,1,"","",,,,,"",,,"",,,"",,,"",,,,"",,,"","","",,,"","",,,,,"","","",,,,,,,,,"",,,,,"",,,"",,,"",,,"",,,"",,,,,,,"",,,"","",,,,,,,,"",,,,,,,"",,,"","","",,,,,,,,"",,,,,,,,,,,,
"","","",,"","","","","","","",,"","","","","","","",,"","","","","","","",,"","","","","","","",,"","","","","","","",,"","","","","","","",,"","","","","","","",,"","","","","","",88535,1,"2024-11-08_17h26.42.153","experiment","2023.2.3","Win32",60.60606061,"665dd746f5ea0c66ebd85edb","672ddd4f09d6fb6d26d998b2","672e49312ba62b1363744c47","",,,"",,,"",,,"",,,"",,,"",,,"",,,,,"",,,"",,,,"",,,"","","",,,"","",,,,,,"","","",,,,,,,,,"",,,"",,,"",,,"ressources/step1_stim3.png","ressources/step1_stim4.png","s",0.3084,"ressources/step2_background2.png","ressources/step2_stim2.png",0.4578,5,40,3185,0,0,0,0,0,0,4,"k",1,30,0,30,0,1,"","",,,,,"",,,"",,,"",,,"",,,,"",,,"","","",,,"","",,,,,"","","",,,,,,,,,"",,,,,"",,,"",,,"",,,"",,,"",,,,,,,"",,,"","",,,,,,,,"",,,,,,,"",,,"","","",,,,,,,,"",,,,,,,,,,,,
"","","",,"","","","","","","",,"","","","","","","",,"","","","","","","",,"","","","","","","",,"","","","","","","",,"","","","","","","",,"","","","","","","",,"","","","","","",88535,1,"2024-11-08_17h26.42.153","experiment","2023.2.3","Win32",60.60606061,"665dd746f5ea0c66ebd85edb","672ddd4f09d6fb6d26d998b2","672e49312ba62b1363744c47","",,,"",,,"",,,"",,,"",,,"",,,"",,,,,"",,,"",,,,"",,,"","","",,,"","",,,,,,"","","",,,,,,,,,"",,,"",,,"",,,"ressources/step1_stim1.png","ressources/step1_stim5.png","k",0.3086,"ressources/step2_background2.png","ressources/step2_stim2.png",0.5688,5,35,3220,0,0,0,0,0,0,4,"k",1,31,0,31,0,1,"","",,,,,"",,,"",,,"",,,"",,,,"",,,"","","",,,"","",,,,,"","","",,,,,,,,,"",,,,,"",,,"",,,"",,,"",,,"",,,,,,,"",,,"","",,,,,,,,"",,,,,,,"",,,"","","",,,,,,,,"",,,,,,,,,,,,
"","","",,"","","","","","","",,"","","","","","","",,"","","","","","","",,"","","","","","","",,"","","","","","","",,"","","","","","","",,"","","","","","","",,"","","","","","",88535,1,"2024-11-08_17h26.42.153","experiment","2023.2.3","Win32",60.60606061,"665dd746f5ea0c66ebd85edb","672ddd4f09d6fb6d26d998b2","672e49312ba62b1363744c47","",,,"",,,"",,,"",,,"",,,"",,,"",,,,,"",,,"",,,,"",,,"","","",,,"","",,,,,,"","","",,,,,,,,,"",,,"",,,"",,,"ressources/step1_stim7.png","ressources/step1_stim2.png","s",0.4122,"ressources/step2_background2.png","ressources/step2_stim2.png",0.4808,1,8,3228,0,0,0,0,0,0,4,"k",1,32,0,32,0,1,"","",,,,,"",,,"",,,"",,,"",,,,"",,,"","","",,,"","",,,,,"","","",,,,,,,,,"",,,,,"",,,"",,,"",,,"",,,"",,,,,,,"",,,"","",,,,,,,,"",,,,,,,"",,,"","","",,,,,,,,"",,,,,,,,,,,,
"","","",,"","","","","","","",,"","","","","","","",,"","","","","","","",,"","","","","","","",,"","","","","","","",,"","","","","","","",,"","","","","","","",,"","","","","","",88535,1,"2024-11-08_17h26.42.153","experiment","2023.2.3","Win32",60.60606061,"665dd746f5ea0c66ebd85edb","672ddd4f09d6fb6d26d998b2","672e49312ba62b1363744c47","",,,"",,,"",,,"",,,"",,,"",,,"",,,,,"",,,"",,,,"",,,"","","",,,"","",,,,,,"","","",,,,,,,,,"",,,"",,,"",,,"ressources/step1_stim5.png","ressources/step1_stim1.png","k",0.2921,"ressources/step2_background1.png","ressources/step2_stim1.png",0.3827,5,35,3263,1,1,0,0,0,0,5,"k",1,33,0,33,0,1,"","k",0.8826,,,,"",,,"",,,"",,,"",,,,"",,,"","","",,,"","",,,,,"","","",,,,,,,,,"",,,,,"",,,"",,,"",,,"",,,"",,,,,,,"",,,"","",,,,,,,,"",,,,,,,"",,,"","","",,,,,,,,"",,,,,,,,,,,,
"","","",,"","","","","","","",,"","","","","","","",,"","","","","","","",,"","","","","","","",,"","","","","","","",,"","","","","","","",,"","","","","","","",,"","","","","","",88535,1,"2024-11-08_17h26.42.153","experiment","2023.2.3","Win32",60.60606061,"665dd746f5ea0c66ebd85edb","672ddd4f09d6fb6d26d998b2","672e49312ba62b1363744c47","",,,"",,,"",,,"",,,"",,,"",,,"",,,,,"",,,"",,,,"",,,"","","",,,"","",,,,,,"","","",,,,,,,,,"",,,"",,,"",,,"ressources/step1_stim2.png","ressources/step1_stim7.png","s",0.3586,"ressources/step2_background1.png","ressources/step2_stim1.png",0.4591,1,6,3269,0,0,0,0,0,0,5,"k",1,34,0,34,0,1,"","",,,,,"",,,"",,,"",,,"",,,,"",,,"","","",,,"","",,,,,"","","",,,,,,,,,"",,,,,"",,,"",,,"",,,"",,,"",,,,,,,"",,,"","",,,,,,,,"",,,,,,,"",,,"","","",,,,,,,,"",,,,,,,,,,,,
"","","",,"","","","","","","",,"","","","","","","",,"","","","","","","",,"","","","","","","",,"","","","","","","",,"","","","","","","",,"","","","","","","",,"","","","","","",88535,1,"2024-11-08_17h26.42.153","experiment","2023.2.3","Win32",60.60606061,"665dd746f5ea0c66ebd85edb","672ddd4f09d6fb6d26d998b2","672e49312ba62b1363744c47","",,,"",,,"",,,"",,,"",,,"",,,"",,,,,"",,,"",,,,"",,,"","","",,,"","",,,,,,"","","",,,,,,,,,"",,,"",,,"",,,"ressources/step1_stim2.png","ressources/step1_stim7.png","k",0.3255,"ressources/step2_background2.png","ressources/step2_stim2.png",0.4935,1,7,3276,0,0,0,0,0,0,5,"k",1,35,0,35,0,1,"","",,,,,"",,,"",,,"",,,"",,,,"",,,"","","",,,"","",,,,,"","","",,,,,,,,,"",,,,,"",,,"",,,"",,,"",,,"",,,,,,,"",,,"","",,,,,,,,"",,,,,,,"",,,"","","",,,,,,,,"",,,,,,,,,,,,
"","","",,"","","","","","","",,"","","","","","","",,"","","","","","","",,"","","","","","","",,"","","","","","","",,"","","","","","","",,"","","","","","","",,"","","","","","",88535,1,"2024-11-08_17h26.42.153","experiment","2023.2.3","Win32",60.60606061,"665dd746f5ea0c66ebd85edb","672ddd4f09d6fb6d26d998b2","672e49312ba62b1363744c47","",,,"",,,"",,,"",,,"",,,"",,,"",,,,,"",,,"",,,,"",,,"","","",,,"","",,,,,,"","","",,,,,,,,,"",,,"",,,"",,,"ressources/step1_stim7.png","ressources/step1_stim2.png","s",0.2904,"ressources/step2_background2.png","ressources/step2_stim2.png",0.3578,1,7,3283,0,0,0,0,0,0,5,"k",1,36,0,36,0,1,"","",,,,,"",,,"",,,"",,,"",,,,"",,,"","","",,,"","",,,,,"","","",,,,,,,,,"",,,,,"",,,"",,,"",,,"",,,"",,,,,,,"",,,"","",,,,,,,,"",,,,,,,"",,,"","","",,,,,,,,"",,,,,,,,,,,,
"","","",,"","","","","","","",,"","","","","","","",,"","","","","","","",,"","","","","","","",,"","","","","","","",,"","","","","","","",,"","","","","","","",,"","","","","","",88535,1,"2024-11-08_17h26.42.153","experiment","2023.2.3","Win32",60.60606061,"665dd746f5ea0c66ebd85edb","672ddd4f09d6fb6d26d998b2","672e49312ba62b1363744c47","",,,"",,,"",,,"",,,"",,,"",,,"",,,,,"",,,"",,,,"",,,"","","",,,"","",,,,,,"","","",,,,,,,,,"",,,"",,,"",,,"ressources/step1_stim1.png","ressources/step1_stim5.png","k",0.3412,"ressources/step2_background2.png","ressources/step2_stim2.png",0.392,1,7,3290,0,0,0,0,0,0,5,"k",1,37,0,37,0,1,"","",,,,,"",,,"",,,"",,,"",,,,"",,,"","","",,,"","",,,,,"","","",,,,,,,,,"",,,,,"",,,"",,,"",,,"",,,"",,,,,,,"",,,"","",,,,,,,,"",,,,,,,"",,,"","","",,,,,,,,"",,,,,,,,,,,,
"","","",,"","","","","","","",,"","","","","","","",,"","","","","","","",,"","","","","","","",,"","","","","","","",,"","","","","","","",,"","","","","","","",,"","","","","","",88535,1,"2024-11-08_17h26.42.153","experiment","2023.2.3","Win32",60.60606061,"665dd746f5ea0c66ebd85edb","672ddd4f09d6fb6d26d998b2","672e49312ba62b1363744c47","",,,"",,,"",,,"",,,"",,,"",,,"",,,,,"",,,"",,,,"",,,"","","",,,"","",,,,,,"","","",,,,,,,,,"",,,"",,,"",,,"ressources/step1_stim8.png","ressources/step1_stim6.png","s",0.3646,"ressources/step2_background2.png","ressources/step2_stim2.png",0.5827,5,20,3310,0,0,0,0,0,0,5,"k",1,38,0,38,0,1,"","",,,,,"",,,"",,,"",,,"",,,,"",,,"","","",,,"","",,,,,"","","",,,,,,,,,"",,,,,"",,,"",,,"",,,"",,,"",,,,,,,"",,,"","",,,,,,,,"",,,,,,,"",,,"","","",,,,,,,,"",,,,,,,,,,,,
"","","",,"","","","","","","",,"","","","","","","",,"","","","","","","",,"","","","","","","",,"","","","","","","",,"","","","","","","",,"","","","","","","",,"","","","","","",88535,1,"2024-11-08_17h26.42.153","experiment","2023.2.3","Win32",60.60606061,"665dd746f5ea0c66ebd85edb","672ddd4f09d6fb6d26d998b2","672e49312ba62b1363744c47","",,,"",,,"",,,"",,,"",,,"",,,"",,,,,"",,,"",,,,"",,,"","","",,,"","",,,,,,"","","",,,,,,,,,"",,,"",,,"",,,"ressources/step1_stim4.png","ressources/step1_stim3.png","k",0.2689,"ressources/step2_background2.png","ressources/step2_stim2.png",0.6422,1,5,3315,0,0,0,0,0,0,5,"s",1,39,0,39,0,1,"","",,,,,"",,,"",,,"",,,"",,,,"",,,"","","",,,"","",,,,,"","","",,,,,,,,,"",,,,,"",,,"",,,"",,,"",,,"",,,,,,,"",,,"","",,,,,,,,"",,,,,,,"",,,"","","",,,,,,,,"",,,,,,,,,,,,
"","","",,"","","","","","","",,"","","","","","","",,"","","","","","","",,"","","","","","","",,"","","","","","","",,"","","","","","","",,"","","","","","","",,"","","","","","",88535,1,"2024-11-08_17h26.42.153","experiment","2023.2.3","Win32",60.60606061,"665dd746f5ea0c66ebd85edb","672ddd4f09d6fb6d26d998b2","672e49312ba62b1363744c47","",,,"",,,"",,,"",,,"",,,"",,,"",,,,,"",,,"",,,,"",,,"","","",,,"","",,,,,,"","","",,,,,,,,,"",,,"",,,"",,,"ressources/step1_stim5.png","ressources/step1_stim1.png","s",0.358,"ressources/step2_background2.png","ressources/step2_stim2.png",0.6087,1,5,3320,0,0,0,0,0,0,5,"s",1,40,0,40,0,1,"","",,,,,"",,,"",,,"",,,"",,,,"",,,"","","",,,"","",,,,,"","","",,,,,,,,,"",,,,,"",,,"",,,"",,,"",,,"",,,,,,,"",,,"","",,,,,,,,"",,,,,,,"",,,"","","",,,,,,,,"",,,,,,,,,,,,
"","","",,"","","","","","","",,"","","","","","","",,"","","","","","","",,"","","","","","","",,"","","","","","","",,"","","","","","","",,"","","","","","","",,"","","","","","",88535,1,"2024-11-08_17h26.42.153","experiment","2023.2.3","Win32",60.60606061,"665dd746f5ea0c66ebd85edb","672ddd4f09d6fb6d26d998b2","672e49312ba62b1363744c47","",,,"",,,"",,,"",,,"",,,"",,,"",,,,,"",,,"",,,,"",,,"","","",,,"","",,,,,,"","","",,,,,,,,,"",,,"",,,"",,,"ressources/step1_stim3.png","ressources/step1_stim4.png","k",0.3935,"ressources/step2_background1.png","ressources/step2_stim1.png",0.5447,5,5,3325,0,0,0,0,0,0,5,"s",1,41,0,41,0,1,"","",,,,,"",,,"",,,"",,,"",,,,"",,,"","","",,,"","",,,,,"","","",,,,,,,,,"",,,,,"",,,"",,,"",,,"",,,"",,,,,,,"",,,"","",,,,,,,,"",,,,,,,"",,,"","","",,,,,,,,"",,,,,,,,,,,,
"","","",,"","","","","","","",,"","","","","","","",,"","","","","","","",,"","","","","","","",,"","","","","","","",,"","","","","","","",,"","","","","","","",,"","","","","","",88535,1,"2024-11-08_17h26.42.153","experiment","2023.2.3","Win32",60.60606061,"665dd746f5ea0c66ebd85edb","672ddd4f09d6fb6d26d998b2","672e49312ba62b1363744c47","",,,"",,,"",,,"",,,"",,,"",,,"",,,,,"",,,"",,,,"",,,"","","",,,"","",,,,,,"","","",,,,,,,,,"",,,"",,,"",,,"ressources/step1_stim6.png","ressources/step1_stim8.png","s",0.407,"ressources/step2_background1.png","ressources/step2_stim1.png",0.8407,5,10,3335,0,0,0,0,0,0,5,"k",1,42,0,42,0,1,"","",,,,,"",,,"",,,"",,,"",,,,"",,,"","","",,,"","",,,,,"","","",,,,,,,,,"",,,,,"",,,"",,,"",,,"",,,"",,,,,,,"",,,"","",,,,,,,,"",,,,,,,"",,,"","","",,,,,,,,"",,,,,,,,,,,,
"","","",,"","","","","","","",,"","","","","","","",,"","","","","","","",,"","","","","","","",,"","","","","","","",,"","","","","","","",,"","","","","","","",,"","","","","","",88535,1,"2024-11-08_17h26.42.153","experiment","2023.2.3","Win32",60.60606061,"665dd746f5ea0c66ebd85edb","672ddd4f09d6fb6d26d998b2","672e49312ba62b1363744c47","",,,"",,,"",,,"",,,"",,,"",,,"",,,,,"",,,"",,,,"",,,"","","",,,"","",,,,,,"","","",,,,,,,,,"",,,"",,,"",,,"ressources/step1_stim1.png","ressources/step1_stim5.png","k",0.2817,"ressources/step2_background2.png","ressources/step2_stim2.png",0.473,1,0,3335,0,0,0,0,0,0,5,"s",1,43,0,43,0,1,"","",,,,,"",,,"",,,"",,,"",,,,"",,,"","","",,,"","",,,,,"","","",,,,,,,,,"",,,,,"",,,"",,,"",,,"",,,"",,,,,,,"",,,"","",,,,,,,,"",,,,,,,"",,,"","","",,,,,,,,"",,,,,,,,,,,,
"","","",,"","","","","","","",,"","","","","","","",,"","","","","","","",,"","","","","","","",,"","","","","","","",,"","","","","","","",,"","","","","","","",,"","","","","","",88535,1,"2024-11-08_17h26.42.153","experiment","2023.2.3","Win32",60.60606061,"665dd746f5ea0c66ebd85edb","672ddd4f09d6fb6d26d998b2","672e49312ba62b1363744c47","",,,"",,,"",,,"",,,"",,,"",,,"",,,,,"",,,"",,,,"",,,"","","",,,"","",,,,,,"","","",,,,,,,,,"",,,"",,,"",,,"ressources/step1_stim2.png","ressources/step1_stim7.png","s",0.2985,"ressources/step2_background1.png","ressources/step2_stim1.png",0.3567,1,0,3335,0,0,0,0,0,0,5,"s",1,44,0,44,0,1,"","",,,,,"",,,"",,,"",,,"",,,,"",,,"","","",,,"","",,,,,"","","",,,,,,,,,"",,,,,"",,,"",,,"",,,"",,,"",,,,,,,"",,,"","",,,,,,,,"",,,,,,,"",,,"","","",,,,,,,,"",,,,,,,,,,,,
"","","",,"","","","","","","",,"","","","","","","",,"","","","","","","",,"","","","","","","",,"","","","","","","",,"","","","","","","",,"","","","","","","",,"","","","","","",88535,1,"2024-11-08_17h26.42.153","experiment","2023.2.3","Win32",60.60606061,"665dd746f5ea0c66ebd85edb","672ddd4f09d6fb6d26d998b2","672e49312ba62b1363744c47","",,,"",,,"",,,"",,,"",,,"",,,"",,,,,"",,,"",,,,"",,,"","","",,,"","",,,,,,"","","",,,,,,,,,"",,,"",,,"",,,"ressources/step1_stim4.png","ressources/step1_stim3.png","k",0.2934,"ressources/step2_background2.png","ressources/step2_stim2.png",0.3403,1,5,3340,0,0,0,0,0,0,5,"s",1,45,0,45,0,1,"","",,,,,"",,,"",,,"",,,"",,,,"",,,"","","",,,"","",,,,,"","","",,,,,,,,,"",,,,,"",,,"",,,"",,,"",,,"",,,,,,,"",,,"","",,,,,,,,"",,,,,,,"",,,"","","",,,,,,,,"",,,,,,,,,,,,
"","","",,"","","","","","","",,"","","","","","","",,"","","","","","","",,"","","","","","","",,"","","","","","","",,"","","","","","","",,"","","","","","","",,"","","","","","",88535,1,"2024-11-08_17h26.42.153","experiment","2023.2.3","Win32",60.60606061,"665dd746f5ea0c66ebd85edb","672ddd4f09d6fb6d26d998b2","672e49312ba62b1363744c47","",,,"",,,"",,,"",,,"",,,"",,,"",,,,,"",,,"",,,,"",,,"","","",,,"","",,,,,,"","","",,,,,,,,,"",,,"",,,"",,,"ressources/step1_stim7.png","ressources/step1_stim2.png","s",0.3594,"ressources/step2_background2.png","ressources/step2_stim2.png",0.4586,1,6,3346,0,0,0,0,0,0,5,"k",1,46,0,46,0,1,"","",,,,,"",,,"",,,"",,,"",,,,"",,,"","","",,,"","",,,,,"","","",,,,,,,,,"",,,,,"",,,"",,,"",,,"",,,"",,,,,,,"",,,"","",,,,,,,,"",,,,,,,"",,,"","","",,,,,,,,"",,,,,,,,,,,,
"","","",,"","","","","","","",,"","","","","","","",,"","","","","","","",,"","","","","","","",,"","","","","","","",,"","","","","","","",,"","","","","","","",,"","","","","","",88535,1,"2024-11-08_17h26.42.153","experiment","2023.2.3","Win32",60.60606061,"665dd746f5ea0c66ebd85edb","672ddd4f09d6fb6d26d998b2","672e49312ba62b1363744c47","",,,"",,,"",,,"",,,"",,,"",,,"",,,,,"",,,"",,,,"",,,"","","",,,"","",,,,,,"","","",,,,,,,,,"",,,"",,,"",,,"ressources/step1_stim7.png","ressources/step1_stim2.png","k",0.3098,"ressources/step2_background1.png","ressources/step2_stim1.png",1.0072,1,0,3346,0,0,0,0,0,0,5,"s",1,47,0,47,0,1,"","",,,,,"",,,"",,,"",,,"",,,,"",,,"","","",,,"","",,,,,"","","",,,,,,,,,"",,,,,"",,,"",,,"",,,"",,,"",,,,,,,"",,,"","",,,,,,,,"",,,,,,,"",,,"","","",,,,,,,,"",,,,,,,,,,,,
"","","",,"","","","","","","",,"","","","","","","",,"","","","","","","",,"","","","","","","",,"","","","","","","",,"","","","","","","",,"","","","","","","",,"","","","","","",88535,1,"2024-11-08_17h26.42.153","experiment","2023.2.3","Win32",60.60606061,"665dd746f5ea0c66ebd85edb","672ddd4f09d6fb6d26d998b2","672e49312ba62b1363744c47","",,,"",,,"",,,"",,,"",,,"",,,"",,,,,"",,,"",,,,"",,,"","","",,,"","",,,,,,"","","",,,,,,,,,"",,,"",,,"",,,"ressources/step1_stim1.png","ressources/step1_stim5.png","s",0.3257,"ressources/step2_background1.png","ressources/step2_stim1.png",0.5065,1,0,3346,0,0,0,0,0,0,5,"s",1,48,0,48,0,1,"","",,,,,"",,,"",,,"",,,"",,,,"",,,"","","",,,"","",,,,,"","","",,,,,,,,,"",,,,,"",,,"",,,"",,,"",,,"",,,,,,,"",,,"","",,,,,,,,"",,,,,,,"",,,"","","",,,,,,,,"",,,,,,,,,,,,
"","","",,"","","","","","","",,"","","","","","","",,"","","","","","","",,"","","","","","","",,"","","","","","","",,"","","","","","","",,"","","","","","","",,"","","","","","",88535,1,"2024-11-08_17h26.42.153","experiment","2023.2.3","Win32",60.60606061,"665dd746f5ea0c66ebd85edb","672ddd4f09d6fb6d26d998b2","672e49312ba62b1363744c47","",,,"",,,"",,,"",,,"",,,"",,,"",,,,,"",,,"",,,,"",,,"","","",,,"","",,,,,,"","","",,,,,,,,,"",,,"",,,"",,,"ressources/step1_stim5.png","ressources/step1_stim1.png","k",0.3595,"ressources/step2_background1.png","ressources/step2_stim1.png",0.6223,5,10,3356,0,0,0,0,0,0,5,"k",1,49,0,49,0,1,"","",,,,,"",,,"",,,"",,,"",,,,"",,,"","","",,,"","",,,,,"","","",,,,,,,,,"",,,,,"",,,"",,,"",,,"",,,"",,,,,,,"",,,"","",,,,,,,,"",,,,,,,"",,,"","","",,,,,,,,"",,,,,,,,,,,,
"","","",,"","","","","","","",,"","","","","","","",,"","","","","","","",,"","","","","","","",,"","","","","","","",,"","","","","","","",,"","","","","","","",,"","","","","","",88535,1,"2024-11-08_17h26.42.153","experiment","2023.2.3","Win32",60.60606061,"665dd746f5ea0c66ebd85edb","672ddd4f09d6fb6d26d998b2","672e49312ba62b1363744c47","",,,"",,,"",,,"",,,"",,,"",,,"",,,,,"",,,"",,,,"",,,"","","",,,"","",,,,,,"","","",,,,,,,,,"",,,"",,,"",,,"ressources/step1_stim5.png","ressources/step1_stim1.png","s",0.2967,"ressources/step2_background2.png","ressources/step2_stim2.png",0.2945,5,30,3386,0,0,0,0,0,0,5,"k",1,50,0,50,0,1,"","",,,,,"",,,"",,,"",,,"",,,,"",,,"","","",,,"","",,,,,"","","",,,,,,,,,"",,,,,"",,,"",,,"",,,"",,,"",,,,,,,"",,,"","",,,,,,,,"",,,,,,,"",,,"","","",,,,,,,,"",,,,,,,,,,,,
"","","",,"","","","","","","",,"","","","","","","",,"","","","","","","",,"","","","","","","",,"","","","","","","",,"","","","","","","",,"","","","","","","",,"","","","","","",88535,1,"2024-11-08_17h26.42.153","experiment","2023.2.3","Win32",60.60606061,"665dd746f5ea0c66ebd85edb","672ddd4f09d6fb6d26d998b2","672e49312ba62b1363744c47","",,,"",,,"",,,"",,,"",,,"",,,"",,,,,"",,,"",,,,"",,,"","","",,,"","",,,,,,"","","",,,,,,,,,"",,,"",,,"",,,"ressources/step1_stim4.png","ressources/step1_stim3.png","k",0.3389,"ressources/step2_background2.png","ressources/step2_stim2.png",0.4456,1,5,3391,1,0,1,0,0,0,6,"s",2,51,0,51,0,1,"k","",,,0.8272,,"",,,"",,,"",,,"",,,,"",,,"","","",,,"","",,,,,"","","",,,,,,,,,"",,,,,"",,,"",,,"",,,"",,,"",,,,,,,"",,,"","",,,,,,,,"",,,,,,,"",,,"","","",,,,,,,,"",,,,,,,,,,,,
"","","",,"","","","","","","",,"","","","","","","",,"","","","","","","",,"","","","","","","",,"","","","","","","",,"","","","","","","",,"","","","","","","",,"","","","","","",88535,1,"2024-11-08_17h26.42.153","experiment","2023.2.3","Win32",60.60606061,"665dd746f5ea0c66ebd85edb","672ddd4f09d6fb6d26d998b2","672e49312ba62b1363744c47","",,,"",,,"",,,"",,,"",,,"",,,"",,,,,"",,,"",,,,"",,,"","","",,,"","",,,,,,"","","",,,,,,,,,"",,,"",,,"",,,"ressources/step1_stim6.png","ressources/step1_stim8.png","s",0.3084,"ressources/step2_background1.png","ressources/step2_stim1.png",0.5817,1,2,3393,1,1,0,0,0,0,7,"s",2,52,0,52,0,1,"","s",1.6551,,,,"",,,"",,,"",,,"",,,,"",,,"","","",,,"","",,,,,"","","",,,,,,,,,"",,,,,"",,,"",,,"",,,"",,,"",,,,,,,"",,,"","",,,,,,,,"",,,,,,,"",,,"","","",,,,,,,,"",,,,,,,,,,,,
"","","",,"","","","","","","",,"","","","","","","",,"","","","","","","",,"","","","","","","",,"","","","","","","",,"","","","","","","",,"","","","","","","",,"","","","","","",88535,1,"2024-11-08_17h26.42.153","experiment","2023.2.3","Win32",60.60606061,"665dd746f5ea0c66ebd85edb","672ddd4f09d6fb6d26d998b2","672e49312ba62b1363744c47","",,,"",,,"",,,"",,,"",,,"",,,"",,,,,"",,,"",,,,"",,,"","","",,,"","",,,,,,"","","",,,,,,,,,"",,,"",,,"",,,"ressources/step1_stim6.png","ressources/step1_stim8.png","k",0.4775,"ressources/step2_background2.png","ressources/step2_stim2.png",0.4922,1,3,3396,1,1,0,0,0,0,8,"s",2,53,0,53,0,1,"","k",1.6063,,,,"",,,"",,,"",,,"",,,,"",,,"","","",,,"","",,,,,"","","",,,,,,,,,"",,,,,"",,,"",,,"",,,"",,,"",,,,,,,"",,,"","",,,,,,,,"",,,,,,,"",,,"","","",,,,,,,,"",,,,,,,,,,,,
"","","",,"","","","","","","",,"","","","","","","",,"","","","","","","",,"","","","","","","",,"","","","","","","",,"","","","","","","",,"","","","","","","",,"","","","","","",88535,1,"2024-11-08_17h26.42.153","experiment","2023.2.3","Win32",60.60606061,"665dd746f5ea0c66ebd85edb","672ddd4f09d6fb6d26d998b2","672e49312ba62b1363744c47","",,,"",,,"",,,"",,,"",,,"",,,"",,,,,"",,,"",,,,"",,,"","","",,,"","",,,,,,"","","",,,,,,,,,"",,,"",,,"",,,"ressources/step1_stim5.png","ressources/step1_stim1.png","s",0.2962,"ressources/step2_background2.png","ressources/step2_stim2.png",0.308,5,10,3406,0,0,0,0,0,0,8,"k",2,54,0,54,0,1,"","",,,,,"",,,"",,,"",,,"",,,,"",,,"","","",,,"","",,,,,"","","",,,,,,,,,"",,,,,"",,,"",,,"",,,"",,,"",,,,,,,"",,,"","",,,,,,,,"",,,,,,,"",,,"","","",,,,,,,,"",,,,,,,,,,,,
"","","",,"","","","","","","",,"","","","","","","",,"","","","","","","",,"","","","","","","",,"","","","","","","",,"","","","","","","",,"","","","","","","",,"","","","","","",88535,1,"2024-11-08_17h26.42.153","experiment","2023.2.3","Win32",60.60606061,"665dd746f5ea0c66ebd85edb","672ddd4f09d6fb6d26d998b2","672e49312ba62b1363744c47","",,,"",,,"",,,"",,,"",,,"",,,"",,,,,"",,,"",,,,"",,,"","","",,,"","",,,,,,"","","",,,,,,,,,"",,,"",,,"",,,"ressources/step1_stim8.png","ressources/step1_stim6.png","k",0.2983,"ressources/step2_background1.png","ressources/step2_stim1.png",0.5352,5,25,3431,0,0,0,0,0,0,8,"k",2,55,0,55,0,1,"","",,,,,"",,,"",,,"",,,"",,,,"",,,"","","",,,"","",,,,,"","","",,,,,,,,,"",,,,,"",,,"",,,"",,,"",,,"",,,,,,,"",,,"","",,,,,,,,"",,,,,,,"",,,"","","",,,,,,,,"",,,,,,,,,,,,
"","","",,"","","","","","","",,"","","","","","","",,"","","","","","","",,"","","","","","","",,"","","","","","","",,"","","","","","","",,"","","","","","","",,"","","","","","",88535,1,"2024-11-08_17h26.42.153","experiment","2023.2.3","Win32",60.60606061,"665dd746f5ea0c66ebd85edb","672ddd4f09d6fb6d26d998b2","672e49312ba62b1363744c47","",,,"",,,"",,,"",,,"",,,"",,,"",,,,,"",,,"",,,,"",,,"","","",,,"","",,,,,,"","","",,,,,,,,,"",,,"",,,"",,,"ressources/step1_stim2.png","ressources/step1_stim7.png","s",0.3591,"ressources/step2_background1.png","ressources/step2_stim1.png",0.346,1,6,3437,0,0,0,0,0,0,8,"k",2,56,0,56,0,1,"","",,,,,"",,,"",,,"",,,"",,,,"",,,"","","",,,"","",,,,,"","","",,,,,,,,,"",,,,,"",,,"",,,"",,,"",,,"",,,,,,,"",,,"","",,,,,,,,"",,,,,,,"",,,"","","",,,,,,,,"",,,,,,,,,,,,
"","","",,"","","","","","","",,"","","","","","","",,"","","","","","","",,"","","","","","","",,"","","","","","","",,"","","","","","","",,"","","","","","","",,"","","","","","",88535,1,"2024-11-08_17h26.42.153","experiment","2023.2.3","Win32",60.60606061,"665dd746f5ea0c66ebd85edb","672ddd4f09d6fb6d26d998b2","672e49312ba62b1363744c47","",,,"",,,"",,,"",,,"",,,"",,,"",,,,,"",,,"",,,,"",,,"","","",,,"","",,,,,,"","","",,,,,,,,,"",,,"",,,"",,,"ressources/step1_stim5.png","ressources/step1_stim1.png","k",0.3251,"ressources/step2_background1.png","ressources/step2_stim1.png",0.3192,5,45,3482,0,0,0,0,0,0,8,"k",2,57,0,57,0,1,"","",,,,,"",,,"",,,"",,,"",,,,"",,,"","","",,,"","",,,,,"","","",,,,,,,,,"",,,,,"",,,"",,,"",,,"",,,"",,,,,,,"",,,"","",,,,,,,,"",,,,,,,"",,,"","","",,,,,,,,"",,,,,,,,,,,,
"","","",,"","","","","","","",,"","","","","","","",,"","","","","","","",,"","","","","","","",,"","","","","","","",,"","","","","","","",,"","","","","","","",,"","","","","","",88535,1,"2024-11-08_17h26.42.153","experiment","2023.2.3","Win32",60.60606061,"665dd746f5ea0c66ebd85edb","672ddd4f09d6fb6d26d998b2","672e49312ba62b1363744c47","",,,"",,,"",,,"",,,"",,,"",,,"",,,,,"",,,"",,,,"",,,"","","",,,"","",,,,,,"","","",,,,,,,,,"",,,"",,,"",,,"ressources/step1_stim8.png","ressources/step1_stim6.png","s",0.3293,"ressources/step2_background2.png","ressources/step2_stim2.png",0.4836,5,25,3507,0,0,0,0,0,0,8,"k",2,58,0,58,0,1,"","",,,,,"",,,"",,,"",,,"",,,,"",,,"","","",,,"","",,,,,"","","",,,,,,,,,"",,,,,"",,,"",,,"",,,"",,,"",,,,,,,"",,,"","",,,,,,,,"",,,,,,,"",,,"","","",,,,,,,,"",,,,,,,,,,,,
"","","",,"","","","","","","",,"","","","","","","",,"","","","","","","",,"","","","","","","",,"","","","","","","",,"","","","","","","",,"","","","","","","",,"","","","","","",88535,1,"2024-11-08_17h26.42.153","experiment","2023.2.3","Win32",60.60606061,"665dd746f5ea0c66ebd85edb","672ddd4f09d6fb6d26d998b2","672e49312ba62b1363744c47","",,,"",,,"",,,"",,,"",,,"",,,"",,,,,"",,,"",,,,"",,,"","","",,,"","",,,,,,"","","",,,,,,,,,"",,,"",,,"",,,"ressources/step1_stim7.png","ressources/step1_stim2.png","k",0.7179,"ressources/step2_background1.png","ressources/step2_stim1.png",0.6362,1,2,3509,0,0,0,0,0,0,8,"s",2,59,0,59,0,1,"","",,,,,"",,,"",,,"",,,"",,,,"",,,"","","",,,"","",,,,,"","","",,,,,,,,,"",,,,,"",,,"",,,"",,,"",,,"",,,,,,,"",,,"","",,,,,,,,"",,,,,,,"",,,"","","",,,,,,,,"",,,,,,,,,,,,
"","","",,"","","","","","","",,"","","","","","","",,"","","","","","","",,"","","","","","","",,"","","","","","","",,"","","","","","","",,"","","","","","","",,"","","","","","",88535,1,"2024-11-08_17h26.42.153","experiment","2023.2.3","Win32",60.60606061,"665dd746f5ea0c66ebd85edb","672ddd4f09d6fb6d26d998b2","672e49312ba62b1363744c47","",,,"",,,"",,,"",,,"",,,"",,,"",,,,,"",,,"",,,,"",,,"","","",,,"","",,,,,,"","","",,,,,,,,,"",,,"",,,"",,,"ressources/step1_stim4.png","ressources/step1_stim3.png","s",0.425,"ressources/step2_background1.png","ressources/step2_stim1.png",0.7887,1,2,3511,0,0,0,0,0,0,8,"s",2,60,0,60,0,1,"","",,,,,"",,,"",,,"",,,"",,,,"",,,"","","",,,"","",,,,,"","","",,,,,,,,,"",,,,,"",,,"",,,"",,,"",,,"",,,,,,,"",,,"","",,,,,,,,"",,,,,,,"",,,"","","",,,,,,,,"",,,,,,,,,,,,
"","","",,"","","","","","","",,"","","","","","","",,"","","","","","","",,"","","","","","","",,"","","","","","","",,"","","","","","","",,"","","","","","","",,"","","","","","",88535,1,"2024-11-08_17h26.42.153","experiment","2023.2.3","Win32",60.60606061,"665dd746f5ea0c66ebd85edb","672ddd4f09d6fb6d26d998b2","672e49312ba62b1363744c47","",,,"",,,"",,,"",,,"",,,"",,,"",,,,,"",,,"",,,,"",,,"","","",,,"","",,,,,,"","","",,,,,,,,,"",,,"",,,"",,,"ressources/step1_stim3.png","ressources/step1_stim4.png","k",0.2942,"ressources/step2_background1.png","ressources/step2_stim1.png",0.3719,1,1,3512,0,0,0,0,0,0,8,"s",2,61,0,61,0,1,"","",,,,,"",,,"",,,"",,,"",,,,"",,,"","","",,,"","",,,,,"","","",,,,,,,,,"",,,,,"",,,"",,,"",,,"",,,"",,,,,,,"",,,"","",,,,,,,,"",,,,,,,"",,,"","","",,,,,,,,"",,,,,,,,,,,,
"","","",,"","","","","","","",,"","","","","","","",,"","","","","","","",,"","","","","","","",,"","","","","","","",,"","","","","","","",,"","","","","","","",,"","","","","","",88535,1,"2024-11-08_17h26.42.153","experiment","2023.2.3","Win32",60.60606061,"665dd746f5ea0c66ebd85edb","672ddd4f09d6fb6d26d998b2","672e49312ba62b1363744c47","",,,"",,,"",,,"",,,"",,,"",,,"",,,,,"",,,"",,,,"",,,"","","",,,"","",,,,,,"","","",,,,,,,,,"",,,"",,,"",,,"ressources/step1_stim3.png","ressources/step1_stim4.png","s",0.3726,"ressources/step2_background2.png","ressources/step2_stim2.png",0.4659,5,25,3537,0,0,0,0,0,0,8,"k",2,62,0,62,0,1,"","",,,,,"",,,"",,,"",,,"",,,,"",,,"","","",,,"","",,,,,"","","",,,,,,,,,"",,,,,"",,,"",,,"",,,"",,,"",,,,,,,"",,,"","",,,,,,,,"",,,,,,,"",,,"","","",,,,,,,,"",,,,,,,,,,,,
"","","",,"","","","","","","",,"","","","","","","",,"","","","","","","",,"","","","","","","",,"","","","","","","",,"","","","","","","",,"","","","","","","",,"","","","","","",88535,1,"2024-11-08_17h26.42.153","experiment","2023.2.3","Win32",60.60606061,"665dd746f5ea0c66ebd85edb","672ddd4f09d6fb6d26d998b2","672e49312ba62b1363744c47","",,,"",,,"",,,"",,,"",,,"",,,"",,,,,"",,,"",,,,"",,,"","","",,,"","",,,,,,"","","",,,,,,,,,"",,,"",,,"",,,"ressources/step1_stim4.png","ressources/step1_stim3.png","k",0.3815,"ressources/step2_background2.png","ressources/step2_stim2.png",0.456,1,2,3539,0,0,0,0,0,0,8,"s",2,63,0,63,0,1,"","",,,,,"",,,"",,,"",,,"",,,,"",,,"","","",,,"","",,,,,"","","",,,,,,,,,"",,,,,"",,,"",,,"",,,"",,,"",,,,,,,"",,,"","",,,,,,,,"",,,,,,,"",,,"","","",,,,,,,,"",,,,,,,,,,,,
"","","",,"","","","","","","",,"","","","","","","",,"","","","","","","",,"","","","","","","",,"","","","","","","",,"","","","","","","",,"","","","","","","",,"","","","","","",88535,1,"2024-11-08_17h26.42.153","experiment","2023.2.3","Win32",60.60606061,"665dd746f5ea0c66ebd85edb","672ddd4f09d6fb6d26d998b2","672e49312ba62b1363744c47","",,,"",,,"",,,"",,,"",,,"",,,"",,,,,"",,,"",,,,"",,,"","","",,,"","",,,,,,"","","",,,,,,,,,"",,,"",,,"",,,"ressources/step1_stim8.png","ressources/step1_stim6.png","s",0.3737,"ressources/step2_background2.png","ressources/step2_stim2.png",0.3587,5,15,3554,0,0,0,0,0,0,8,"k",2,64,0,64,0,1,"","",,,,,"",,,"",,,"",,,"",,,,"",,,"","","",,,"","",,,,,"","","",,,,,,,,,"",,,,,"",,,"",,,"",,,"",,,"",,,,,,,"",,,"","",,,,,,,,"",,,,,,,"",,,"","","",,,,,,,,"",,,,,,,,,,,,
"","","",,"","","","","","","",,"","","","","","","",,"","","","","","","",,"","","","","","","",,"","","","","","","",,"","","","","","","",,"","","","","","","",,"","","","","","",88535,1,"2024-11-08_17h26.42.153","experiment","2023.2.3","Win32",60.60606061,"665dd746f5ea0c66ebd85edb","672ddd4f09d6fb6d26d998b2","672e49312ba62b1363744c47","",,,"",,,"",,,"",,,"",,,"",,,"",,,,,"",,,"",,,,"",,,"","","",,,"","",,,,,,"","","",,,,,,,,,"",,,"",,,"",,,"ressources/step1_stim5.png","ressources/step1_stim1.png","k",0.3242,"ressources/step2_background1.png","ressources/step2_stim1.png",0.661,5,5,3559,0,0,0,0,0,0,8,"s",2,65,0,65,0,1,"","",,,,,"",,,"",,,"",,,"",,,,"",,,"","","",,,"","",,,,,"","","",,,,,,,,,"",,,,,"",,,"",,,"",,,"",,,"",,,,,,,"",,,"","",,,,,,,,"",,,,,,,"",,,"","","",,,,,,,,"",,,,,,,,,,,,
"","","",,"","","","","","","",,"","","","","","","",,"","","","","","","",,"","","","","","","",,"","","","","","","",,"","","","","","","",,"","","","","","","",,"","","","","","",88535,1,"2024-11-08_17h26.42.153","experiment","2023.2.3","Win32",60.60606061,"665dd746f5ea0c66ebd85edb","672ddd4f09d6fb6d26d998b2","672e49312ba62b1363744c47","",,,"",,,"",,,"",,,"",,,"",,,"",,,,,"",,,"",,,,"",,,"","","",,,"","",,,,,,"","","",,,,,,,,,"",,,"",,,"",,,"ressources/step1_stim5.png","ressources/step1_stim1.png","s",0.3811,"ressources/step2_background2.png","ressources/step2_stim2.png",0.5234,1,2,3561,0,0,0,0,0,0,8,"s",2,66,0,66,0,1,"","",,,,,"",,,"",,,"",,,"",,,,"",,,"","","",,,"","",,,,,"","","",,,,,,,,,"",,,,,"",,,"",,,"",,,"",,,"",,,,,,,"",,,"","",,,,,,,,"",,,,,,,"",,,"","","",,,,,,,,"",,,,,,,,,,,,
"","","",,"","","","","","","",,"","","","","","","",,"","","","","","","",,"","","","","","","",,"","","","","","","",,"","","","","","","",,"","","","","","","",,"","","","","","",88535,1,"2024-11-08_17h26.42.153","experiment","2023.2.3","Win32",60.60606061,"665dd746f5ea0c66ebd85edb","672ddd4f09d6fb6d26d998b2","672e49312ba62b1363744c47","",,,"",,,"",,,"",,,"",,,"",,,"",,,,,"",,,"",,,,"",,,"","","",,,"","",,,,,,"","","",,,,,,,,,"",,,"",,,"",,,"ressources/step1_stim2.png","ressources/step1_stim7.png","k",0.2907,"ressources/step2_background2.png","ressources/step2_stim2.png",0.5393,1,6,3567,0,0,0,0,0,0,8,"k",2,67,0,67,0,1,"","",,,,,"",,,"",,,"",,,"",,,,"",,,"","","",,,"","",,,,,"","","",,,,,,,,,"",,,,,"",,,"",,,"",,,"",,,"",,,,,,,"",,,"","",,,,,,,,"",,,,,,,"",,,"","","",,,,,,,,"",,,,,,,,,,,,
"","","",,"","","","","","","",,"","","","","","","",,"","","","","","","",,"","","","","","","",,"","","","","","","",,"","","","","","","",,"","","","","","","",,"","","","","","",88535,1,"2024-11-08_17h26.42.153","experiment","2023.2.3","Win32",60.60606061,"665dd746f5ea0c66ebd85edb","672ddd4f09d6fb6d26d998b2","672e49312ba62b1363744c47","",,,"",,,"",,,"",,,"",,,"",,,"",,,,,"",,,"",,,,"",,,"","","",,,"","",,,,,,"","","",,,,,,,,,"",,,"",,,"",,,"ressources/step1_stim6.png","ressources/step1_stim8.png","s",0.3481,"ressources/step2_background1.png","ressources/step2_stim1.png",0.4409,5,25,3592,1,0,1,0,0,0,9,"k",3,68,0,68,0,1,"s","",,,1.3763,,"",,,"",,,"",,,"",,,,"",,,"","","",,,"","",,,,,"","","",,,,,,,,,"",,,,,"",,,"",,,"",,,"",,,"",,,,,,,"",,,"","",,,,,,,,"",,,,,,,"",,,"","","",,,,,,,,"",,,,,,,,,,,,
"","","",,"","","","","","","",,"","","","","","","",,"","","","","","","",,"","","","","","","",,"","","","","","","",,"","","","","","","",,"","","","","","","",,"","","","","","",88535,1,"2024-11-08_17h26.42.153","experiment","2023.2.3","Win32",60.60606061,"665dd746f5ea0c66ebd85edb","672ddd4f09d6fb6d26d998b2","672e49312ba62b1363744c47","",,,"",,,"",,,"",,,"",,,"",,,"",,,,,"",,,"",,,,"",,,"","","",,,"","",,,,,,"","","",,,,,,,,,"",,,"",,,"",,,"ressources/step1_stim6.png","ressources/step1_stim8.png","k",0.3951,"ressources/step2_background2.png","ressources/step2_stim2.png",0.6162,1,1,3593,0,0,0,0,0,0,9,"s",3,69,0,69,0,1,"","",,,,,"",,,"",,,"",,,"",,,,"",,,"","","",,,"","",,,,,"","","",,,,,,,,,"",,,,,"",,,"",,,"",,,"",,,"",,,,,,,"",,,"","",,,,,,,,"",,,,,,,"",,,"","","",,,,,,,,"",,,,,,,,,,,,
"","","",,"","","","","","","",,"","","","","","","",,"","","","","","","",,"","","","","","","",,"","","","","","","",,"","","","","","","",,"","","","","","","",,"","","","","","",88535,1,"2024-11-08_17h26.42.153","experiment","2023.2.3","Win32",60.60606061,"665dd746f5ea0c66ebd85edb","672ddd4f09d6fb6d26d998b2","672e49312ba62b1363744c47","",,,"",,,"",,,"",,,"",,,"",,,"",,,,,"",,,"",,,,"",,,"","","",,,"","",,,,,,"","","",,,,,,,,,"",,,"",,,"",,,"ressources/step1_stim5.png","ressources/step1_stim1.png","s",0.2962,"ressources/step2_background2.png","ressources/step2_stim2.png",0.4767,1,2,3595,0,0,0,0,0,0,9,"s",3,70,0,70,0,1,"","",,,,,"",,,"",,,"",,,"",,,,"",,,"","","",,,"","",,,,,"","","",,,,,,,,,"",,,,,"",,,"",,,"",,,"",,,"",,,,,,,"",,,"","",,,,,,,,"",,,,,,,"",,,"","","",,,,,,,,"",,,,,,,,,,,,
"","","",,"","","","","","","",,"","","","","","","",,"","","","","","","",,"","","","","","","",,"","","","","","","",,"","","","","","","",,"","","","","","","",,"","","","","","",88535,1,"2024-11-08_17h26.42.153","experiment","2023.2.3","Win32",60.60606061,"665dd746f5ea0c66ebd85edb","672ddd4f09d6fb6d26d998b2","672e49312ba62b1363744c47","",,,"",,,"",,,"",,,"",,,"",,,"",,,,,"",,,"",,,,"",,,"","","",,,"","",,,,,,"","","",,,,,,,,,"",,,"",,,"",,,"ressources/step1_stim3.png","ressources/step1_stim4.png","k",0.391,"ressources/step2_background1.png","ressources/step2_stim1.png",0.3736,5,5,3600,0,0,0,0,0,0,9,"s",3,71,0,71,0,1,"","",,,,,"",,,"",,,"",,,"",,,,"",,,"","","",,,"","",,,,,"","","",,,,,,,,,"",,,,,"",,,"",,,"",,,"",,,"",,,,,,,"",,,"","",,,,,,,,"",,,,,,,"",,,"","","",,,,,,,,"",,,,,,,,,,,,
"","","",,"","","","","","","",,"","","","","","","",,"","","","","","","",,"","","","","","","",,"","","","","","","",,"","","","","","","",,"","","","","","","",,"","","","","","",88535,1,"2024-11-08_17h26.42.153","experiment","2023.2.3","Win32",60.60606061,"665dd746f5ea0c66ebd85edb","672ddd4f09d6fb6d26d998b2","672e49312ba62b1363744c47","",,,"",,,"",,,"",,,"",,,"",,,"",,,,,"",,,"",,,,"",,,"","","",,,"","",,,,,,"","","",,,,,,,,,"",,,"",,,"",,,"ressources/step1_stim4.png","ressources/step1_stim3.png","s",0.3737,"ressources/step2_background1.png","ressources/step2_stim1.png",0.5695,1,3,3603,0,0,0,0,0,0,9,"s",3,72,0,72,0,1,"","",,,,,"",,,"",,,"",,,"",,,,"",,,"","","",,,"","",,,,,"","","",,,,,,,,,"",,,,,"",,,"",,,"",,,"",,,"",,,,,,,"",,,"","",,,,,,,,"",,,,,,,"",,,"","","",,,,,,,,"",,,,,,,,,,,,
"","","",,"","","","","","","",,"","","","","","","",,"","","","","","","",,"","","","","","","",,"","","","","","","",,"","","","","","","",,"","","","","","","",,"","","","","","",88535,1,"2024-11-08_17h26.42.153","experiment","2023.2.3","Win32",60.60606061,"665dd746f5ea0c66ebd85edb","672ddd4f09d6fb6d26d998b2","672e49312ba62b1363744c47","",,,"",,,"",,,"",,,"",,,"",,,"",,,,,"",,,"",,,,"",,,"","","",,,"","",,,,,,"","","",,,,,,,,,"",,,"",,,"",,,"ressources/step1_stim4.png","ressources/step1_stim3.png","k",0.5,"ressources/step2_background2.png","ressources/step2_stim2.png",0.6866,5,20,3623,0,0,0,0,0,0,9,"k",3,73,0,73,0,1,"","",,,,,"",,,"",,,"",,,"",,,,"",,,"","","",,,"","",,,,,"","","",,,,,,,,,"",,,,,"",,,"",,,"",,,"",,,"",,,,,,,"",,,"","",,,,,,,,"",,,,,,,"",,,"","","",,,,,,,,"",,,,,,,,,,,,
"","","",,"","","","","","","",,"","","","","","","",,"","","","","","","",,"","","","","","","",,"","","","","","","",,"","","","","","","",,"","","","","","","",,"","","","","","",88535,1,"2024-11-08_17h26.42.153","experiment","2023.2.3","Win32",60.60606061,"665dd746f5ea0c66ebd85edb","672ddd4f09d6fb6d26d998b2","672e49312ba62b1363744c47","",,,"",,,"",,,"",,,"",,,"",,,"",,,,,"",,,"",,,,"",,,"","","",,,"","",,,,,,"","","",,,,,,,,,"",,,"",,,"",,,"ressources/step1_stim7.png","ressources/step1_stim2.png","s",0.3987,"ressources/step2_background2.png","ressources/step2_stim2.png",0.4569,1,8,3631,1,0,1,0,0,0,10,"k",3,74,0,74,0,1,"k","",,,2.0125,,"",,,"",,,"",,,"",,,,"",,,"","","",,,"","",,,,,"","","",,,,,,,,,"",,,,,"",,,"",,,"",,,"",,,"",,,,,,,"",,,"","",,,,,,,,"",,,,,,,"",,,"","","",,,,,,,,"",,,,,,,,,,,,
"","","",,"","","","","","","",,"","","","","","","",,"","","","","","","",,"","","","","","","",,"","","","","","","",,"","","","","","","",,"","","","","","","",,"","","","","","",88535,1,"2024-11-08_17h26.42.153","experiment","2023.2.3","Win32",60.60606061,"665dd746f5ea0c66ebd85edb","672ddd4f09d6fb6d26d998b2","672e49312ba62b1363744c47","",,,"",,,"",,,"",,,"",,,"",,,"",,,,,"",,,"",,,,"",,,"","","",,,"","",,,,,,"","","",,,,,,,,,"",,,"",,,"",,,"ressources/step1_stim6.png","ressources/step1_stim8.png","k",0.4406,"ressources/step2_background2.png","ressources/step2_stim2.png",0.7757,1,7,3638,0,0,0,0,0,0,10,"k",3,75,0,75,0,1,"","",,,,,"",,,"",,,"",,,"",,,,"",,,"","","",,,"","",,,,,"","","",,,,,,,,,"",,,,,"",,,"",,,"",,,"",,,"",,,,,,,"",,,"","",,,,,,,,"",,,,,,,"",,,"","","",,,,,,,,"",,,,,,,,,,,,
"","","",,"","","","","","","",,"","","","","","","",,"","","","","","","",,"","","","","","","",,"","","","","","","",,"","","","","","","",,"","","","","","","",,"","","","","","",88535,1,"2024-11-08_17h26.42.153","experiment","2023.2.3","Win32",60.60606061,"665dd746f5ea0c66ebd85edb","672ddd4f09d6fb6d26d998b2","672e49312ba62b1363744c47","",,,"",,,"",,,"",,,"",,,"",,,"",,,,,"",,,"",,,,"",,,"","","",,,"","",,,,,,"","","",,,,,,,,,"",,,"",,,"",,,"ressources/step1_stim2.png","ressources/step1_stim7.png","s",0.3163,"ressources/step2_background1.png","ressources/step2_stim1.png",0.6916,1,9,3647,0,0,0,0,0,0,10,"k",3,76,0,76,0,1,"","",,,,,"",,,"",,,"",,,"",,,,"",,,"","","",,,"","",,,,,"","","",,,,,,,,,"",,,,,"",,,"",,,"",,,"",,,"",,,,,,,"",,,"","",,,,,,,,"",,,,,,,"",,,"","","",,,,,,,,"",,,,,,,,,,,,
"","","",,"","","","","","","",,"","","","","","","",,"","","","","","","",,"","","","","","","",,"","","","","","","",,"","","","","","","",,"","","","","","","",,"","","","","","",88535,1,"2024-11-08_17h26.42.153","experiment","2023.2.3","Win32",60.60606061,"665dd746f5ea0c66ebd85edb","672ddd4f09d6fb6d26d998b2","672e49312ba62b1363744c47","",,,"",,,"",,,"",,,"",,,"",,,"",,,,,"",,,"",,,,"",,,"","","",,,"","",,,,,,"","","",,,,,,,,,"",,,"",,,"",,,"ressources/step1_stim7.png","ressources/step1_stim2.png","k",0.3414,"ressources/step2_background1.png","ressources/step2_stim1.png",0.4819,1,9,3656,0,0,0,0,0,0,10,"k",3,77,0,77,0,1,"","",,,,,"",,,"",,,"",,,"",,,,"",,,"","","",,,"","",,,,,"","","",,,,,,,,,"",,,,,"",,,"",,,"",,,"",,,"",,,,,,,"",,,"","",,,,,,,,"",,,,,,,"",,,"","","",,,,,,,,"",,,,,,,,,,,,
"","","",,"","","","","","","",,"","","","","","","",,"","","","","","","",,"","","","","","","",,"","","","","","","",,"","","","","","","",,"","","","","","","",,"","","","","","",88535,1,"2024-11-08_17h26.42.153","experiment","2023.2.3","Win32",60.60606061,"665dd746f5ea0c66ebd85edb","672ddd4f09d6fb6d26d998b2","672e49312ba62b1363744c47","",,,"",,,"",,,"",,,"",,,"",,,"",,,,,"",,,"",,,,"",,,"","","",,,"","",,,,,,"","","",,,,,,,,,"",,,"",,,"",,,"ressources/step1_stim4.png","ressources/step1_stim3.png","s",0.3738,"ressources/step2_background1.png","ressources/step2_stim1.png",0.3632,5,40,3696,0,0,0,0,0,0,10,"k",3,78,0,78,0,1,"","",,,,,"",,,"",,,"",,,"",,,,"",,,"","","",,,"","",,,,,"","","",,,,,,,,,"",,,,,"",,,"",,,"",,,"",,,"",,,,,,,"",,,"","",,,,,,,,"",,,,,,,"",,,"","","",,,,,,,,"",,,,,,,,,,,,
"","","",,"","","","","","","",,"","","","","","","",,"","","","","","","",,"","","","","","","",,"","","","","","","",,"","","","","","","",,"","","","","","","",,"","","","","","",88535,1,"2024-11-08_17h26.42.153","experiment","2023.2.3","Win32",60.60606061,"665dd746f5ea0c66ebd85edb","672ddd4f09d6fb6d26d998b2","672e49312ba62b1363744c47","",,,"",,,"",,,"",,,"",,,"",,,"",,,,,"",,,"",,,,"",,,"","","",,,"","",,,,,,"","","",,,,,,,,,"",,,"",,,"",,,"ressources/step1_stim2.png","ressources/step1_stim7.png","k",0.3732,"ressources/step2_background2.png","ressources/step2_stim2.png",0.5298,5,35,3731,0,0,0,0,0,0,10,"k",3,79,0,79,0,1,"","",,,,,"",,,"",,,"",,,"",,,,"",,,"","","",,,"","",,,,,"","","",,,,,,,,,"",,,,,"",,,"",,,"",,,"",,,"",,,,,,,"",,,"","",,,,,,,,"",,,,,,,"",,,"","","",,,,,,,,"",,,,,,,,,,,,
"","","",,"","","","","","","",,"","","","","","","",,"","","","","","","",,"","","","","","","",,"","","","","","","",,"","","","","","","",,"","","","","","","",,"","","","","","",88535,1,"2024-11-08_17h26.42.153","experiment","2023.2.3","Win32",60.60606061,"665dd746f5ea0c66ebd85edb","672ddd4f09d6fb6d26d998b2","672e49312ba62b1363744c47","",,,"",,,"",,,"",,,"",,,"",,,"",,,,,"",,,"",,,,"",,,"","","",,,"","",,1,,,,"","","",,,,,,,4,,"",,,"",,,"",,,"","","",,"","",,,,,,,,,,,,"",,,,,,,"","",,,,,"space",27.0917,,"space",43.6847,,"k",0.4463,,"space",0.4304,,4,"green_gnome",4,4,"dark_forest","red_basket","brown_gnome",4,7,"bright_forest","yellow_basket",7,0,0,1,"brown_gnome","bright_forest","yellow_basket",7,1,2,0,0,0,3,1,"",,,,,"",,,"",,,"",,,"",,,"",,,,,,,"",,,"","",,,,,,,,"",,,,,,,"",,,"","","",,,,,,,,"",,,,,,,,,,,,
"","","",,"","","","","","","",,"","","","","","","",,"","","","","","","",,"","","","","","","",,"","","","","","","",,"","","","","","","",,"","","","","","","",,"","","","","","",88535,1,"2024-11-08_17h26.42.153","experiment","2023.2.3","Win32",60.60606061,"665dd746f5ea0c66ebd85edb","672ddd4f09d6fb6d26d998b2","672e49312ba62b1363744c47","",,,"",,,"",,,"",,,"",,,"",,,"",,,,,"",,,"",,,,"",,,"","","",,,"","",,1,,,,"","","",,,,,,,1,,"",,,"",,,"",,,"","","",,"","",,,,,,,,,,,,"",,,,,,,"","",,,,,"",,,"",,,"k",0.5174,,"space",0.7437,,1,"orange_gnome",1,6,"dark_forest","red_basket","red_gnome",1,8,"bright_forest","yellow_basket",8,0,0,1,"red_gnome","bright_forest","yellow_basket",15,3,-2,0,1,1,0,1,"",,,,,"",,,"",,,"",,,"",,,"",,,,,,,"",,,"","",,,,,,,,"",,,,,,,"",,,"","","",,,,,,,,"",,,,,,,,,,,,
"","","",,"","","","","","","",,"","","","","","","",,"","","","","","","",,"","","","","","","",,"","","","","","","",,"","","","","","","",,"","","","","","","",,"","","","","","",88535,1,"2024-11-08_17h26.42.153","experiment","2023.2.3","Win32",60.60606061,"665dd746f5ea0c66ebd85edb","672ddd4f09d6fb6d26d998b2","672e49312ba62b1363744c47","",,,"",,,"",,,"",,,"",,,"",,,"",,,,,"",,,"",,,,"",,,"","","",,,"","",,5,,,,"","","",,,,,,,3,,"",,,"",,,"",,,"","","",,"","",,,,,,,,,,,,"",,,,,,,"","",,,,,"",,,"",,,"s",0.4478,,"space",1.0331,,3,"purple_gnome",3,7,"bright_forest","yellow_basket","yellow_gnome",3,4,"dark_forest","red_basket",35,0,0,1,"purple_gnome","bright_forest","yellow_basket",50,3,2,0,2,2,6,1,"",,,,,"",,,"",,,"",,,"",,,"",,,,,,,"",,,"","",,,,,,,,"",,,,,,,"",,,"","","",,,,,,,,"",,,,,,,,,,,,
"","","",,"","","","","","","",,"","","","","","","",,"","","","","","","",,"","","","","","","",,"","","","","","","",,"","","","","","","",,"","","","","","","",,"","","","","","",88535,1,"2024-11-08_17h26.42.153","experiment","2023.2.3","Win32",60.60606061,"665dd746f5ea0c66ebd85edb","672ddd4f09d6fb6d26d998b2","672e49312ba62b1363744c47","",,,"",,,"",,,"",,,"",,,"",,,"",,,,,"",,,"",,,,"",,,"","","",,,"","",,1,,,,"","","",,,,,,,3,,"",,,"",,,"",,,"","","",,"","",,,,,,,,,,,,"",,,,,,,"","",,,,,"",,,"",,,"k",0.4504,,"space",0.5143,,3,"yellow_gnome",3,6,"dark_forest","red_basket","purple_gnome",3,8,"bright_forest","yellow_basket",8,0,0,1,"purple_gnome","bright_forest","yellow_basket",58,1,2,0,3,3,2,1,"",,,,,"",,,"",,,"",,,"",,,"",,,,,,,"",,,"","",,,,,,,,"",,,,,,,"",,,"","","",,,,,,,,"",,,,,,,,,,,,
"","","",,"","","","","","","",,"","","","","","","",,"","","","","","","",,"","","","","","","",,"","","","","","","",,"","","","","","","",,"","","","","","","",,"","","","","","",88535,1,"2024-11-08_17h26.42.153","experiment","2023.2.3","Win32",60.60606061,"665dd746f5ea0c66ebd85edb","672ddd4f09d6fb6d26d998b2","672e49312ba62b1363744c47","",,,"",,,"",,,"",,,"",,,"",,,"",,,,,"",,,"",,,,"",,,"","","",,,"","",,1,,,,"","","",,,,,,,1,,"",,,"",,,"",,,"","","",,"","",,,,,,,,,,,,"",,,,,,,"","",,,,,"",,,"",,,"s",0.3824,,"space",0.5675,,1,"orange_gnome",1,8,"dark_forest","red_basket","red_gnome",1,9,"bright_forest","yellow_basket",8,0,0,1,"orange_gnome","dark_forest","red_basket",66,1,-1,0,4,4,0,1,"",,,,,"",,,"",,,"",,,"",,,"",,,,,,,"",,,"","",,,,,,,,"",,,,,,,"",,,"","","",,,,,,,,"",,,,,,,,,,,,
"","","",,"","","","","","","",,"","","","","","","",,"","","","","","","",,"","","","","","","",,"","","","","","","",,"","","","","","","",,"","","","","","","",,"","","","","","",88535,1,"2024-11-08_17h26.42.153","experiment","2023.2.3","Win32",60.60606061,"665dd746f5ea0c66ebd85edb","672ddd4f09d6fb6d26d998b2","672e49312ba62b1363744c47","",,,"",,,"",,,"",,,"",,,"",,,"",,,,,"",,,"",,,,"",,,"","","",,,"","",,1,,,,"","","",,,,,,,2,,"",,,"",,,"",,,"","","",,"","",,,,,,,,,,,,"",,,,,,,"","",,,,,"",,,"",,,"k",0.66,,"space",0.9603,,2,"pink_gnome",2,7,"dark_forest","red_basket","blue_gnome",2,8,"bright_forest","yellow_basket",8,0,0,1,"blue_gnome","bright_forest","yellow_basket",74,1,2,0,5,5,1,1,"",,,,,"",,,"",,,"",,,"",,,"",,,,,,,"",,,"","",,,,,,,,"",,,,,,,"",,,"","","",,,,,,,,"",,,,,,,,,,,,
"","","",,"","","","","","","",,"","","","","","","",,"","","","","","","",,"","","","","","","",,"","","","","","","",,"","","","","","","",,"","","","","","","",,"","","","","","",88535,1,"2024-11-08_17h26.42.153","experiment","2023.2.3","Win32",60.60606061,"665dd746f5ea0c66ebd85edb","672ddd4f09d6fb6d26d998b2","672e49312ba62b1363744c47","",,,"",,,"",,,"",,,"",,,"",,,"",,,,,"",,,"",,,,"",,,"","","",,,"","",,1,,,,"","","",,,,,,,2,,"",,,"",,,"",,,"","","",,"","",,,,,,,,,,,,"",,,,,,,"","",,,,,"",,,"",,,"k",0.4026,,"space",1.2489,,2,"blue_gnome",2,9,"bright_forest","yellow_basket","pink_gnome",2,9,"dark_forest","red_basket",9,0,0,1,"pink_gnome","dark_forest","red_basket",83,-2,-2,0,6,6,1,1,"",,,,,"",,,"",,,"",,,"",,,"",,,,,,,"",,,"","",,,,,,,,"",,,,,,,"",,,"","","",,,,,,,,"",,,,,,,,,,,,
"","","",,"","","","","","","",,"","","","","","","",,"","","","","","","",,"","","","","","","",,"","","","","","","",,"","","","","","","",,"","","","","","","",,"","","","","","",88535,1,"2024-11-08_17h26.42.153","experiment","2023.2.3","Win32",60.60606061,"665dd746f5ea0c66ebd85edb","672ddd4f09d6fb6d26d998b2","672e49312ba62b1363744c47","",,,"",,,"",,,"",,,"",,,"",,,"",,,,,"",,,"",,,,"",,,"","","",,,"","",,1,,,,"","","",,,,,,,2,,"",,,"",,,"",,,"","","",,"","",,,,,,,,,,,,"",,,,,,,"","",,,,,"",,,"",,,"s",0.5331,,"space",0.4703,,2,"pink_gnome",2,7,"dark_forest","red_basket","blue_gnome",2,7,"bright_forest","yellow_basket",7,0,0,1,"pink_gnome","dark_forest","red_basket",90,-2,2,0,7,7,1,1,"",,,,,"",,,"",,,"",,,"",,,"",,,,,,,"",,,"","",,,,,,,,"",,,,,,,"",,,"","","",,,,,,,,"",,,,,,,,,,,,
"","","",,"","","","","","","",,"","","","","","","",,"","","","","","","",,"","","","","","","",,"","","","","","","",,"","","","","","","",,"","","","","","","",,"","","","","","",88535,1,"2024-11-08_17h26.42.153","experiment","2023.2.3","Win32",60.60606061,"665dd746f5ea0c66ebd85edb","672ddd4f09d6fb6d26d998b2","672e49312ba62b1363744c47","",,,"",,,"",,,"",,,"",,,"",,,"",,,,,"",,,"",,,,"",,,"","","",,,"","",,5,,,,"","","",,,,,,,4,,"",,,"",,,"",,,"","","",,"","",,,,,,,,,,,,"",,,,,,,"","",,,,,"",,,"",,,"k",0.7683,,"space",0.5822,,4,"green_gnome",4,9,"dark_forest","red_basket","brown_gnome",4,5,"bright_forest","yellow_basket",25,0,0,1,"brown_gnome","bright_forest","yellow_basket",115,1,0,1,0,8,7,1,"",,,,,"",,,"",,,"",,,"",,,"",,,,,,,"",,,"","",,,,,,,,"",,,,,,,"",,,"","","",,,,,,,,"",,,,,,,,,,,,
"","","",,"","","","","","","",,"","","","","","","",,"","","","","","","",,"","","","","","","",,"","","","","","","",,"","","","","","","",,"","","","","","","",,"","","","","","",88535,1,"2024-11-08_17h26.42.153","experiment","2023.2.3","Win32",60.60606061,"665dd746f5ea0c66ebd85edb","672ddd4f09d6fb6d26d998b2","672e49312ba62b1363744c47","",,,"",,,"",,,"",,,"",,,"",,,"",,,,,"",,,"",,,,"",,,"","","",,,"","",,1,,,,"","","",,,,,,,4,,"",,,"",,,"",,,"","","",,"","",,,,,,,,,,,,"",,,,,,,"","",,,,,"",,,"",,,"s",0.8727,,"space",0.6482,,4,"brown_gnome",4,6,"bright_forest","yellow_basket","green_gnome",4,9,"dark_forest","red_basket",6,0,0,1,"brown_gnome","bright_forest","yellow_basket",121,-1,0,1,1,9,3,1,"",,,,,"",,,"",,,"",,,"",,,"",,,,,,,"",,,"","",,,,,,,,"",,,,,,,"",,,"","","",,,,,,,,"",,,,,,,,,,,,
"","","",,"","","","","","","",,"","","","","","","",,"","","","","","","",,"","","","","","","",,"","","","","","","",,"","","","","","","",,"","","","","","","",,"","","","","","",88535,1,"2024-11-08_17h26.42.153","experiment","2023.2.3","Win32",60.60606061,"665dd746f5ea0c66ebd85edb","672ddd4f09d6fb6d26d998b2","672e49312ba62b1363744c47","",,,"",,,"",,,"",,,"",,,"",,,"",,,,,"",,,"",,,,"",,,"","","",,,"","",,1,,,,"","","",,,,,,,1,,"",,,"",,,"",,,"","","",,"","",,,,,,,,,,,,"",,,,,,,"","",,,,,"",,,"",,,"k",0.3995,,"space",0.6938,,1,"red_gnome",1,5,"bright_forest","yellow_basket","orange_gnome",1,9,"dark_forest","red_basket",9,0,0,1,"orange_gnome","dark_forest","red_basket",130,-2,1,1,2,10,0,1,"",,,,,"",,,"",,,"",,,"",,,"",,,,,,,"",,,"","",,,,,,,,"",,,,,,,"",,,"","","",,,,,,,,"",,,,,,,,,,,,
"","","",,"","","","","","","",,"","","","","","","",,"","","","","","","",,"","","","","","","",,"","","","","","","",,"","","","","","","",,"","","","","","","",,"","","","","","",88535,1,"2024-11-08_17h26.42.153","experiment","2023.2.3","Win32",60.60606061,"665dd746f5ea0c66ebd85edb","672ddd4f09d6fb6d26d998b2","672e49312ba62b1363744c47","",,,"",,,"",,,"",,,"",,,"",,,"",,,,,"",,,"",,,,"",,,"","","",,,"","",,1,,,,"","","",,,,,,,4,,"",,,"",,,"",,,"","","",,"","",,,,,,,,,,,,"",,,,,,,"","",,,,,"",,,"",,,"k",0.5296,,"space",0.3997,,4,"brown_gnome",4,3,"bright_forest","yellow_basket","green_gnome",4,8,"dark_forest","red_basket",8,0,0,1,"green_gnome","dark_forest","red_basket",138,-1,4,1,3,11,3,1,"",,,,,"",,,"",,,"",,,"",,,"",,,,,,,"",,,"","",,,,,,,,"",,,,,,,"",,,"","","",,,,,,,,"",,,,,,,,,,,,
"","","",,"","","","","","","",,"","","","","","","",,"","","","","","","",,"","","","","","","",,"","","","","","","",,"","","","","","","",,"","","","","","","",,"","","","","","",88535,1,"2024-11-08_17h26.42.153","experiment","2023.2.3","Win32",60.60606061,"665dd746f5ea0c66ebd85edb","672ddd4f09d6fb6d26d998b2","672e49312ba62b1363744c47","",,,"",,,"",,,"",,,"",,,"",,,"",,,,,"",,,"",,,,"",,,"","","",,,"","",,5,,,,"","","",,,,,,,3,,"",,,"",,,"",,,"","","",,"","",,,,,,,,,,,,"",,,,,,,"","",,,,,"",,,"",,,"s",0.3938,,"space",0.6492,,3,"purple_gnome",3,2,"bright_forest","yellow_basket","yellow_gnome",3,6,"dark_forest","red_basket",10,0,0,1,"purple_gnome","bright_forest","yellow_basket",148,1,1,1,4,12,6,1,"",,,,,"",,,"",,,"",,,"",,,"",,,,,,,"",,,"","",,,,,,,,"",,,,,,,"",,,"","","",,,,,,,,"",,,,,,,,,,,,
"","","",,"","","","","","","",,"","","","","","","",,"","","","","","","",,"","","","","","","",,"","","","","","","",,"","","","","","","",,"","","","","","","",,"","","","","","",88535,1,"2024-11-08_17h26.42.153","experiment","2023.2.3","Win32",60.60606061,"665dd746f5ea0c66ebd85edb","672ddd4f09d6fb6d26d998b2","672e49312ba62b1363744c47","",,,"",,,"",,,"",,,"",,,"",,,"",,,,,"",,,"",,,,"",,,"","","",,,"","",,5,,,,"","","",,,,,,,3,,"",,,"",,,"",,,"","","",,"","",,,,,,,,,,,,"",,,,,,,"","",,,,,"",,,"",,,"k",0.3477,,"space",0.3846,,3,"purple_gnome",3,3,"bright_forest","yellow_basket","yellow_gnome",3,7,"dark_forest","red_basket",35,0,0,1,"yellow_gnome","dark_forest","red_basket",183,0,-1,1,5,13,6,1,"",,,,,"",,,"",,,"",,,"",,,"",,,,,,,"",,,"","",,,,,,,,"",,,,,,,"",,,"","","",,,,,,,,"",,,,,,,,,,,,
"","","",,"","","","","","","",,"","","","","","","",,"","","","","","","",,"","","","","","","",,"","","","","","","",,"","","","","","","",,"","","","","","","",,"","","","","","",88535,1,"2024-11-08_17h26.42.153","experiment","2023.2.3","Win32",60.60606061,"665dd746f5ea0c66ebd85edb","672ddd4f09d6fb6d26d998b2","672e49312ba62b1363744c47","",,,"",,,"",,,"",,,"",,,"",,,"",,,,,"",,,"",,,,"",,,"","","",,,"","",,1,,,,"","","",,,,,,,1,,"",,,"",,,"",,,"","","",,"","",,,,,,,,,,,,"",,,,,,,"","",,,,,"",,,"",,,"k",0.3868,,"space",0.4532,,1,"orange_gnome",1,6,"dark_forest","red_basket","red_gnome",1,3,"bright_forest","yellow_basket",3,0,0,1,"red_gnome","bright_forest","yellow_basket",186,-1,0,1,6,14,0,1,"",,,,,"",,,"",,,"",,,"",,,"",,,,,,,"",,,"","",,,,,,,,"",,,,,,,"",,,"","","",,,,,,,,"",,,,,,,,,,,,
"","","",,"","","","","","","",,"","","","","","","",,"","","","","","","",,"","","","","","","",,"","","","","","","",,"","","","","","","",,"","","","","","","",,"","","","","","",88535,1,"2024-11-08_17h26.42.153","experiment","2023.2.3","Win32",60.60606061,"665dd746f5ea0c66ebd85edb","672ddd4f09d6fb6d26d998b2","672e49312ba62b1363744c47","",,,"",,,"",,,"",,,"",,,"",,,"",,,,,"",,,"",,,,"",,,"","","",,,"","",,5,,,,"","","",,,,,,,3,,"",,,"",,,"",,,"","","",,"","",,,,,,,,,,,,"",,,,,,,"","",,,,,"",,,"",,,"s",0.4509,,"space",0.4499,,3,"purple_gnome",3,2,"bright_forest","yellow_basket","yellow_gnome",3,6,"dark_forest","red_basket",10,0,0,1,"purple_gnome","bright_forest","yellow_basket",196,2,-1,1,7,15,6,1,"",,,,,"",,,"",,,"",,,"",,,"",,,,,,,"",,,"","",,,,,,,,"",,,,,,,"",,,"","","",,,,,,,,"",,,,,,,,,,,,
"","","",,"","","","","","","",,"","","","","","","",,"","","","","","","",,"","","","","","","",,"","","","","","","",,"","","","","","","",,"","","","","","","",,"","","","","","",88535,1,"2024-11-08_17h26.42.153","experiment","2023.2.3","Win32",60.60606061,"665dd746f5ea0c66ebd85edb","672ddd4f09d6fb6d26d998b2","672e49312ba62b1363744c47","",,,"",,,"",,,"",,,"",,,"",,,"",,,,,"",,,"",,,,"",,,"","","",,,"","",,1,,,,"","","",,,,,,,1,,"",,,"",,,"",,,"","","",,"","",,,,,,,,,,,,"",,,,,,,"","",,,,,"",,,"",,,"k",0.4175,,"space",0.3156,,1,"red_gnome",1,4,"bright_forest","yellow_basket","orange_gnome",1,5,"dark_forest","red_basket",5,0,0,1,"orange_gnome","dark_forest","red_basket",201,-1,0,2,0,16,0,1,"",,,,,"",,,"",,,"",,,"",,,"",,,,,,,"",,,"","",,,,,,,,"",,,,,,,"",,,"","","",,,,,,,,"",,,,,,,,,,,,
"","","",,"","","","","","","",,"","","","","","","",,"","","","","","","",,"","","","","","","",,"","","","","","","",,"","","","","","","",,"","","","","","","",,"","","","","","",88535,1,"2024-11-08_17h26.42.153","experiment","2023.2.3","Win32",60.60606061,"665dd746f5ea0c66ebd85edb","672ddd4f09d6fb6d26d998b2","672e49312ba62b1363744c47","",,,"",,,"",,,"",,,"",,,"",,,"",,,,,"",,,"",,,,"",,,"","","",,,"","",,1,,,,"","","",,,,,,,2,,"",,,"",,,"",,,"","","",,"","",,,,,,,,,,,,"",,,,,,,"","",,,,,"",,,"",,,"k",0.4198,,"space",0.4351,,2,"pink_gnome",2,5,"dark_forest","red_basket","blue_gnome",2,3,"bright_forest","yellow_basket",3,0,0,1,"blue_gnome","bright_forest","yellow_basket",204,0,3,2,1,17,1,1,"",,,,,"",,,"",,,"",,,"",,,"",,,,,,,"",,,"","",,,,,,,,"",,,,,,,"",,,"","","",,,,,,,,"",,,,,,,,,,,,
"","","",,"","","","","","","",,"","","","","","","",,"","","","","","","",,"","","","","","","",,"","","","","","","",,"","","","","","","",,"","","","","","","",,"","","","","","",88535,1,"2024-11-08_17h26.42.153","experiment","2023.2.3","Win32",60.60606061,"665dd746f5ea0c66ebd85edb","672ddd4f09d6fb6d26d998b2","672e49312ba62b1363744c47","",,,"",,,"",,,"",,,"",,,"",,,"",,,,,"",,,"",,,,"",,,"","","",,,"","",,5,,,,"","","",,,,,,,4,,"",,,"",,,"",,,"","","",,"","",,,,,,,,,,,,"",,,,,,,"","",,,,,"",,,"",,,"s",0.4154,,"space",0.5822,,4,"brown_gnome",4,3,"bright_forest","yellow_basket","green_gnome",4,8,"dark_forest","red_basket",15,0,0,1,"brown_gnome","bright_forest","yellow_basket",219,0,3,2,2,18,7,1,"",,,,,"",,,"",,,"",,,"",,,"",,,,,,,"",,,"","",,,,,,,,"",,,,,,,"",,,"","","",,,,,,,,"",,,,,,,,,,,,
"","","",,"","","","","","","",,"","","","","","","",,"","","","","","","",,"","","","","","","",,"","","","","","","",,"","","","","","","",,"","","","","","","",,"","","","","","",88535,1,"2024-11-08_17h26.42.153","experiment","2023.2.3","Win32",60.60606061,"665dd746f5ea0c66ebd85edb","672ddd4f09d6fb6d26d998b2","672e49312ba62b1363744c47","",,,"",,,"",,,"",,,"",,,"",,,"",,,,,"",,,"",,,,"",,,"","","",,,"","",,5,,,,"","","",,,,,,,4,,"",,,"",,,"",,,"","","",,"","",,,,,,,,,,,,"",,,,,,,"","",,,,,"",,,"",,,"k",0.4613,,"space",0.5356,,4,"green_gnome",4,7,"dark_forest","red_basket","brown_gnome",4,3,"bright_forest","yellow_basket",15,0,0,1,"brown_gnome","bright_forest","yellow_basket",234,1,2,2,3,19,7,1,"",,,,,"",,,"",,,"",,,"",,,"",,,,,,,"",,,"","",,,,,,,,"",,,,,,,"",,,"","","",,,,,,,,"",,,,,,,,,,,,
"","","",,"","","","","","","",,"","","","","","","",,"","","","","","","",,"","","","","","","",,"","","","","","","",,"","","","","","","",,"","","","","","","",,"","","","","","",88535,1,"2024-11-08_17h26.42.153","experiment","2023.2.3","Win32",60.60606061,"665dd746f5ea0c66ebd85edb","672ddd4f09d6fb6d26d998b2","672e49312ba62b1363744c47","",,,"",,,"",,,"",,,"",,,"",,,"",,,,,"",,,"",,,,"",,,"","","",,,"","",,1,,,,"","","",,,,,,,2,,"",,,"",,,"",,,"","","",,"","",,,,,,,,,,,,"",,,,,,,"","",,,,,"",,,"",,,"s",0.5501,,"space",0.3616,,2,"pink_gnome",2,9,"dark_forest","red_basket","blue_gnome",2,4,"bright_forest","yellow_basket",9,0,0,1,"pink_gnome","dark_forest","red_basket",243,0,-1,2,4,20,1,1,"",,,,,"",,,"",,,"",,,"",,,"",,,,,,,"",,,"","",,,,,,,,"",,,,,,,"",,,"","","",,,,,,,,"",,,,,,,,,,,,
"","","",,"","","","","","","",,"","","","","","","",,"","","","","","","",,"","","","","","","",,"","","","","","","",,"","","","","","","",,"","","","","","","",,"","","","","","",88535,1,"2024-11-08_17h26.42.153","experiment","2023.2.3","Win32",60.60606061,"665dd746f5ea0c66ebd85edb","672ddd4f09d6fb6d26d998b2","672e49312ba62b1363744c47","",,,"",,,"",,,"",,,"",,,"",,,"",,,,,"",,,"",,,,"",,,"","","",,,"","",,5,,,,"","","",,,,,,,2,,"",,,"",,,"",,,"","","",,"","",,,,,,,,,,,,"",,,,,,,"","",,,,,"",,,"",,,"k",0.5768,,"space",0.6619,,2,"pink_gnome",2,8,"dark_forest","red_basket","blue_gnome",2,4,"bright_forest","yellow_basket",20,0,0,1,"blue_gnome","bright_forest","yellow_basket",263,-2,-4,2,5,21,5,1,"",,,,,"",,,"",,,"",,,"",,,"",,,,,,,"",,,"","",,,,,,,,"",,,,,,,"",,,"","","",,,,,,,,"",,,,,,,,,,,,
"","","",,"","","","","","","",,"","","","","","","",,"","","","","","","",,"","","","","","","",,"","","","","","","",,"","","","","","","",,"","","","","","","",,"","","","","","",88535,1,"2024-11-08_17h26.42.153","experiment","2023.2.3","Win32",60.60606061,"665dd746f5ea0c66ebd85edb","672ddd4f09d6fb6d26d998b2","672e49312ba62b1363744c47","",,,"",,,"",,,"",,,"",,,"",,,"",,,,,"",,,"",,,,"",,,"","","",,,"","",,1,,,,"","","",,,,,,,2,,"",,,"",,,"",,,"","","",,"","",,,,,,,,,,,,"",,,,,,,"","",,,,,"",,,"",,,"s",0.645,,"space",0.6197,,2,"blue_gnome",2,2,"bright_forest","yellow_basket","pink_gnome",2,4,"dark_forest","red_basket",2,0,0,1,"blue_gnome","bright_forest","yellow_basket",265,1,-2,2,6,22,1,1,"",,,,,"",,,"",,,"",,,"",,,"",,,,,,,"",,,"","",,,,,,,,"",,,,,,,"",,,"","","",,,,,,,,"",,,,,,,,,,,,
"","","",,"","","","","","","",,"","","","","","","",,"","","","","","","",,"","","","","","","",,"","","","","","","",,"","","","","","","",,"","","","","","","",,"","","","","","",88535,1,"2024-11-08_17h26.42.153","experiment","2023.2.3","Win32",60.60606061,"665dd746f5ea0c66ebd85edb","672ddd4f09d6fb6d26d998b2","672e49312ba62b1363744c47","",,,"",,,"",,,"",,,"",,,"",,,"",,,,,"",,,"",,,,"",,,"","","",,,"","",,1,,,,"","","",,,,,,,3,,"",,,"",,,"",,,"","","",,"","",,,,,,,,,,,,"",,,,,,,"","",,,,,"",,,"",,,"k",0.4473,,"space",0.3607,,3,"purple_gnome",3,3,"bright_forest","yellow_basket","yellow_gnome",3,2,"dark_forest","red_basket",2,0,0,1,"yellow_gnome","dark_forest","red_basket",267,0,2,2,7,23,2,1,"",,,,,"",,,"",,,"",,,"",,,"",,,,,,,"",,,"","",,,,,,,,"",,,,,,,"",,,"","","",,,,,,,,"",,,,,,,,,,,,
"","","",,"","","","","","","",,"","","","","","","",,"","","","","","","",,"","","","","","","",,"","","","","","","",,"","","","","","","",,"","","","","","","",,"","","","","","",88535,1,"2024-11-08_17h26.42.153","experiment","2023.2.3","Win32",60.60606061,"665dd746f5ea0c66ebd85edb","672ddd4f09d6fb6d26d998b2","672e49312ba62b1363744c47","",,,"",,,"",,,"",,,"",,,"",,,"",,,,,"",,,"",,,,"",,,"","","",,,"","",,1,,,,"","","",,,,,,,4,,"",,,"",,,"",,,"","","",,"","",,,,,,,,,,,,"",,,,,,,"","",,,,,"",,,"",,,"k",0.3907,,"space",0.5657,,4,"green_gnome",4,4,"dark_forest","red_basket","brown_gnome",4,3,"bright_forest","yellow_basket",3,0,0,1,"brown_gnome","bright_forest","yellow_basket",270,-2,-1,3,0,24,3,1,"",,,,,"",,,"",,,"",,,"",,,"",,,,,,,"",,,"","",,,,,,,,"",,,,,,,"",,,"","","",,,,,,,,"",,,,,,,,,,,,
"","","",,"","","","","","","",,"","","","","","","",,"","","","","","","",,"","","","","","","",,"","","","","","","",,"","","","","","","",,"","","","","","","",,"","","","","","",88535,1,"2024-11-08_17h26.42.153","experiment","2023.2.3","Win32",60.60606061,"665dd746f5ea0c66ebd85edb","672ddd4f09d6fb6d26d998b2","672e49312ba62b1363744c47","",,,"",,,"",,,"",,,"",,,"",,,"",,,,,"",,,"",,,,"",,,"","","",,,"","",,1,,,,"","","",,,,,,,3,,"",,,"",,,"",,,"","","",,"","",,,,,,,,,,,,"",,,,,,,"","",,,,,"",,,"",,,"s",0.4307,,"space",0.4489,,3,"purple_gnome",3,1,"bright_forest","yellow_basket","yellow_gnome",3,3,"dark_forest","red_basket",1,0,0,1,"purple_gnome","bright_forest","yellow_basket",271,-2,1,3,1,25,2,1,"",,,,,"",,,"",,,"",,,"",,,"",,,,,,,"",,,"","",,,,,,,,"",,,,,,,"",,,"","","",,,,,,,,"",,,,,,,,,,,,
"","","",,"","","","","","","",,"","","","","","","",,"","","","","","","",,"","","","","","","",,"","","","","","","",,"","","","","","","",,"","","","","","","",,"","","","","","",88535,1,"2024-11-08_17h26.42.153","experiment","2023.2.3","Win32",60.60606061,"665dd746f5ea0c66ebd85edb","672ddd4f09d6fb6d26d998b2","672e49312ba62b1363744c47","",,,"",,,"",,,"",,,"",,,"",,,"",,,,,"",,,"",,,,"",,,"","","",,,"","",,5,,,,"","","",,,,,,,4,,"",,,"",,,"",,,"","","",,"","",,,,,,,,,,,,"",,,,,,,"","",,,,,"",,,"",,,"k",0.5361,,"",,,4,"brown_gnome",4,1,"bright_forest","yellow_basket","green_gnome",4,4,"dark_forest","red_basket",0,0,1,0,"green_gnome","dark_forest","red_basket",271,2,-1,3,2,26,7,1,"",,,,,"",,,"",,,"",,,"",,,"",,,,,,,"",,,"","",,,,,,,,"",,,,,,,"",,,"","","",,,,,,,,"",,,,,,,,,,,,
"","","",,"","","","","","","",,"","","","","","","",,"","","","","","","",,"","","","","","","",,"","","","","","","",,"","","","","","","",,"","","","","","","",,"","","","","","",88535,1,"2024-11-08_17h26.42.153","experiment","2023.2.3","Win32",60.60606061,"665dd746f5ea0c66ebd85edb","672ddd4f09d6fb6d26d998b2","672e49312ba62b1363744c47","",,,"",,,"",,,"",,,"",,,"",,,"",,,,,"",,,"",,,,"",,,"","","",,,"","",,5,,,,"","","",,,,,,,4,,"",,,"",,,"",,,"","","",,"","",,,,,,,,,,,,"",,,,,,,"","",,,,,"",,,"",,,"k",0.3606,,"space",0.6181,,4,"green_gnome",4,3,"dark_forest","red_basket","brown_gnome",4,3,"bright_forest","yellow_basket",15,0,0,1,"brown_gnome","bright_forest","yellow_basket",286,0,-2,3,3,27,7,1,"",,,,,"",,,"",,,"",,,"",,,"",,,,,,,"",,,"","",,,,,,,,"",,,,,,,"",,,"","","",,,,,,,,"",,,,,,,,,,,,
"","","",,"","","","","","","",,"","","","","","","",,"","","","","","","",,"","","","","","","",,"","","","","","","",,"","","","","","","",,"","","","","","","",,"","","","","","",88535,1,"2024-11-08_17h26.42.153","experiment","2023.2.3","Win32",60.60606061,"665dd746f5ea0c66ebd85edb","672ddd4f09d6fb6d26d998b2","672e49312ba62b1363744c47","",,,"",,,"",,,"",,,"",,,"",,,"",,,,,"",,,"",,,,"",,,"","","",,,"","",,1,,,,"","","",,,,,,,3,,"",,,"",,,"",,,"","","",,"","",,,,,,,,,,,,"",,,,,,,"","",,,,,"",,,"",,,"s",0.4398,,"space",0.0681,,3,"yellow_gnome",3,1,"dark_forest","red_basket","purple_gnome",3,3,"bright_forest","yellow_basket",1,0,0,1,"yellow_gnome","dark_forest","red_basket",287,2,0,3,4,28,2,1,"",,,,,"",,,"",,,"",,,"",,,"",,,,,,,"",,,"","",,,,,,,,"",,,,,,,"",,,"","","",,,,,,,,"",,,,,,,,,,,,
"","","",,"","","","","","","",,"","","","","","","",,"","","","","","","",,"","","","","","","",,"","","","","","","",,"","","","","","","",,"","","","","","","",,"","","","","","",88535,1,"2024-11-08_17h26.42.153","experiment","2023.2.3","Win32",60.60606061,"665dd746f5ea0c66ebd85edb","672ddd4f09d6fb6d26d998b2","672e49312ba62b1363744c47","",,,"",,,"",,,"",,,"",,,"",,,"",,,,,"",,,"",,,,"",,,"","","",,,"","",,1,,,,"","","",,,,,,,4,,"",,,"",,,"",,,"","","",,"","",,,,,,,,,,,,"",,,,,,,"","",,,,,"",,,"",,,"k",0.4054,,"space",0.4499,,4,"brown_gnome",4,5,"bright_forest","yellow_basket","green_gnome",4,1,"dark_forest","red_basket",1,0,0,1,"green_gnome","dark_forest","red_basket",288,-1,1,3,5,29,3,1,"",,,,,"",,,"",,,"",,,"",,,"",,,,,,,"",,,"","",,,,,,,,"",,,,,,,"",,,"","","",,,,,,,,"",,,,,,,,,,,,
"","","",,"","","","","","","",,"","","","","","","",,"","","","","","","",,"","","","","","","",,"","","","","","","",,"","","","","","","",,"","","","","","","",,"","","","","","",88535,1,"2024-11-08_17h26.42.153","experiment","2023.2.3","Win32",60.60606061,"665dd746f5ea0c66ebd85edb","672ddd4f09d6fb6d26d998b2","672e49312ba62b1363744c47","",,,"",,,"",,,"",,,"",,,"",,,"",,,,,"",,,"",,,,"",,,"","","",,,"","",,5,,,,"","","",,,,,,,4,,"",,,"",,,"",,,"","","",,"","",,,,,,,,,,,,"",,,,,,,"","",,,,,"",,,"",,,"k",0.3591,,"space",0.6438,,4,"green_gnome",4,2,"dark_forest","red_basket","brown_gnome",4,4,"bright_forest","yellow_basket",20,0,0,1,"brown_gnome","bright_forest","yellow_basket",308,-3,3,3,6,30,7,1,"",,,,,"",,,"",,,"",,,"",,,"",,,,,,,"",,,"","",,,,,,,,"",,,,,,,"",,,"","","",,,,,,,,"",,,,,,,,,,,,
"","","",,"","","","","","","",,"","","","","","","",,"","","","","","","",,"","","","","","","",,"","","","","","","",,"","","","","","","",,"","","","","","","",,"","","","","","",88535,1,"2024-11-08_17h26.42.153","experiment","2023.2.3","Win32",60.60606061,"665dd746f5ea0c66ebd85edb","672ddd4f09d6fb6d26d998b2","672e49312ba62b1363744c47","",,,"",,,"",,,"",,,"",,,"",,,"",,,,,"",,,"",,,,"",,,"","","",,,"","",,5,,,,"","","",,,,,,,4,,"",,,"",,,"",,,"","","",,"","",,,,,,,,,,,,"",,,,,,,"","",,,,,"",,,"",,,"k",1.298,,"space",0.6862,,4,"green_gnome",4,5,"dark_forest","red_basket","brown_gnome",4,1,"bright_forest","yellow_basket",5,0,0,1,"brown_gnome","bright_forest","yellow_basket",313,0,-2,3,7,31,7,1,"",,,,,"",,,"",,,"",,,"",,,"",,,,,,,"",,,"","",,,,,,,,"",,,,,,,"",,,"","","",,,,,,,,"",,,,,,,,,,,,
"","","",,"","","","","","","",,"","","","","","","",,"","","","","","","",,"","","","","","","",,"","","","","","","",,"","","","","","","",,"","","","","","","",,"","","","","","",88535,1,"2024-11-08_17h26.42.153","experiment","2023.2.3","Win32",60.60606061,"665dd746f5ea0c66ebd85edb","672ddd4f09d6fb6d26d998b2","672e49312ba62b1363744c47","",,,"",,,"",,,"",,,"",,,"",,,"",,,,,"",,,"",,,,"",,,"","","",,,"","",,1,,,,"","","",,,,,,,3,,"",,,"",,,"",,,"","","",,"","",,,,,,,,,,,,"",,,,,,,"","",,,,,"",,,"",,,"s",0.3974,,"space",0.3024,,3,"yellow_gnome",3,3,"dark_forest","red_basket","purple_gnome",3,1,"bright_forest","yellow_basket",3,0,0,1,"yellow_gnome","dark_forest","red_basket",316,-2,2,4,0,32,2,1,"",,,,,"",,,"",,,"",,,"",,,"",,,,,,,"",,,"","",,,,,,,,"",,,,,,,"",,,"","","",,,,,,,,"",,,,,,,,,,,,
"","","",,"","","","","","","",,"","","","","","","",,"","","","","","","",,"","","","","","","",,"","","","","","","",,"","","","","","","",,"","","","","","","",,"","","","","","",88535,1,"2024-11-08_17h26.42.153","experiment","2023.2.3","Win32",60.60606061,"665dd746f5ea0c66ebd85edb","672ddd4f09d6fb6d26d998b2","672e49312ba62b1363744c47","",,,"",,,"",,,"",,,"",,,"",,,"",,,,,"",,,"",,,,"",,,"","","",,,"","",,5,,,,"","","",,,,,,,4,,"",,,"",,,"",,,"","","",,"","",,,,,,,,,,,,"",,,,,,,"","",,,,,"",,,"",,,"s",0.3498,,"space",0.4277,,4,"brown_gnome",4,1,"bright_forest","yellow_basket","green_gnome",4,5,"dark_forest","red_basket",5,0,0,1,"brown_gnome","bright_forest","yellow_basket",321,-2,-1,4,1,33,7,1,"",,,,,"",,,"",,,"",,,"",,,"",,,,,,,"",,,"","",,,,,,,,"",,,,,,,"",,,"","","",,,,,,,,"",,,,,,,,,,,,
"","","",,"","","","","","","",,"","","","","","","",,"","","","","","","",,"","","","","","","",,"","","","","","","",,"","","","","","","",,"","","","","","","",,"","","","","","",88535,1,"2024-11-08_17h26.42.153","experiment","2023.2.3","Win32",60.60606061,"665dd746f5ea0c66ebd85edb","672ddd4f09d6fb6d26d998b2","672e49312ba62b1363744c47","",,,"",,,"",,,"",,,"",,,"",,,"",,,,,"",,,"",,,,"",,,"","","",,,"","",,1,,,,"","","",,,,,,,3,,"",,,"",,,"",,,"","","",,"","",,,,,,,,,,,,"",,,,,,,"","",,,,,"",,,"",,,"k",0.5319,,"space",0.4597,,3,"yellow_gnome",3,4,"dark_forest","red_basket","purple_gnome",3,1,"bright_forest","yellow_basket",1,0,0,1,"purple_gnome","bright_forest","yellow_basket",322,-4,-1,4,2,34,2,1,"",,,,,"",,,"",,,"",,,"",,,"",,,,,,,"",,,"","",,,,,,,,"",,,,,,,"",,,"","","",,,,,,,,"",,,,,,,,,,,,
"","","",,"","","","","","","",,"","","","","","","",,"","","","","","","",,"","","","","","","",,"","","","","","","",,"","","","","","","",,"","","","","","","",,"","","","","","",88535,1,"2024-11-08_17h26.42.153","experiment","2023.2.3","Win32",60.60606061,"665dd746f5ea0c66ebd85edb","672ddd4f09d6fb6d26d998b2","672e49312ba62b1363744c47","",,,"",,,"",,,"",,,"",,,"",,,"",,,,,"",,,"",,,,"",,,"","","",,,"","",,1,,,,"","","",,,,,,,4,,"",,,"",,,"",,,"","","",,"","",,,,,,,,,,,,"",,,,,,,"","",,,,,"",,,"",,,"k",1.2634,,"space",0.5372,,4,"brown_gnome",4,3,"bright_forest","yellow_basket","green_gnome",4,3,"dark_forest","red_basket",3,0,0,1,"green_gnome","dark_forest","red_basket",325,3,4,4,3,35,3,1,"",,,,,"",,,"",,,"",,,"",,,"",,,,,,,"",,,"","",,,,,,,,"",,,,,,,"",,,"","","",,,,,,,,"",,,,,,,,,,,,
"","","",,"","","","","","","",,"","","","","","","",,"","","","","","","",,"","","","","","","",,"","","","","","","",,"","","","","","","",,"","","","","","","",,"","","","","","",88535,1,"2024-11-08_17h26.42.153","experiment","2023.2.3","Win32",60.60606061,"665dd746f5ea0c66ebd85edb","672ddd4f09d6fb6d26d998b2","672e49312ba62b1363744c47","",,,"",,,"",,,"",,,"",,,"",,,"",,,,,"",,,"",,,,"",,,"","","",,,"","",,5,,,,"","","",,,,,,,3,,"",,,"",,,"",,,"","","",,"","",,,,,,,,,,,,"",,,,,,,"","",,,,,"",,,"",,,"s",0.4767,,"space",0.3529,,3,"purple_gnome",3,6,"bright_forest","yellow_basket","yellow_gnome",3,7,"dark_forest","red_basket",30,0,0,1,"purple_gnome","bright_forest","yellow_basket",355,-3,-1,4,4,36,6,1,"",,,,,"",,,"",,,"",,,"",,,"",,,,,,,"",,,"","",,,,,,,,"",,,,,,,"",,,"","","",,,,,,,,"",,,,,,,,,,,,
"","","",,"","","","","","","",,"","","","","","","",,"","","","","","","",,"","","","","","","",,"","","","","","","",,"","","","","","","",,"","","","","","","",,"","","","","","",88535,1,"2024-11-08_17h26.42.153","experiment","2023.2.3","Win32",60.60606061,"665dd746f5ea0c66ebd85edb","672ddd4f09d6fb6d26d998b2","672e49312ba62b1363744c47","",,,"",,,"",,,"",,,"",,,"",,,"",,,,,"",,,"",,,,"",,,"","","",,,"","",,5,,,,"","","",,,,,,,4,,"",,,"",,,"",,,"","","",,"","",,,,,,,,,,,,"",,,,,,,"","",,,,,"",,,"",,,"s",0.4331,,"space",0.3321,,4,"green_gnome",4,6,"dark_forest","red_basket","brown_gnome",4,3,"bright_forest","yellow_basket",30,0,0,1,"green_gnome","dark_forest","red_basket",385,-2,1,4,5,37,7,1,"",,,,,"",,,"",,,"",,,"",,,"",,,,,,,"",,,"","",,,,,,,,"",,,,,,,"",,,"","","",,,,,,,,"",,,,,,,,,,,,
"","","",,"","","","","","","",,"","","","","","","",,"","","","","","","",,"","","","","","","",,"","","","","","","",,"","","","","","","",,"","","","","","","",,"","","","","","",88535,1,"2024-11-08_17h26.42.153","experiment","2023.2.3","Win32",60.60606061,"665dd746f5ea0c66ebd85edb","672ddd4f09d6fb6d26d998b2","672e49312ba62b1363744c47","",,,"",,,"",,,"",,,"",,,"",,,"",,,,,"",,,"",,,,"",,,"","","",,,"","",,1,,,,"","","",,,,,,,2,,"",,,"",,,"",,,"","","",,"","",,,,,,,,,,,,"",,,,,,,"","",,,,,"",,,"",,,"s",0.4615,,"space",0.3867,,2,"blue_gnome",2,1,"bright_forest","yellow_basket","pink_gnome",2,7,"dark_forest","red_basket",1,0,0,1,"blue_gnome","bright_forest","yellow_basket",386,3,-2,4,6,38,1,1,"",,,,,"",,,"",,,"",,,"",,,"",,,,,,,"",,,"","",,,,,,,,"",,,,,,,"",,,"","","",,,,,,,,"",,,,,,,,,,,,
"","","",,"","","","","","","",,"","","","","","","",,"","","","","","","",,"","","","","","","",,"","","","","","","",,"","","","","","","",,"","","","","","","",,"","","","","","",88535,1,"2024-11-08_17h26.42.153","experiment","2023.2.3","Win32",60.60606061,"665dd746f5ea0c66ebd85edb","672ddd4f09d6fb6d26d998b2","672e49312ba62b1363744c47","",,,"",,,"",,,"",,,"",,,"",,,"",,,,,"",,,"",,,,"",,,"","","",,,"","",,1,,,,"","","",,,,,,,4,,"",,,"",,,"",,,"","","",,"","",,,,,,,,,,,,"",,,,,,,"","",,,,,"",,,"",,,"",,,"",,,4,"brown_gnome",4,4,"bright_forest","yellow_basket","green_gnome",4,5,"dark_forest","red_basket",0,1,0,0,"","bright_forest","yellow_basket",386,0,-1,4,7,39,3,1,"",,,,,"",,,"",,,"",,,"",,,"",,,,,,,"",,,"","",,,,,,,,"",,,,,,,"",,,"","","",,,,,,,,"",,,,,,,,,,,,
"","","",,"","","","","","","",,"","","","","","","",,"","","","","","","",,"","","","","","","",,"","","","","","","",,"","","","","","","",,"","","","","","","",,"","","","","","",88535,1,"2024-11-08_17h26.42.153","experiment","2023.2.3","Win32",60.60606061,"665dd746f5ea0c66ebd85edb","672ddd4f09d6fb6d26d998b2","672e49312ba62b1363744c47","",,,"",,,"",,,"",,,"",,,"",,,"",,,,,"",,,"",,,,"",,,"","","",,,"","",,5,,,,"","","",,,,,,,4,,"",,,"",,,"",,,"","","",,"","",,,,,,,,,,,,"",,,,,,,"","",,,,,"",,,"",,,"k",0.4391,,"space",1.0978,,4,"brown_gnome",4,4,"bright_forest","yellow_basket","green_gnome",4,4,"dark_forest","red_basket",20,0,0,1,"green_gnome","dark_forest","red_basket",406,3,3,5,0,40,7,1,"",,,,,"",,,"",,,"",,,"",,,"",,,,,,,"",,,"","",,,,,,,,"",,,,,,,"",,,"","","",,,,,,,,"",,,,,,,,,,,,
"","","",,"","","","","","","",,"","","","","","","",,"","","","","","","",,"","","","","","","",,"","","","","","","",,"","","","","","","",,"","","","","","","",,"","","","","","",88535,1,"2024-11-08_17h26.42.153","experiment","2023.2.3","Win32",60.60606061,"665dd746f5ea0c66ebd85edb","672ddd4f09d6fb6d26d998b2","672e49312ba62b1363744c47","",,,"",,,"",,,"",,,"",,,"",,,"",,,,,"",,,"",,,,"",,,"","","",,,"","",,5,,,,"","","",,,,,,,2,,"",,,"",,,"",,,"","","",,"","",,,,,,,,,,,,"",,,,,,,"","",,,,,"",,,"",,,"k",0.481,,"space",0.5667,,2,"pink_gnome",2,7,"dark_forest","red_basket","blue_gnome",2,7,"bright_forest","yellow_basket",35,0,0,1,"blue_gnome","bright_forest","yellow_basket",441,1,0,5,1,41,5,1,"",,,,,"",,,"",,,"",,,"",,,"",,,,,,,"",,,"","",,,,,,,,"",,,,,,,"",,,"","","",,,,,,,,"",,,,,,,,,,,,
"","","",,"","","","","","","",,"","","","","","","",,"","","","","","","",,"","","","","","","",,"","","","","","","",,"","","","","","","",,"","","","","","","",,"","","","","","",88535,1,"2024-11-08_17h26.42.153","experiment","2023.2.3","Win32",60.60606061,"665dd746f5ea0c66ebd85edb","672ddd4f09d6fb6d26d998b2","672e49312ba62b1363744c47","",,,"",,,"",,,"",,,"",,,"",,,"",,,,,"",,,"",,,,"",,,"","","",,,"","",,5,,,,"","","",,,,,,,2,,"",,,"",,,"",,,"","","",,"","",,,,,,,,,,,,"",,,,,,,"","",,,,,"",,,"",,,"k",0.4784,,"space",0.481,,2,"blue_gnome",2,8,"bright_forest","yellow_basket","pink_gnome",2,7,"dark_forest","red_basket",35,0,0,1,"pink_gnome","dark_forest","red_basket",476,-2,-2,5,2,42,5,1,"",,,,,"",,,"",,,"",,,"",,,"",,,,,,,"",,,"","",,,,,,,,"",,,,,,,"",,,"","","",,,,,,,,"",,,,,,,,,,,,
"","","",,"","","","","","","",,"","","","","","","",,"","","","","","","",,"","","","","","","",,"","","","","","","",,"","","","","","","",,"","","","","","","",,"","","","","","",88535,1,"2024-11-08_17h26.42.153","experiment","2023.2.3","Win32",60.60606061,"665dd746f5ea0c66ebd85edb","672ddd4f09d6fb6d26d998b2","672e49312ba62b1363744c47","",,,"",,,"",,,"",,,"",,,"",,,"",,,,,"",,,"",,,,"",,,"","","",,,"","",,1,,,,"","","",,,,,,,1,,"",,,"",,,"",,,"","","",,"","",,,,,,,,,,,,"",,,,,,,"","",,,,,"",,,"",,,"k",0.5834,,"space",0.4955,,1,"red_gnome",1,6,"bright_forest","yellow_basket","orange_gnome",1,5,"dark_forest","red_basket",5,0,0,1,"orange_gnome","dark_forest","red_basket",481,1,-5,5,3,43,0,1,"",,,,,"",,,"",,,"",,,"",,,"",,,,,,,"",,,"","",,,,,,,,"",,,,,,,"",,,"","","",,,,,,,,"",,,,,,,,,,,,
"","","",,"","","","","","","",,"","","","","","","",,"","","","","","","",,"","","","","","","",,"","","","","","","",,"","","","","","","",,"","","","","","","",,"","","","","","",88535,1,"2024-11-08_17h26.42.153","experiment","2023.2.3","Win32",60.60606061,"665dd746f5ea0c66ebd85edb","672ddd4f09d6fb6d26d998b2","672e49312ba62b1363744c47","",,,"",,,"",,,"",,,"",,,"",,,"",,,,,"",,,"",,,,"",,,"","","",,,"","",,5,,,,"","","",,,,,,,4,,"",,,"",,,"",,,"","","",,"","",,,,,,,,,,,,"",,,,,,,"","",,,,,"",,,"",,,"s",0.3698,,"space",0.1605,,4,"green_gnome",4,0,"dark_forest","red_basket","brown_gnome",4,7,"bright_forest","yellow_basket",0,0,0,1,"green_gnome","dark_forest","red_basket",481,0,4,5,4,44,7,1,"",,,,,"",,,"",,,"",,,"",,,"",,,,,,,"",,,"","",,,,,,,,"",,,,,,,"",,,"","","",,,,,,,,"",,,,,,,,,,,,
"","","",,"","","","","","","",,"","","","","","","",,"","","","","","","",,"","","","","","","",,"","","","","","","",,"","","","","","","",,"","","","","","","",,"","","","","","",88535,1,"2024-11-08_17h26.42.153","experiment","2023.2.3","Win32",60.60606061,"665dd746f5ea0c66ebd85edb","672ddd4f09d6fb6d26d998b2","672e49312ba62b1363744c47","",,,"",,,"",,,"",,,"",,,"",,,"",,,,,"",,,"",,,,"",,,"","","",,,"","",,1,,,,"","","",,,,,,,1,,"",,,"",,,"",,,"","","",,"","",,,,,,,,,,,,"",,,,,,,"","",,,,,"",,,"",,,"s",0.4237,,"space",0.6355,,1,"orange_gnome",1,4,"dark_forest","red_basket","red_gnome",1,7,"bright_forest","yellow_basket",4,0,0,1,"orange_gnome","dark_forest","red_basket",485,0,1,5,5,45,0,1,"",,,,,"",,,"",,,"",,,"",,,"",,,,,,,"",,,"","",,,,,,,,"",,,,,,,"",,,"","","",,,,,,,,"",,,,,,,,,,,,
"","","",,"","","","","","","",,"","","","","","","",,"","","","","","","",,"","","","","","","",,"","","","","","","",,"","","","","","","",,"","","","","","","",,"","","","","","",88535,1,"2024-11-08_17h26.42.153","experiment","2023.2.3","Win32",60.60606061,"665dd746f5ea0c66ebd85edb","672ddd4f09d6fb6d26d998b2","672e49312ba62b1363744c47","",,,"",,,"",,,"",,,"",,,"",,,"",,,,,"",,,"",,,,"",,,"","","",,,"","",,1,,,,"","","",,,,,,,4,,"",,,"",,,"",,,"","","",,"","",,,,,,,,,,,,"",,,,,,,"","",,,,,"",,,"",,,"k",0.4741,,"space",0.4764,,4,"green_gnome",4,5,"dark_forest","red_basket","brown_gnome",4,7,"bright_forest","yellow_basket",7,0,0,1,"brown_gnome","bright_forest","yellow_basket",492,1,4,5,6,46,3,1,"",,,,,"",,,"",,,"",,,"",,,"",,,,,,,"",,,"","",,,,,,,,"",,,,,,,"",,,"","","",,,,,,,,"",,,,,,,,,,,,
"","","",,"","","","","","","",,"","","","","","","",,"","","","","","","",,"","","","","","","",,"","","","","","","",,"","","","","","","",,"","","","","","","",,"","","","","","",88535,1,"2024-11-08_17h26.42.153","experiment","2023.2.3","Win32",60.60606061,"665dd746f5ea0c66ebd85edb","672ddd4f09d6fb6d26d998b2","672e49312ba62b1363744c47","",,,"",,,"",,,"",,,"",,,"",,,"",,,,,"",,,"",,,,"",,,"","","",,,"","",,5,,,,"","","",,,,,,,4,,"",,,"",,,"",,,"","","",,"","",,,,,,,,,,,,"",,,,,,,"","",,,,,"",,,"",,,"k",0.5356,,"space",0.5328,,4,"brown_gnome",4,8,"bright_forest","yellow_basket","green_gnome",4,9,"dark_forest","red_basket",45,0,0,1,"green_gnome","dark_forest","red_basket",537,-2,0,5,7,47,7,1,"",,,,,"",,,"",,,"",,,"",,,"",,,,,,,"",,,"","",,,,,,,,"",,,,,,,"",,,"","","",,,,,,,,"",,,,,,,,,,,,
"","","",,"","","","","","","",,"","","","","","","",,"","","","","","","",,"","","","","","","",,"","","","","","","",,"","","","","","","",,"","","","","","","",,"","","","","","",88535,1,"2024-11-08_17h26.42.153","experiment","2023.2.3","Win32",60.60606061,"665dd746f5ea0c66ebd85edb","672ddd4f09d6fb6d26d998b2","672e49312ba62b1363744c47","",,,"",,,"",,,"",,,"",,,"",,,"",,,,,"",,,"",,,,"",,,"","","",,,"","",,5,,,,"","","",,,,,,,4,,"",,,"",,,"",,,"","","",,"","",,,,,,,,,,,,"",,,,,,,"","",,,,,"",,,"",,,"k",0.5142,,"space",0.6091,,4,"brown_gnome",4,6,"bright_forest","yellow_basket","green_gnome",4,9,"dark_forest","red_basket",45,0,0,1,"green_gnome","dark_forest","red_basket",582,1,2,6,0,48,7,1,"",,,,,"",,,"",,,"",,,"",,,"",,,,,,,"",,,"","",,,,,,,,"",,,,,,,"",,,"","","",,,,,,,,"",,,,,,,,,,,,
"","","",,"","","","","","","",,"","","","","","","",,"","","","","","","",,"","","","","","","",,"","","","","","","",,"","","","","","","",,"","","","","","","",,"","","","","","",88535,1,"2024-11-08_17h26.42.153","experiment","2023.2.3","Win32",60.60606061,"665dd746f5ea0c66ebd85edb","672ddd4f09d6fb6d26d998b2","672e49312ba62b1363744c47","",,,"",,,"",,,"",,,"",,,"",,,"",,,,,"",,,"",,,,"",,,"","","",,,"","",,1,,,,"","","",,,,,,,2,,"",,,"",,,"",,,"","","",,"","",,,,,,,,,,,,"",,,,,,,"","",,,,,"",,,"",,,"k",0.5406,,"space",0.8189,,2,"pink_gnome",2,7,"dark_forest","red_basket","blue_gnome",2,7,"bright_forest","yellow_basket",7,0,0,1,"blue_gnome","bright_forest","yellow_basket",589,-3,1,6,1,49,1,1,"",,,,,"",,,"",,,"",,,"",,,"",,,,,,,"",,,"","",,,,,,,,"",,,,,,,"",,,"","","",,,,,,,,"",,,,,,,,,,,,
"","","",,"","","","","","","",,"","","","","","","",,"","","","","","","",,"","","","","","","",,"","","","","","","",,"","","","","","","",,"","","","","","","",,"","","","","","",88535,1,"2024-11-08_17h26.42.153","experiment","2023.2.3","Win32",60.60606061,"665dd746f5ea0c66ebd85edb","672ddd4f09d6fb6d26d998b2","672e49312ba62b1363744c47","",,,"",,,"",,,"",,,"",,,"",,,"",,,,,"",,,"",,,,"",,,"","","",,,"","",,5,,,,"","","",,,,,,,2,,"",,,"",,,"",,,"","","",,"","",,,,,,,,,,,,"",,,,,,,"","",,,,,"",,,"",,,"k",0.5492,,"space",0.4161,,2,"pink_gnome",2,8,"dark_forest","red_basket","blue_gnome",2,4,"bright_forest","yellow_basket",20,0,0,1,"blue_gnome","bright_forest","yellow_basket",609,-1,5,6,2,50,5,1,"",,,,,"",,,"",,,"",,,"",,,"",,,,,,,"",,,"","",,,,,,,,"",,,,,,,"",,,"","","",,,,,,,,"",,,,,,,,,,,,
"","","",,"","","","","","","",,"","","","","","","",,"","","","","","","",,"","","","","","","",,"","","","","","","",,"","","","","","","",,"","","","","","","",,"","","","","","",88535,1,"2024-11-08_17h26.42.153","experiment","2023.2.3","Win32",60.60606061,"665dd746f5ea0c66ebd85edb","672ddd4f09d6fb6d26d998b2","672e49312ba62b1363744c47","",,,"",,,"",,,"",,,"",,,"",,,"",,,,,"",,,"",,,,"",,,"","","",,,"","",,1,,,,"","","",,,,,,,1,,"",,,"",,,"",,,"","","",,"","",,,,,,,,,,,,"",,,,,,,"","",,,,,"",,,"",,,"k",0.3607,,"space",0.6839,,1,"orange_gnome",1,5,"dark_forest","red_basket","red_gnome",1,3,"bright_forest","yellow_basket",3,0,0,1,"red_gnome","bright_forest","yellow_basket",612,-4,0,6,3,51,0,1,"",,,,,"",,,"",,,"",,,"",,,"",,,,,,,"",,,"","",,,,,,,,"",,,,,,,"",,,"","","",,,,,,,,"",,,,,,,,,,,,
"","","",,"","","","","","","",,"","","","","","","",,"","","","","","","",,"","","","","","","",,"","","","","","","",,"","","","","","","",,"","","","","","","",,"","","","","","",88535,1,"2024-11-08_17h26.42.153","experiment","2023.2.3","Win32",60.60606061,"665dd746f5ea0c66ebd85edb","672ddd4f09d6fb6d26d998b2","672e49312ba62b1363744c47","",,,"",,,"",,,"",,,"",,,"",,,"",,,,,"",,,"",,,,"",,,"","","",,,"","",,5,,,,"","","",,,,,,,3,,"",,,"",,,"",,,"","","",,"","",,,,,,,,,,,,"",,,,,,,"","",,,,,"",,,"",,,"s",0.3842,,"space",0.4166,,3,"yellow_gnome",3,5,"dark_forest","red_basket","purple_gnome",3,1,"bright_forest","yellow_basket",25,0,0,1,"yellow_gnome","dark_forest","red_basket",637,-1,0,6,4,52,6,1,"",,,,,"",,,"",,,"",,,"",,,"",,,,,,,"",,,"","",,,,,,,,"",,,,,,,"",,,"","","",,,,,,,,"",,,,,,,,,,,,
"","","",,"","","","","","","",,"","","","","","","",,"","","","","","","",,"","","","","","","",,"","","","","","","",,"","","","","","","",,"","","","","","","",,"","","","","","",88535,1,"2024-11-08_17h26.42.153","experiment","2023.2.3","Win32",60.60606061,"665dd746f5ea0c66ebd85edb","672ddd4f09d6fb6d26d998b2","672e49312ba62b1363744c47","",,,"",,,"",,,"",,,"",,,"",,,"",,,,,"",,,"",,,,"",,,"","","",,,"","",,1,,,,"","","",,,,,,,2,,"",,,"",,,"",,,"","","",,"","",,,,,,,,,,,,"",,,,,,,"","",,,,,"",,,"",,,"s",0.5039,,"space",0.5802,,2,"blue_gnome",2,0,"bright_forest","yellow_basket","pink_gnome",2,5,"dark_forest","red_basket",0,0,0,1,"blue_gnome","bright_forest","yellow_basket",637,-2,-1,6,5,53,1,1,"",,,,,"",,,"",,,"",,,"",,,"",,,,,,,"",,,"","",,,,,,,,"",,,,,,,"",,,"","","",,,,,,,,"",,,,,,,,,,,,
"","","",,"","","","","","","",,"","","","","","","",,"","","","","","","",,"","","","","","","",,"","","","","","","",,"","","","","","","",,"","","","","","","",,"","","","","","",88535,1,"2024-11-08_17h26.42.153","experiment","2023.2.3","Win32",60.60606061,"665dd746f5ea0c66ebd85edb","672ddd4f09d6fb6d26d998b2","672e49312ba62b1363744c47","",,,"",,,"",,,"",,,"",,,"",,,"",,,,,"",,,"",,,,"",,,"","","",,,"","",,1,,,,"","","",,,,,,,4,,"",,,"",,,"",,,"","","",,"","",,,,,,,,,,,,"",,,,,,,"","",,,,,"",,,"",,,"k",0.4978,,"space",0.4179,,4,"green_gnome",4,4,"dark_forest","red_basket","brown_gnome",4,2,"bright_forest","yellow_basket",2,0,0,1,"brown_gnome","bright_forest","yellow_basket",639,0,1,6,6,54,3,1,"",,,,,"",,,"",,,"",,,"",,,"",,,,,,,"",,,"","",,,,,,,,"",,,,,,,"",,,"","","",,,,,,,,"",,,,,,,,,,,,
"","","",,"","","","","","","",,"","","","","","","",,"","","","","","","",,"","","","","","","",,"","","","","","","",,"","","","","","","",,"","","","","","","",,"","","","","","",88535,1,"2024-11-08_17h26.42.153","experiment","2023.2.3","Win32",60.60606061,"665dd746f5ea0c66ebd85edb","672ddd4f09d6fb6d26d998b2","672e49312ba62b1363744c47","",,,"",,,"",,,"",,,"",,,"",,,"",,,,,"",,,"",,,,"",,,"","","",,,"","",,5,,,,"","","",,,,,,,1,,"",,,"",,,"",,,"","","",,"","",,,,,,,,,,,,"",,,,,,,"","",,,,,"",,,"",,,"k",0.56,,"space",0.9314,,1,"red_gnome",1,2,"bright_forest","yellow_basket","orange_gnome",1,5,"dark_forest","red_basket",25,0,0,1,"orange_gnome","dark_forest","red_basket",664,0,0,6,7,55,4,1,"",,,,,"",,,"",,,"",,,"",,,"",,,,,,,"",,,"","",,,,,,,,"",,,,,,,"",,,"","","",,,,,,,,"",,,,,,,,,,,,
"","","",,"","","","","","","",,"","","","","","","",,"","","","","","","",,"","","","","","","",,"","","","","","","",,"","","","","","","",,"","","","","","","",,"","","","","","",88535,1,"2024-11-08_17h26.42.153","experiment","2023.2.3","Win32",60.60606061,"665dd746f5ea0c66ebd85edb","672ddd4f09d6fb6d26d998b2","672e49312ba62b1363744c47","",,,"",,,"",,,"",,,"",,,"",,,"",,,,,"",,,"",,,,"",,,"","","",,,"","",,5,,,,"","","",,,,,,,2,,"",,,"",,,"",,,"","","",,"","",,,,,,,,,,,,"",,,,,,,"","",,,,,"",,,"",,,"k",0.3783,,"space",0.6887,,2,"pink_gnome",2,5,"dark_forest","red_basket","blue_gnome",2,2,"bright_forest","yellow_basket",10,0,0,1,"blue_gnome","bright_forest","yellow_basket",674,6,1,7,0,56,5,1,"",,,,,"",,,"",,,"",,,"",,,"",,,,,,,"",,,"","",,,,,,,,"",,,,,,,"",,,"","","",,,,,,,,"",,,,,,,,,,,,
"","","",,"","","","","","","",,"","","","","","","",,"","","","","","","",,"","","","","","","",,"","","","","","","",,"","","","","","","",,"","","","","","","",,"","","","","","",88535,1,"2024-11-08_17h26.42.153","experiment","2023.2.3","Win32",60.60606061,"665dd746f5ea0c66ebd85edb","672ddd4f09d6fb6d26d998b2","672e49312ba62b1363744c47","",,,"",,,"",,,"",,,"",,,"",,,"",,,,,"",,,"",,,,"",,,"","","",,,"","",,1,,,,"","","",,,,,,,2,,"",,,"",,,"",,,"","","",,"","",,,,,,,,,,,,"",,,,,,,"","",,,,,"",,,"",,,"s",0.4119,,"space",0.1654,7e-04,2,"blue_gnome",2,8,"bright_forest","yellow_basket","pink_gnome",2,6,"dark_forest","red_basket",8,0,0,1,"blue_gnome","bright_forest","yellow_basket",682,-1,-1,7,1,57,1,1,"",,,,,"",,,"",,,"",,,"",,,"",,,,,,,"",,,"","",,,,,,,,"",,,,,,,"",,,"","","",,,,,,,,"",,,,,,,,,,,,
"","","",,"","","","","","","",,"","","","","","","",,"","","","","","","",,"","","","","","","",,"","","","","","","",,"","","","","","","",,"","","","","","","",,"","","","","","",88535,1,"2024-11-08_17h26.42.153","experiment","2023.2.3","Win32",60.60606061,"665dd746f5ea0c66ebd85edb","672ddd4f09d6fb6d26d998b2","672e49312ba62b1363744c47","",,,"",,,"",,,"",,,"",,,"",,,"",,,,,"",,,"",,,,"",,,"","","",,,"","",,5,,,,"","","",,,,,,,1,,"",,,"",,,"",,,"","","",,"","",,,,,,,,,,,,"",,,,,,,"","",,,,,"",,,"",,,"s",0.3845,,"space",0.3464,,1,"orange_gnome",1,5,"dark_forest","red_basket","red_gnome",1,7,"bright_forest","yellow_basket",25,0,0,1,"orange_gnome","dark_forest","red_basket",707,0,-2,7,2,58,4,1,"",,,,,"",,,"",,,"",,,"",,,"",,,,,,,"",,,"","",,,,,,,,"",,,,,,,"",,,"","","",,,,,,,,"",,,,,,,,,,,,
"","","",,"","","","","","","",,"","","","","","","",,"","","","","","","",,"","","","","","","",,"","","","","","","",,"","","","","","","",,"","","","","","","",,"","","","","","",88535,1,"2024-11-08_17h26.42.153","experiment","2023.2.3","Win32",60.60606061,"665dd746f5ea0c66ebd85edb","672ddd4f09d6fb6d26d998b2","672e49312ba62b1363744c47","",,,"",,,"",,,"",,,"",,,"",,,"",,,,,"",,,"",,,,"",,,"","","",,,"","",,5,,,,"","","",,,,,,,2,,"",,,"",,,"",,,"","","",,"","",,,,,,,,,,,,"",,,,,,,"","",,,,,"",,,"",,,"s",1.1655,,"space",0.4282,,2,"pink_gnome",2,3,"dark_forest","red_basket","blue_gnome",2,7,"bright_forest","yellow_basket",15,0,0,1,"pink_gnome","dark_forest","red_basket",722,0,-1,7,3,59,5,1,"",,,,,"",,,"",,,"",,,"",,,"",,,,,,,"",,,"","",,,,,,,,"",,,,,,,"",,,"","","",,,,,,,,"",,,,,,,,,,,,
"","","",,"","","","","","","",,"","","","","","","",,"","","","","","","",,"","","","","","","",,"","","","","","","",,"","","","","","","",,"","","","","","","",,"","","","","","",88535,1,"2024-11-08_17h26.42.153","experiment","2023.2.3","Win32",60.60606061,"665dd746f5ea0c66ebd85edb","672ddd4f09d6fb6d26d998b2","672e49312ba62b1363744c47","",,,"",,,"",,,"",,,"",,,"",,,"",,,,,"",,,"",,,,"",,,"","","",,,"","",,5,,,,"","","",,,,,,,2,,"",,,"",,,"",,,"","","",,"","",,,,,,,,,,,,"",,,,,,,"","",,,,,"",,,"",,,"s",0.4792,,"space",0.6881,,2,"blue_gnome",2,7,"bright_forest","yellow_basket","pink_gnome",2,2,"dark_forest","red_basket",35,0,0,1,"blue_gnome","bright_forest","yellow_basket",757,0,1,7,4,60,5,1,"",,,,,"",,,"",,,"",,,"",,,"",,,,,,,"",,,"","",,,,,,,,"",,,,,,,"",,,"","","",,,,,,,,"",,,,,,,,,,,,
"","","",,"","","","","","","",,"","","","","","","",,"","","","","","","",,"","","","","","","",,"","","","","","","",,"","","","","","","",,"","","","","","","",,"","","","","","",88535,1,"2024-11-08_17h26.42.153","experiment","2023.2.3","Win32",60.60606061,"665dd746f5ea0c66ebd85edb","672ddd4f09d6fb6d26d998b2","672e49312ba62b1363744c47","",,,"",,,"",,,"",,,"",,,"",,,"",,,,,"",,,"",,,,"",,,"","","",,,"","",,1,,,,"","","",,,,,,,3,,"",,,"",,,"",,,"","","",,"","",,,,,,,,,,,,"",,,,,,,"","",,,,,"",,,"",,,"k",0.3453,,"space",0.4148,,3,"yellow_gnome",3,3,"dark_forest","red_basket","purple_gnome",3,7,"bright_forest","yellow_basket",7,0,0,1,"purple_gnome","bright_forest","yellow_basket",764,2,4,7,5,61,2,1,"",,,,,"",,,"",,,"",,,"",,,"",,,,,,,"",,,"","",,,,,,,,"",,,,,,,"",,,"","","",,,,,,,,"",,,,,,,,,,,,
"","","",,"","","","","","","",,"","","","","","","",,"","","","","","","",,"","","","","","","",,"","","","","","","",,"","","","","","","",,"","","","","","","",,"","","","","","",88535,1,"2024-11-08_17h26.42.153","experiment","2023.2.3","Win32",60.60606061,"665dd746f5ea0c66ebd85edb","672ddd4f09d6fb6d26d998b2","672e49312ba62b1363744c47","",,,"",,,"",,,"",,,"",,,"",,,"",,,,,"",,,"",,,,"",,,"","","",,,"","",,1,,,,"","","",,,,,,,2,,"",,,"",,,"",,,"","","",,"","",,,,,,,,,,,,"",,,,,,,"","",,,,,"",,,"",,,"s",0.3503,,"space",0.4048,,2,"pink_gnome",2,7,"dark_forest","red_basket","blue_gnome",2,9,"bright_forest","yellow_basket",7,0,0,1,"pink_gnome","dark_forest","red_basket",771,0,1,7,6,62,1,1,"",,,,,"",,,"",,,"",,,"",,,"",,,,,,,"",,,"","",,,,,,,,"",,,,,,,"",,,"","","",,,,,,,,"",,,,,,,,,,,,
"","","",,"","","","","","","",,"","","","","","","",,"","","","","","","",,"","","","","","","",,"","","","","","","",,"","","","","","","",,"","","","","","","",,"","","","","","",88535,1,"2024-11-08_17h26.42.153","experiment","2023.2.3","Win32",60.60606061,"665dd746f5ea0c66ebd85edb","672ddd4f09d6fb6d26d998b2","672e49312ba62b1363744c47","",,,"",,,"",,,"",,,"",,,"",,,"",,,,,"",,,"",,,,"",,,"","","",,,"","",,1,,,,"","","",,,,,,,1,,"",,,"",,,"",,,"","","",,"","",,,,,,,,,,,,"",,,,,,,"","",,,,,"",,,"",,,"s",0.4812,,"space",0.7704,,1,"orange_gnome",1,8,"dark_forest","red_basket","red_gnome",1,9,"bright_forest","yellow_basket",8,0,0,1,"orange_gnome","dark_forest","red_basket",779,-2,-1,7,7,63,0,1,"space",73.5073,,,,"",,,"",,,"",,,"",,,"",,,,,,,"",,,"","",,,,,,,,"",,,,,,,"",,,"","","",,,,,,,,"",,,,,,,,,,,,
"","","",,"","","","","","","",,"","","","","","","",,"","","","","","","",,"","","","","","","",,"","","","","","","",,"","","","","","","",,"","","","","","","",,"","","","","","",88535,1,"2024-11-08_17h26.42.153","experiment","2023.2.3","Win32",60.60606061,"665dd746f5ea0c66ebd85edb","672ddd4f09d6fb6d26d998b2","672e49312ba62b1363744c47","",,,"",,,"",,,"",,,"",,,"",,,"",,,,,"",,,"",,,,"",,,"","","",,,"","",,1,,,,"","","",,,,,,,1,,"",,,"",,,"",,,"","","",,"","",,,,,,,,,,,,"",,,,,,,"","",,,,,"",,,"",,,"s",0.5159,,"space",0.5579,,1,"red_gnome",1,7,"bright_forest","yellow_basket","orange_gnome",1,7,"dark_forest","red_basket",7,0,0,1,"red_gnome","bright_forest","yellow_basket",786,4,1,8,0,64,0,1,"",,,,,"",,,"",,,"",,,"",,,"",,,,,,,"",,,"","",,,,,,,,"",,,,,,,"",,,"","","",,,,,,,,"",,,,,,,,,,,,
"","","",,"","","","","","","",,"","","","","","","",,"","","","","","","",,"","","","","","","",,"","","","","","","",,"","","","","","","",,"","","","","","","",,"","","","","","",88535,1,"2024-11-08_17h26.42.153","experiment","2023.2.3","Win32",60.60606061,"665dd746f5ea0c66ebd85edb","672ddd4f09d6fb6d26d998b2","672e49312ba62b1363744c47","",,,"",,,"",,,"",,,"",,,"",,,"",,,,,"",,,"",,,,"",,,"","","",,,"","",,5,,,,"","","",,,,,,,1,,"",,,"",,,"",,,"","","",,"","",,,,,,,,,,,,"",,,,,,,"","",,,,,"",,,"",,,"s",0.3944,,"space",0.4483,,1,"orange_gnome",1,8,"dark_forest","red_basket","red_gnome",1,7,"bright_forest","yellow_basket",40,0,0,1,"orange_gnome","dark_forest","red_basket",826,-2,1,8,1,65,4,1,"",,,,,"",,,"",,,"",,,"",,,"",,,,,,,"",,,"","",,,,,,,,"",,,,,,,"",,,"","","",,,,,,,,"",,,,,,,,,,,,
"","","",,"","","","","","","",,"","","","","","","",,"","","","","","","",,"","","","","","","",,"","","","","","","",,"","","","","","","",,"","","","","","","",,"","","","","","",88535,1,"2024-11-08_17h26.42.153","experiment","2023.2.3","Win32",60.60606061,"665dd746f5ea0c66ebd85edb","672ddd4f09d6fb6d26d998b2","672e49312ba62b1363744c47","",,,"",,,"",,,"",,,"",,,"",,,"",,,,,"",,,"",,,,"",,,"","","",,,"","",,5,,,,"","","",,,,,,,1,,"",,,"",,,"",,,"","","",,"","",,,,,,,,,,,,"",,,,,,,"","",,,,,"",,,"",,,"s",0.5776,,"space",0.6159,,1,"orange_gnome",1,9,"dark_forest","red_basket","red_gnome",1,5,"bright_forest","yellow_basket",45,0,0,1,"orange_gnome","dark_forest","red_basket",871,0,-1,8,2,66,4,1,"",,,,,"",,,"",,,"",,,"",,,"",,,,,,,"",,,"","",,,,,,,,"",,,,,,,"",,,"","","",,,,,,,,"",,,,,,,,,,,,
"","","",,"","","","","","","",,"","","","","","","",,"","","","","","","",,"","","","","","","",,"","","","","","","",,"","","","","","","",,"","","","","","","",,"","","","","","",88535,1,"2024-11-08_17h26.42.153","experiment","2023.2.3","Win32",60.60606061,"665dd746f5ea0c66ebd85edb","672ddd4f09d6fb6d26d998b2","672e49312ba62b1363744c47","",,,"",,,"",,,"",,,"",,,"",,,"",,,,,"",,,"",,,,"",,,"","","",,,"","",,5,,,,"","","",,,,,,,2,,"",,,"",,,"",,,"","","",,"","",,,,,,,,,,,,"",,,,,,,"","",,,,,"",,,"",,,"s",0.4149,,"space",0.4429,,2,"blue_gnome",2,5,"bright_forest","yellow_basket","pink_gnome",2,8,"dark_forest","red_basket",25,0,0,1,"blue_gnome","bright_forest","yellow_basket",896,2,2,8,3,67,5,1,"",,,,,"",,,"",,,"",,,"",,,"",,,,,,,"",,,"","",,,,,,,,"",,,,,,,"",,,"","","",,,,,,,,"",,,,,,,,,,,,
"","","",,"","","","","","","",,"","","","","","","",,"","","","","","","",,"","","","","","","",,"","","","","","","",,"","","","","","","",,"","","","","","","",,"","","","","","",88535,1,"2024-11-08_17h26.42.153","experiment","2023.2.3","Win32",60.60606061,"665dd746f5ea0c66ebd85edb","672ddd4f09d6fb6d26d998b2","672e49312ba62b1363744c47","",,,"",,,"",,,"",,,"",,,"",,,"",,,,,"",,,"",,,,"",,,"","","",,,"","",,1,,,,"","","",,,,,,,4,,"",,,"",,,"",,,"","","",,"","",,,,,,,,,,,,"",,,,,,,"","",,,,,"",,,"",,,"s",0.3854,,"space",0.4111,,4,"brown_gnome",4,7,"bright_forest","yellow_basket","green_gnome",4,8,"dark_forest","red_basket",7,0,0,1,"brown_gnome","bright_forest","yellow_basket",903,-1,-1,8,4,68,3,1,"",,,,,"",,,"",,,"",,,"",,,"",,,,,,,"",,,"","",,,,,,,,"",,,,,,,"",,,"","","",,,,,,,,"",,,,,,,,,,,,
"","","",,"","","","","","","",,"","","","","","","",,"","","","","","","",,"","","","","","","",,"","","","","","","",,"","","","","","","",,"","","","","","","",,"","","","","","",88535,1,"2024-11-08_17h26.42.153","experiment","2023.2.3","Win32",60.60606061,"665dd746f5ea0c66ebd85edb","672ddd4f09d6fb6d26d998b2","672e49312ba62b1363744c47","",,,"",,,"",,,"",,,"",,,"",,,"",,,,,"",,,"",,,,"",,,"","","",,,"","",,1,,,,"","","",,,,,,,4,,"",,,"",,,"",,,"","","",,"","",,,,,,,,,,,,"",,,,,,,"","",,,,,"",,,"",,,"s",0.4602,,"space",0.4654,,4,"green_gnome",4,7,"dark_forest","red_basket","brown_gnome",4,6,"bright_forest","yellow_basket",7,0,0,1,"green_gnome","dark_forest","red_basket",910,-2,3,8,5,69,3,1,"",,,,,"",,,"",,,"",,,"",,,"",,,,,,,"",,,"","",,,,,,,,"",,,,,,,"",,,"","","",,,,,,,,"",,,,,,,,,,,,
"","","",,"","","","","","","",,"","","","","","","",,"","","","","","","",,"","","","","","","",,"","","","","","","",,"","","","","","","",,"","","","","","","",,"","","","","","",88535,1,"2024-11-08_17h26.42.153","experiment","2023.2.3","Win32",60.60606061,"665dd746f5ea0c66ebd85edb","672ddd4f09d6fb6d26d998b2","672e49312ba62b1363744c47","",,,"",,,"",,,"",,,"",,,"",,,"",,,,,"",,,"",,,,"",,,"","","",,,"","",,1,,,,"","","",,,,,,,4,,"",,,"",,,"",,,"","","",,"","",,,,,,,,,,,,"",,,,,,,"","",,,,,"",,,"",,,"k",0.3588,,"space",0.3773,,4,"brown_gnome",4,4,"bright_forest","yellow_basket","green_gnome",4,8,"dark_forest","red_basket",8,0,0,1,"green_gnome","dark_forest","red_basket",918,-3,4,8,6,70,3,1,"",,,,,"",,,"",,,"",,,"",,,"",,,,,,,"",,,"","",,,,,,,,"",,,,,,,"",,,"","","",,,,,,,,"",,,,,,,,,,,,
"","","",,"","","","","","","",,"","","","","","","",,"","","","","","","",,"","","","","","","",,"","","","","","","",,"","","","","","","",,"","","","","","","",,"","","","","","",88535,1,"2024-11-08_17h26.42.153","experiment","2023.2.3","Win32",60.60606061,"665dd746f5ea0c66ebd85edb","672ddd4f09d6fb6d26d998b2","672e49312ba62b1363744c47","",,,"",,,"",,,"",,,"",,,"",,,"",,,,,"",,,"",,,,"",,,"","","",,,"","",,5,,,,"","","",,,,,,,1,,"",,,"",,,"",,,"","","",,"","",,,,,,,,,,,,"",,,,,,,"","",,,,,"",,,"",,,"k",0.426,,"space",0.5252,,1,"orange_gnome",1,6,"dark_forest","red_basket","red_gnome",1,1,"bright_forest","yellow_basket",5,0,0,1,"red_gnome","bright_forest","yellow_basket",923,3,2,8,7,71,4,1,"",,,,,"",,,"",,,"",,,"",,,"",,,,,,,"",,,"","",,,,,,,,"",,,,,,,"",,,"","","",,,,,,,,"",,,,,,,,,,,,
"","","",,"","","","","","","",,"","","","","","","",,"","","","","","","",,"","","","","","","",,"","","","","","","",,"","","","","","","",,"","","","","","","",,"","","","","","",88535,1,"2024-11-08_17h26.42.153","experiment","2023.2.3","Win32",60.60606061,"665dd746f5ea0c66ebd85edb","672ddd4f09d6fb6d26d998b2","672e49312ba62b1363744c47","",,,"",,,"",,,"",,,"",,,"",,,"",,,,,"",,,"",,,,"",,,"","","",,,"","",,5,,,,"","","",,,,,,,4,,"",,,"",,,"",,,"","","",,"","",,,,,,,,,,,,"",,,,,,,"","",,,,,"",,,"",,,"s",0.3679,,"space",0.5269,,4,"brown_gnome",4,4,"bright_forest","yellow_basket","green_gnome",4,8,"dark_forest","red_basket",20,0,0,1,"brown_gnome","bright_forest","yellow_basket",943,-4,-2,9,0,72,7,1,"",,,,,"",,,"",,,"",,,"",,,"",,,,,,,"",,,"","",,,,,,,,"",,,,,,,"",,,"","","",,,,,,,,"",,,,,,,,,,,,
"","","",,"","","","","","","",,"","","","","","","",,"","","","","","","",,"","","","","","","",,"","","","","","","",,"","","","","","","",,"","","","","","","",,"","","","","","",88535,1,"2024-11-08_17h26.42.153","experiment","2023.2.3","Win32",60.60606061,"665dd746f5ea0c66ebd85edb","672ddd4f09d6fb6d26d998b2","672e49312ba62b1363744c47","",,,"",,,"",,,"",,,"",,,"",,,"",,,,,"",,,"",,,,"",,,"","","",,,"","",,1,,,,"","","",,,,,,,3,,"",,,"",,,"",,,"","","",,"","",,,,,,,,,,,,"",,,,,,,"","",,,,,"",,,"",,,"s",0.5221,,"space",0.3769,,3,"yellow_gnome",3,6,"dark_forest","red_basket","purple_gnome",3,0,"bright_forest","yellow_basket",6,0,0,1,"yellow_gnome","dark_forest","red_basket",949,0,2,9,1,73,2,1,"",,,,,"",,,"",,,"",,,"",,,"",,,,,,,"",,,"","",,,,,,,,"",,,,,,,"",,,"","","",,,,,,,,"",,,,,,,,,,,,
"","","",,"","","","","","","",,"","","","","","","",,"","","","","","","",,"","","","","","","",,"","","","","","","",,"","","","","","","",,"","","","","","","",,"","","","","","",88535,1,"2024-11-08_17h26.42.153","experiment","2023.2.3","Win32",60.60606061,"665dd746f5ea0c66ebd85edb","672ddd4f09d6fb6d26d998b2","672e49312ba62b1363744c47","",,,"",,,"",,,"",,,"",,,"",,,"",,,,,"",,,"",,,,"",,,"","","",,,"","",,5,,,,"","","",,,,,,,3,,"",,,"",,,"",,,"","","",,"","",,,,,,,,,,,,"",,,,,,,"","",,,,,"",,,"",,,"s",0.4257,,"space",0.6943,,3,"purple_gnome",3,0,"bright_forest","yellow_basket","yellow_gnome",3,8,"dark_forest","red_basket",0,0,0,1,"purple_gnome","bright_forest","yellow_basket",949,4,1,9,2,74,6,1,"",,,,,"",,,"",,,"",,,"",,,"",,,,,,,"",,,"","",,,,,,,,"",,,,,,,"",,,"","","",,,,,,,,"",,,,,,,,,,,,
"","","",,"","","","","","","",,"","","","","","","",,"","","","","","","",,"","","","","","","",,"","","","","","","",,"","","","","","","",,"","","","","","","",,"","","","","","",88535,1,"2024-11-08_17h26.42.153","experiment","2023.2.3","Win32",60.60606061,"665dd746f5ea0c66ebd85edb","672ddd4f09d6fb6d26d998b2","672e49312ba62b1363744c47","",,,"",,,"",,,"",,,"",,,"",,,"",,,,,"",,,"",,,,"",,,"","","",,,"","",,1,,,,"","","",,,,,,,1,,"",,,"",,,"",,,"","","",,"","",,,,,,,,,,,,"",,,,,,,"","",,,,,"",,,"",,,"s",0.3622,,"space",0.4114,,1,"red_gnome",1,4,"bright_forest","yellow_basket","orange_gnome",1,9,"dark_forest","red_basket",4,0,0,1,"red_gnome","bright_forest","yellow_basket",953,-1,-3,9,3,75,0,1,"",,,,,"",,,"",,,"",,,"",,,"",,,,,,,"",,,"","",,,,,,,,"",,,,,,,"",,,"","","",,,,,,,,"",,,,,,,,,,,,
"","","",,"","","","","","","",,"","","","","","","",,"","","","","","","",,"","","","","","","",,"","","","","","","",,"","","","","","","",,"","","","","","","",,"","","","","","",88535,1,"2024-11-08_17h26.42.153","experiment","2023.2.3","Win32",60.60606061,"665dd746f5ea0c66ebd85edb","672ddd4f09d6fb6d26d998b2","672e49312ba62b1363744c47","",,,"",,,"",,,"",,,"",,,"",,,"",,,,,"",,,"",,,,"",,,"","","",,,"","",,5,,,,"","","",,,,,,,4,,"",,,"",,,"",,,"","","",,"","",,,,,,,,,,,,"",,,,,,,"","",,,,,"",,,"",,,"s",0.4505,,"space",0.4101,,4,"green_gnome",4,6,"dark_forest","red_basket","brown_gnome",4,3,"bright_forest","yellow_basket",30,0,0,1,"green_gnome","dark_forest","red_basket",983,0,-2,9,4,76,7,1,"",,,,,"",,,"",,,"",,,"",,,"",,,,,,,"",,,"","",,,,,,,,"",,,,,,,"",,,"","","",,,,,,,,"",,,,,,,,,,,,
"","","",,"","","","","","","",,"","","","","","","",,"","","","","","","",,"","","","","","","",,"","","","","","","",,"","","","","","","",,"","","","","","","",,"","","","","","",88535,1,"2024-11-08_17h26.42.153","experiment","2023.2.3","Win32",60.60606061,"665dd746f5ea0c66ebd85edb","672ddd4f09d6fb6d26d998b2","672e49312ba62b1363744c47","",,,"",,,"",,,"",,,"",,,"",,,"",,,,,"",,,"",,,,"",,,"","","",,,"","",,5,,,,"","","",,,,,,,3,,"",,,"",,,"",,,"","","",,"","",,,,,,,,,,,,"",,,,,,,"","",,,,,"",,,"",,,"s",0.463,,"space",0.4315,,3,"yellow_gnome",3,4,"dark_forest","red_basket","purple_gnome",3,3,"bright_forest","yellow_basket",20,0,0,1,"yellow_gnome","dark_forest","red_basket",1003,-1,0,9,5,77,6,1,"",,,,,"",,,"",,,"",,,"",,,"",,,,,,,"",,,"","",,,,,,,,"",,,,,,,"",,,"","","",,,,,,,,"",,,,,,,,,,,,
"","","",,"","","","","","","",,"","","","","","","",,"","","","","","","",,"","","","","","","",,"","","","","","","",,"","","","","","","",,"","","","","","","",,"","","","","","",88535,1,"2024-11-08_17h26.42.153","experiment","2023.2.3","Win32",60.60606061,"665dd746f5ea0c66ebd85edb","672ddd4f09d6fb6d26d998b2","672e49312ba62b1363744c47","",,,"",,,"",,,"",,,"",,,"",,,"",,,,,"",,,"",,,,"",,,"","","",,,"","",,1,,,,"","","",,,,,,,2,,"",,,"",,,"",,,"","","",,"","",,,,,,,,,,,,"",,,,,,,"","",,,,,"",,,"",,,"s",0.4448,,"space",0.5855,,2,"blue_gnome",2,2,"bright_forest","yellow_basket","pink_gnome",2,4,"dark_forest","red_basket",2,0,0,1,"blue_gnome","bright_forest","yellow_basket",1005,-3,-1,9,6,78,1,1,"",,,,,"",,,"",,,"",,,"",,,"",,,,,,,"",,,"","",,,,,,,,"",,,,,,,"",,,"","","",,,,,,,,"",,,,,,,,,,,,
"","","",,"","","","","","","",,"","","","","","","",,"","","","","","","",,"","","","","","","",,"","","","","","","",,"","","","","","","",,"","","","","","","",,"","","","","","",88535,1,"2024-11-08_17h26.42.153","experiment","2023.2.3","Win32",60.60606061,"665dd746f5ea0c66ebd85edb","672ddd4f09d6fb6d26d998b2","672e49312ba62b1363744c47","",,,"",,,"",,,"",,,"",,,"",,,"",,,,,"",,,"",,,,"",,,"","","",,,"","",,5,,,,"","","",,,,,,,1,,"",,,"",,,"",,,"","","",,"","",,,,,,,,,,,,"",,,,,,,"","",,,,,"",,,"",,,"k",0.4093,,"space",0.3659,,1,"orange_gnome",1,3,"dark_forest","red_basket","red_gnome",1,1,"bright_forest","yellow_basket",5,0,0,1,"red_gnome","bright_forest","yellow_basket",1010,-1,-1,9,7,79,4,1,"",,,,,"",,,"",,,"",,,"",,,"",,,,,,,"",,,"","",,,,,,,,"",,,,,,,"",,,"","","",,,,,,,,"",,,,,,,,,,,,
"","","",,"","","","","","","",,"","","","","","","",,"","","","","","","",,"","","","","","","",,"","","","","","","",,"","","","","","","",,"","","","","","","",,"","","","","","",88535,1,"2024-11-08_17h26.42.153","experiment","2023.2.3","Win32",60.60606061,"665dd746f5ea0c66ebd85edb","672ddd4f09d6fb6d26d998b2","672e49312ba62b1363744c47","",,,"",,,"",,,"",,,"",,,"",,,"",,,,,"",,,"",,,,"",,,"","","",,,"","",,1,,,,"","","",,,,,,,1,,"",,,"",,,"",,,"","","",,"","",,,,,,,,,,,,"",,,,,,,"","",,,,,"",,,"",,,"k",0.3461,,"space",0.5167,,1,"orange_gnome",1,2,"dark_forest","red_basket","red_gnome",1,0,"bright_forest","yellow_basket",0,0,0,1,"red_gnome","bright_forest","yellow_basket",1010,1,1,10,0,80,0,1,"",,,,,"",,,"",,,"",,,"",,,"",,,,,,,"",,,"","",,,,,,,,"",,,,,,,"",,,"","","",,,,,,,,"",,,,,,,,,,,,
"","","",,"","","","","","","",,"","","","","","","",,"","","","","","","",,"","","","","","","",,"","","","","","","",,"","","","","","","",,"","","","","","","",,"","","","","","",88535,1,"2024-11-08_17h26.42.153","experiment","2023.2.3","Win32",60.60606061,"665dd746f5ea0c66ebd85edb","672ddd4f09d6fb6d26d998b2","672e49312ba62b1363744c47","",,,"",,,"",,,"",,,"",,,"",,,"",,,,,"",,,"",,,,"",,,"","","",,,"","",,1,,,,"","","",,,,,,,4,,"",,,"",,,"",,,"","","",,"","",,,,,,,,,,,,"",,,,,,,"","",,,,,"",,,"",,,"s",0.4133,,"space",0.5444,,4,"green_gnome",4,3,"dark_forest","red_basket","brown_gnome",4,1,"bright_forest","yellow_basket",3,0,0,1,"green_gnome","dark_forest","red_basket",1013,1,2,10,1,81,3,1,"",,,,,"",,,"",,,"",,,"",,,"",,,,,,,"",,,"","",,,,,,,,"",,,,,,,"",,,"","","",,,,,,,,"",,,,,,,,,,,,
"","","",,"","","","","","","",,"","","","","","","",,"","","","","","","",,"","","","","","","",,"","","","","","","",,"","","","","","","",,"","","","","","","",,"","","","","","",88535,1,"2024-11-08_17h26.42.153","experiment","2023.2.3","Win32",60.60606061,"665dd746f5ea0c66ebd85edb","672ddd4f09d6fb6d26d998b2","672e49312ba62b1363744c47","",,,"",,,"",,,"",,,"",,,"",,,"",,,,,"",,,"",,,,"",,,"","","",,,"","",,1,,,,"","","",,,,,,,3,,"",,,"",,,"",,,"","","",,"","",,,,,,,,,,,,"",,,,,,,"","",,,,,"",,,"",,,"s",0.7281,,"space",0.6691,,3,"purple_gnome",3,2,"bright_forest","yellow_basket","yellow_gnome",3,5,"dark_forest","red_basket",2,0,0,1,"purple_gnome","bright_forest","yellow_basket",1015,0,1,10,2,82,2,1,"",,,,,"",,,"",,,"",,,"",,,"",,,,,,,"",,,"","",,,,,,,,"",,,,,,,"",,,"","","",,,,,,,,"",,,,,,,,,,,,
"","","",,"","","","","","","",,"","","","","","","",,"","","","","","","",,"","","","","","","",,"","","","","","","",,"","","","","","","",,"","","","","","","",,"","","","","","",88535,1,"2024-11-08_17h26.42.153","experiment","2023.2.3","Win32",60.60606061,"665dd746f5ea0c66ebd85edb","672ddd4f09d6fb6d26d998b2","672e49312ba62b1363744c47","",,,"",,,"",,,"",,,"",,,"",,,"",,,,,"",,,"",,,,"",,,"","","",,,"","",,5,,,,"","","",,,,,,,3,,"",,,"",,,"",,,"","","",,"","",,,,,,,,,,,,"",,,,,,,"","",,,,,"",,,"",,,"s",0.3349,,"space",0.6641,,3,"purple_gnome",3,2,"bright_forest","yellow_basket","yellow_gnome",3,6,"dark_forest","red_basket",10,0,0,1,"purple_gnome","bright_forest","yellow_basket",1025,1,-1,10,3,83,6,1,"",,,,,"",,,"",,,"",,,"",,,"",,,,,,,"",,,"","",,,,,,,,"",,,,,,,"",,,"","","",,,,,,,,"",,,,,,,,,,,,
"","","",,"","","","","","","",,"","","","","","","",,"","","","","","","",,"","","","","","","",,"","","","","","","",,"","","","","","","",,"","","","","","","",,"","","","","","",88535,1,"2024-11-08_17h26.42.153","experiment","2023.2.3","Win32",60.60606061,"665dd746f5ea0c66ebd85edb","672ddd4f09d6fb6d26d998b2","672e49312ba62b1363744c47","",,,"",,,"",,,"",,,"",,,"",,,"",,,,,"",,,"",,,,"",,,"","","",,,"","",,5,,,,"","","",,,,,,,4,,"",,,"",,,"",,,"","","",,"","",,,,,,,,,,,,"",,,,,,,"","",,,,,"",,,"",,,"k",0.2281,,"space",0.3715,,4,"brown_gnome",4,3,"bright_forest","yellow_basket","green_gnome",4,5,"dark_forest","red_basket",25,0,0,1,"green_gnome","dark_forest","red_basket",1050,0,-3,10,4,84,7,1,"",,,,,"",,,"",,,"",,,"",,,"",,,,,,,"",,,"","",,,,,,,,"",,,,,,,"",,,"","","",,,,,,,,"",,,,,,,,,,,,
"","","",,"","","","","","","",,"","","","","","","",,"","","","","","","",,"","","","","","","",,"","","","","","","",,"","","","","","","",,"","","","","","","",,"","","","","","",88535,1,"2024-11-08_17h26.42.153","experiment","2023.2.3","Win32",60.60606061,"665dd746f5ea0c66ebd85edb","672ddd4f09d6fb6d26d998b2","672e49312ba62b1363744c47","",,,"",,,"",,,"",,,"",,,"",,,"",,,,,"",,,"",,,,"",,,"","","",,,"","",,5,,,,"","","",,,,,,,1,,"",,,"",,,"",,,"","","",,"","",,,,,,,,,,,,"",,,,,,,"","",,,,,"",,,"",,,"k",0.4244,,"space",0.3946,,1,"red_gnome",1,3,"bright_forest","yellow_basket","orange_gnome",1,2,"dark_forest","red_basket",10,0,0,1,"orange_gnome","dark_forest","red_basket",1060,-3,2,10,5,85,4,1,"",,,,,"",,,"",,,"",,,"",,,"",,,,,,,"",,,"","",,,,,,,,"",,,,,,,"",,,"","","",,,,,,,,"",,,,,,,,,,,,
"","","",,"","","","","","","",,"","","","","","","",,"","","","","","","",,"","","","","","","",,"","","","","","","",,"","","","","","","",,"","","","","","","",,"","","","","","",88535,1,"2024-11-08_17h26.42.153","experiment","2023.2.3","Win32",60.60606061,"665dd746f5ea0c66ebd85edb","672ddd4f09d6fb6d26d998b2","672e49312ba62b1363744c47","",,,"",,,"",,,"",,,"",,,"",,,"",,,,,"",,,"",,,,"",,,"","","",,,"","",,1,,,,"","","",,,,,,,4,,"",,,"",,,"",,,"","","",,"","",,,,,,,,,,,,"",,,,,,,"","",,,,,"",,,"",,,"k",0.411,,"space",0.8599,,4,"green_gnome",4,4,"dark_forest","red_basket","brown_gnome",4,0,"bright_forest","yellow_basket",0,0,0,1,"brown_gnome","bright_forest","yellow_basket",1060,0,-1,10,6,86,3,1,"",,,,,"",,,"",,,"",,,"",,,"",,,,,,,"",,,"","",,,,,,,,"",,,,,,,"",,,"","","",,,,,,,,"",,,,,,,,,,,,
"","","",,"","","","","","","",,"","","","","","","",,"","","","","","","",,"","","","","","","",,"","","","","","","",,"","","","","","","",,"","","","","","","",,"","","","","","",88535,1,"2024-11-08_17h26.42.153","experiment","2023.2.3","Win32",60.60606061,"665dd746f5ea0c66ebd85edb","672ddd4f09d6fb6d26d998b2","672e49312ba62b1363744c47","",,,"",,,"",,,"",,,"",,,"",,,"",,,,,"",,,"",,,,"",,,"","","",,,"","",,5,,,,"","","",,,,,,,3,,"",,,"",,,"",,,"","","",,"","",,,,,,,,,,,,"",,,,,,,"","",,,,,"",,,"",,,"k",0.341,,"space",0.5165,,3,"yellow_gnome",3,3,"dark_forest","red_basket","purple_gnome",3,0,"bright_forest","yellow_basket",0,0,0,1,"purple_gnome","bright_forest","yellow_basket",1060,0,-2,10,7,87,6,1,"",,,,,"",,,"",,,"",,,"",,,"",,,,,,,"",,,"","",,,,,,,,"",,,,,,,"",,,"","","",,,,,,,,"",,,,,,,,,,,,
"","","",,"","","","","","","",,"","","","","","","",,"","","","","","","",,"","","","","","","",,"","","","","","","",,"","","","","","","",,"","","","","","","",,"","","","","","",88535,1,"2024-11-08_17h26.42.153","experiment","2023.2.3","Win32",60.60606061,"665dd746f5ea0c66ebd85edb","672ddd4f09d6fb6d26d998b2","672e49312ba62b1363744c47","",,,"",,,"",,,"",,,"",,,"",,,"",,,,,"",,,"",,,,"",,,"","","",,,"","",,5,,,,"","","",,,,,,,2,,"",,,"",,,"",,,"","","",,"","",,,,,,,,,,,,"",,,,,,,"","",,,,,"",,,"",,,"s",0.3653,,"space",0.777,,2,"pink_gnome",2,1,"dark_forest","red_basket","blue_gnome",2,0,"bright_forest","yellow_basket",5,0,0,1,"pink_gnome","dark_forest","red_basket",1065,0,4,11,0,88,5,1,"",,,,,"",,,"",,,"",,,"",,,"",,,,,,,"",,,"","",,,,,,,,"",,,,,,,"",,,"","","",,,,,,,,"",,,,,,,,,,,,
"","","",,"","","","","","","",,"","","","","","","",,"","","","","","","",,"","","","","","","",,"","","","","","","",,"","","","","","","",,"","","","","","","",,"","","","","","",88535,1,"2024-11-08_17h26.42.153","experiment","2023.2.3","Win32",60.60606061,"665dd746f5ea0c66ebd85edb","672ddd4f09d6fb6d26d998b2","672e49312ba62b1363744c47","",,,"",,,"",,,"",,,"",,,"",,,"",,,,,"",,,"",,,,"",,,"","","",,,"","",,5,,,,"","","",,,,,,,1,,"",,,"",,,"",,,"","","",,"","",,,,,,,,,,,,"",,,,,,,"","",,,,,"",,,"",,,"s",0.4326,,"space",0.8283,,1,"orange_gnome",1,5,"dark_forest","red_basket","red_gnome",1,0,"bright_forest","yellow_basket",25,0,0,1,"orange_gnome","dark_forest","red_basket",1090,0,1,11,1,89,4,1,"",,,,,"",,,"",,,"",,,"",,,"",,,,,,,"",,,"","",,,,,,,,"",,,,,,,"",,,"","","",,,,,,,,"",,,,,,,,,,,,
"","","",,"","","","","","","",,"","","","","","","",,"","","","","","","",,"","","","","","","",,"","","","","","","",,"","","","","","","",,"","","","","","","",,"","","","","","",88535,1,"2024-11-08_17h26.42.153","experiment","2023.2.3","Win32",60.60606061,"665dd746f5ea0c66ebd85edb","672ddd4f09d6fb6d26d998b2","672e49312ba62b1363744c47","",,,"",,,"",,,"",,,"",,,"",,,"",,,,,"",,,"",,,,"",,,"","","",,,"","",,1,,,,"","","",,,,,,,4,,"",,,"",,,"",,,"","","",,"","",,,,,,,,,,,,"",,,,,,,"","",,,,,"",,,"",,,"s",0.4941,,"space",0.6093,,4,"green_gnome",4,6,"dark_forest","red_basket","brown_gnome",4,0,"bright_forest","yellow_basket",6,0,0,1,"green_gnome","dark_forest","red_basket",1096,-1,-3,11,2,90,3,1,"",,,,,"",,,"",,,"",,,"",,,"",,,,,,,"",,,"","",,,,,,,,"",,,,,,,"",,,"","","",,,,,,,,"",,,,,,,,,,,,
"","","",,"","","","","","","",,"","","","","","","",,"","","","","","","",,"","","","","","","",,"","","","","","","",,"","","","","","","",,"","","","","","","",,"","","","","","",88535,1,"2024-11-08_17h26.42.153","experiment","2023.2.3","Win32",60.60606061,"665dd746f5ea0c66ebd85edb","672ddd4f09d6fb6d26d998b2","672e49312ba62b1363744c47","",,,"",,,"",,,"",,,"",,,"",,,"",,,,,"",,,"",,,,"",,,"","","",,,"","",,1,,,,"","","",,,,,,,1,,"",,,"",,,"",,,"","","",,"","",,,,,,,,,,,,"",,,,,,,"","",,,,,"",,,"",,,"s",0.3685,,"space",0.33,,1,"orange_gnome",1,3,"dark_forest","red_basket","red_gnome",1,1,"bright_forest","yellow_basket",3,0,0,1,"orange_gnome","dark_forest","red_basket",1099,1,0,11,3,91,0,1,"",,,,,"",,,"",,,"",,,"",,,"",,,,,,,"",,,"","",,,,,,,,"",,,,,,,"",,,"","","",,,,,,,,"",,,,,,,,,,,,
"","","",,"","","","","","","",,"","","","","","","",,"","","","","","","",,"","","","","","","",,"","","","","","","",,"","","","","","","",,"","","","","","","",,"","","","","","",88535,1,"2024-11-08_17h26.42.153","experiment","2023.2.3","Win32",60.60606061,"665dd746f5ea0c66ebd85edb","672ddd4f09d6fb6d26d998b2","672e49312ba62b1363744c47","",,,"",,,"",,,"",,,"",,,"",,,"",,,,,"",,,"",,,,"",,,"","","",,,"","",,5,,,,"","","",,,,,,,3,,"",,,"",,,"",,,"","","",,"","",,,,,,,,,,,,"",,,,,,,"","",,,,,"",,,"",,,"k",0.3996,,"space",0.3757,,3,"purple_gnome",3,2,"bright_forest","yellow_basket","yellow_gnome",3,3,"dark_forest","red_basket",15,0,0,1,"yellow_gnome","dark_forest","red_basket",1114,3,-1,11,4,92,6,1,"",,,,,"",,,"",,,"",,,"",,,"",,,,,,,"",,,"","",,,,,,,,"",,,,,,,"",,,"","","",,,,,,,,"",,,,,,,,,,,,
"","","",,"","","","","","","",,"","","","","","","",,"","","","","","","",,"","","","","","","",,"","","","","","","",,"","","","","","","",,"","","","","","","",,"","","","","","",88535,1,"2024-11-08_17h26.42.153","experiment","2023.2.3","Win32",60.60606061,"665dd746f5ea0c66ebd85edb","672ddd4f09d6fb6d26d998b2","672e49312ba62b1363744c47","",,,"",,,"",,,"",,,"",,,"",,,"",,,,,"",,,"",,,,"",,,"","","",,,"","",,5,,,,"","","",,,,,,,1,,"",,,"",,,"",,,"","","",,"","",,,,,,,,,,,,"",,,,,,,"","",,,,,"",,,"",,,"k",0.386,,"space",0.625,,1,"red_gnome",1,5,"bright_forest","yellow_basket","orange_gnome",1,2,"dark_forest","red_basket",10,0,0,1,"orange_gnome","dark_forest","red_basket",1124,0,-1,11,5,93,4,1,"",,,,,"",,,"",,,"",,,"",,,"",,,,,,,"",,,"","",,,,,,,,"",,,,,,,"",,,"","","",,,,,,,,"",,,,,,,,,,,,
"","","",,"","","","","","","",,"","","","","","","",,"","","","","","","",,"","","","","","","",,"","","","","","","",,"","","","","","","",,"","","","","","","",,"","","","","","",88535,1,"2024-11-08_17h26.42.153","experiment","2023.2.3","Win32",60.60606061,"665dd746f5ea0c66ebd85edb","672ddd4f09d6fb6d26d998b2","672e49312ba62b1363744c47","",,,"",,,"",,,"",,,"",,,"",,,"",,,,,"",,,"",,,,"",,,"","","",,,"","",,1,,,,"","","",,,,,,,1,,"",,,"",,,"",,,"","","",,"","",,,,,,,,,,,,"",,,,,,,"","",,,,,"",,,"",,,"k",0.3769,,"space",0.4293,,1,"red_gnome",1,5,"bright_forest","yellow_basket","orange_gnome",1,1,"dark_forest","red_basket",1,0,0,1,"orange_gnome","dark_forest","red_basket",1125,0,2,11,6,94,0,1,"",,,,,"",,,"",,,"",,,"",,,"",,,,,,,"",,,"","",,,,,,,,"",,,,,,,"",,,"","","",,,,,,,,"",,,,,,,,,,,,
"","","",,"","","","","","","",,"","","","","","","",,"","","","","","","",,"","","","","","","",,"","","","","","","",,"","","","","","","",,"","","","","","","",,"","","","","","",88535,1,"2024-11-08_17h26.42.153","experiment","2023.2.3","Win32",60.60606061,"665dd746f5ea0c66ebd85edb","672ddd4f09d6fb6d26d998b2","672e49312ba62b1363744c47","",,,"",,,"",,,"",,,"",,,"",,,"",,,,,"",,,"",,,,"",,,"","","",,,"","",,1,,,,"","","",,,,,,,1,,"",,,"",,,"",,,"","","",,"","",,,,,,,,,,,,"",,,,,,,"","",,,,,"",,,"",,,"k",0.3866,,"space",0.379,,1,"red_gnome",1,5,"bright_forest","yellow_basket","orange_gnome",1,3,"dark_forest","red_basket",3,0,0,1,"orange_gnome","dark_forest","red_basket",1128,6,0,11,7,95,0,1,"",,,,,"",,,"",,,"",,,"",,,"",,,,,,,"",,,"","",,,,,,,,"",,,,,,,"",,,"","","",,,,,,,,"",,,,,,,,,,,,
"","","",,"","","","","","","",,"","","","","","","",,"","","","","","","",,"","","","","","","",,"","","","","","","",,"","","","","","","",,"","","","","","","",,"","","","","","",88535,1,"2024-11-08_17h26.42.153","experiment","2023.2.3","Win32",60.60606061,"665dd746f5ea0c66ebd85edb","672ddd4f09d6fb6d26d998b2","672e49312ba62b1363744c47","",,,"",,,"",,,"",,,"",,,"",,,"",,,,,"",,,"",,,,"",,,"","","",,,"","",,5,,,,"","","",,,,,,,1,,"",,,"",,,"",,,"","","",,"","",,,,,,,,,,,,"",,,,,,,"","",,,,,"",,,"",,,"s",0.4149,,"space",0.3936,,1,"orange_gnome",1,3,"dark_forest","red_basket","red_gnome",1,7,"bright_forest","yellow_basket",15,0,0,1,"orange_gnome","dark_forest","red_basket",1143,2,-4,12,0,96,4,1,"",,,,,"",,,"",,,"",,,"",,,"",,,,,,,"",,,"","",,,,,,,,"",,,,,,,"",,,"","","",,,,,,,,"",,,,,,,,,,,,
"","","",,"","","","","","","",,"","","","","","","",,"","","","","","","",,"","","","","","","",,"","","","","","","",,"","","","","","","",,"","","","","","","",,"","","","","","",88535,1,"2024-11-08_17h26.42.153","experiment","2023.2.3","Win32",60.60606061,"665dd746f5ea0c66ebd85edb","672ddd4f09d6fb6d26d998b2","672e49312ba62b1363744c47","",,,"",,,"",,,"",,,"",,,"",,,"",,,,,"",,,"",,,,"",,,"","","",,,"","",,1,,,,"","","",,,,,,,3,,"",,,"",,,"",,,"","","",,"","",,,,,,,,,,,,"",,,,,,,"","",,,,,"",,,"",,,"s",0.4711,,"space",0.5669,,3,"purple_gnome",3,9,"bright_forest","yellow_basket","yellow_gnome",3,1,"dark_forest","red_basket",9,0,0,1,"purple_gnome","bright_forest","yellow_basket",1152,-1,0,12,1,97,2,1,"",,,,,"",,,"",,,"",,,"",,,"",,,,,,,"",,,"","",,,,,,,,"",,,,,,,"",,,"","","",,,,,,,,"",,,,,,,,,,,,
"","","",,"","","","","","","",,"","","","","","","",,"","","","","","","",,"","","","","","","",,"","","","","","","",,"","","","","","","",,"","","","","","","",,"","","","","","",88535,1,"2024-11-08_17h26.42.153","experiment","2023.2.3","Win32",60.60606061,"665dd746f5ea0c66ebd85edb","672ddd4f09d6fb6d26d998b2","672e49312ba62b1363744c47","",,,"",,,"",,,"",,,"",,,"",,,"",,,,,"",,,"",,,,"",,,"","","",,,"","",,1,,,,"","","",,,,,,,2,,"",,,"",,,"",,,"","","",,"","",,,,,,,,,,,,"",,,,,,,"","",,,,,"",,,"",,,"s",0.436,,"space",0.5435,,2,"blue_gnome",2,8,"bright_forest","yellow_basket","pink_gnome",2,1,"dark_forest","red_basket",8,0,0,1,"blue_gnome","bright_forest","yellow_basket",1160,1,0,12,2,98,1,1,"",,,,,"",,,"",,,"",,,"",,,"",,,,,,,"",,,"","",,,,,,,,"",,,,,,,"",,,"","","",,,,,,,,"",,,,,,,,,,,,
"","","",,"","","","","","","",,"","","","","","","",,"","","","","","","",,"","","","","","","",,"","","","","","","",,"","","","","","","",,"","","","","","","",,"","","","","","",88535,1,"2024-11-08_17h26.42.153","experiment","2023.2.3","Win32",60.60606061,"665dd746f5ea0c66ebd85edb","672ddd4f09d6fb6d26d998b2","672e49312ba62b1363744c47","",,,"",,,"",,,"",,,"",,,"",,,"",,,,,"",,,"",,,,"",,,"","","",,,"","",,1,,,,"","","",,,,,,,1,,"",,,"",,,"",,,"","","",,"","",,,,,,,,,,,,"",,,,,,,"","",,,,,"",,,"",,,"s",0.3985,,"space",0.9119,,1,"orange_gnome",1,1,"dark_forest","red_basket","red_gnome",1,9,"bright_forest","yellow_basket",1,0,0,1,"orange_gnome","dark_forest","red_basket",1161,-1,-2,12,3,99,0,1,"",,,,,"",,,"",,,"",,,"",,,"",,,,,,,"",,,"","",,,,,,,,"",,,,,,,"",,,"","","",,,,,,,,"",,,,,,,,,,,,
"","","",,"","","","","","","",,"","","","","","","",,"","","","","","","",,"","","","","","","",,"","","","","","","",,"","","","","","","",,"","","","","","","",,"","","","","","",88535,1,"2024-11-08_17h26.42.153","experiment","2023.2.3","Win32",60.60606061,"665dd746f5ea0c66ebd85edb","672ddd4f09d6fb6d26d998b2","672e49312ba62b1363744c47","",,,"",,,"",,,"",,,"",,,"",,,"",,,,,"",,,"",,,,"",,,"","","",,,"","",,5,,,,"","","",,,,,,,3,,"",,,"",,,"",,,"","","",,"","",,,,,,,,,,,,"",,,,,,,"","",,,,,"",,,"",,,"s",0.372,,"space",0.4035,,3,"purple_gnome",3,8,"bright_forest","yellow_basket","yellow_gnome",3,1,"dark_forest","red_basket",40,0,0,1,"purple_gnome","bright_forest","yellow_basket",1201,-2,3,12,4,100,6,1,"",,,,,"",,,"",,,"",,,"",,,"",,,,,,,"",,,"","",,,,,,,,"",,,,,,,"",,,"","","",,,,,,,,"",,,,,,,,,,,,
"","","",,"","","","","","","",,"","","","","","","",,"","","","","","","",,"","","","","","","",,"","","","","","","",,"","","","","","","",,"","","","","","","",,"","","","","","",88535,1,"2024-11-08_17h26.42.153","experiment","2023.2.3","Win32",60.60606061,"665dd746f5ea0c66ebd85edb","672ddd4f09d6fb6d26d998b2","672e49312ba62b1363744c47","",,,"",,,"",,,"",,,"",,,"",,,"",,,,,"",,,"",,,,"",,,"","","",,,"","",,5,,,,"","","",,,,,,,1,,"",,,"",,,"",,,"","","",,"","",,,,,,,,,,,,"",,,,,,,"","",,,,,"",,,"",,,"s",0.4528,,"space",0.7029,,1,"red_gnome",1,6,"bright_forest","yellow_basket","orange_gnome",1,4,"dark_forest","red_basket",30,0,0,1,"red_gnome","bright_forest","yellow_basket",1231,3,0,12,5,101,4,1,"",,,,,"",,,"",,,"",,,"",,,"",,,,,,,"",,,"","",,,,,,,,"",,,,,,,"",,,"","","",,,,,,,,"",,,,,,,,,,,,
"","","",,"","","","","","","",,"","","","","","","",,"","","","","","","",,"","","","","","","",,"","","","","","","",,"","","","","","","",,"","","","","","","",,"","","","","","",88535,1,"2024-11-08_17h26.42.153","experiment","2023.2.3","Win32",60.60606061,"665dd746f5ea0c66ebd85edb","672ddd4f09d6fb6d26d998b2","672e49312ba62b1363744c47","",,,"",,,"",,,"",,,"",,,"",,,"",,,,,"",,,"",,,,"",,,"","","",,,"","",,5,,,,"","","",,,,,,,4,,"",,,"",,,"",,,"","","",,"","",,,,,,,,,,,,"",,,,,,,"","",,,,,"",,,"",,,"s",0.5126,,"space",0.4266,,4,"green_gnome",4,4,"dark_forest","red_basket","brown_gnome",4,9,"bright_forest","yellow_basket",20,0,0,1,"green_gnome","dark_forest","red_basket",1251,-1,2,12,6,102,7,1,"",,,,,"",,,"",,,"",,,"",,,"",,,,,,,"",,,"","",,,,,,,,"",,,,,,,"",,,"","","",,,,,,,,"",,,,,,,,,,,,
"","","",,"","","","","","","",,"","","","","","","",,"","","","","","","",,"","","","","","","",,"","","","","","","",,"","","","","","","",,"","","","","","","",,"","","","","","",88535,1,"2024-11-08_17h26.42.153","experiment","2023.2.3","Win32",60.60606061,"665dd746f5ea0c66ebd85edb","672ddd4f09d6fb6d26d998b2","672e49312ba62b1363744c47","",,,"",,,"",,,"",,,"",,,"",,,"",,,,,"",,,"",,,,"",,,"","","",,,"","",,5,,,,"","","",,,,,,,3,,"",,,"",,,"",,,"","","",,"","",,,,,,,,,,,,"",,,,,,,"","",,,,,"",,,"",,,"s",0.3997,,"space",0.4107,,3,"yellow_gnome",3,6,"dark_forest","red_basket","purple_gnome",3,8,"bright_forest","yellow_basket",30,0,0,1,"yellow_gnome","dark_forest","red_basket",1281,0,2,12,7,103,6,1,"",,,,,"",,,"",,,"",,,"",,,"",,,,,,,"",,,"","",,,,,,,,"",,,,,,,"",,,"","","",,,,,,,,"",,,,,,,,,,,,
"","","",,"","","","","","","",,"","","","","","","",,"","","","","","","",,"","","","","","","",,"","","","","","","",,"","","","","","","",,"","","","","","","",,"","","","","","",88535,1,"2024-11-08_17h26.42.153","experiment","2023.2.3","Win32",60.60606061,"665dd746f5ea0c66ebd85edb","672ddd4f09d6fb6d26d998b2","672e49312ba62b1363744c47","",,,"",,,"",,,"",,,"",,,"",,,"",,,,,"",,,"",,,,"",,,"","","",,,"","",,5,,,,"","","",,,,,,,4,,"",,,"",,,"",,,"","","",,"","",,,,,,,,,,,,"",,,,,,,"","",,,,,"",,,"",,,"s",0.4362,,"space",0.4605,,4,"green_gnome",4,8,"dark_forest","red_basket","brown_gnome",4,8,"bright_forest","yellow_basket",40,0,0,1,"green_gnome","dark_forest","red_basket",1321,0,-1,13,0,104,7,1,"",,,,,"",,,"",,,"",,,"",,,"",,,,,,,"",,,"","",,,,,,,,"",,,,,,,"",,,"","","",,,,,,,,"",,,,,,,,,,,,
"","","",,"","","","","","","",,"","","","","","","",,"","","","","","","",,"","","","","","","",,"","","","","","","",,"","","","","","","",,"","","","","","","",,"","","","","","",88535,1,"2024-11-08_17h26.42.153","experiment","2023.2.3","Win32",60.60606061,"665dd746f5ea0c66ebd85edb","672ddd4f09d6fb6d26d998b2","672e49312ba62b1363744c47","",,,"",,,"",,,"",,,"",,,"",,,"",,,,,"",,,"",,,,"",,,"","","",,,"","",,1,,,,"","","",,,,,,,2,,"",,,"",,,"",,,"","","",,"","",,,,,,,,,,,,"",,,,,,,"","",,,,,"",,,"",,,"s",0.4119,,"space",0.4068,,2,"pink_gnome",2,7,"dark_forest","red_basket","blue_gnome",2,8,"bright_forest","yellow_basket",7,0,0,1,"pink_gnome","dark_forest","red_basket",1328,2,5,13,1,105,1,1,"",,,,,"",,,"",,,"",,,"",,,"",,,,,,,"",,,"","",,,,,,,,"",,,,,,,"",,,"","","",,,,,,,,"",,,,,,,,,,,,
"","","",,"","","","","","","",,"","","","","","","",,"","","","","","","",,"","","","","","","",,"","","","","","","",,"","","","","","","",,"","","","","","","",,"","","","","","",88535,1,"2024-11-08_17h26.42.153","experiment","2023.2.3","Win32",60.60606061,"665dd746f5ea0c66ebd85edb","672ddd4f09d6fb6d26d998b2","672e49312ba62b1363744c47","",,,"",,,"",,,"",,,"",,,"",,,"",,,,,"",,,"",,,,"",,,"","","",,,"","",,1,,,,"","","",,,,,,,3,,"",,,"",,,"",,,"","","",,"","",,,,,,,,,,,,"",,,,,,,"","",,,,,"",,,"",,,"k",0.4178,,"space",0.302,,3,"purple_gnome",3,8,"bright_forest","yellow_basket","yellow_gnome",3,6,"dark_forest","red_basket",6,0,0,1,"yellow_gnome","dark_forest","red_basket",1334,-4,-1,13,2,106,2,1,"",,,,,"",,,"",,,"",,,"",,,"",,,,,,,"",,,"","",,,,,,,,"",,,,,,,"",,,"","","",,,,,,,,"",,,,,,,,,,,,
"","","",,"","","","","","","",,"","","","","","","",,"","","","","","","",,"","","","","","","",,"","","","","","","",,"","","","","","","",,"","","","","","","",,"","","","","","",88535,1,"2024-11-08_17h26.42.153","experiment","2023.2.3","Win32",60.60606061,"665dd746f5ea0c66ebd85edb","672ddd4f09d6fb6d26d998b2","672e49312ba62b1363744c47","",,,"",,,"",,,"",,,"",,,"",,,"",,,,,"",,,"",,,,"",,,"","","",,,"","",,5,,,,"","","",,,,,,,1,,"",,,"",,,"",,,"","","",,"","",,,,,,,,,,,,"",,,,,,,"","",,,,,"",,,"",,,"k",0.4172,,"space",0.5124,,1,"orange_gnome",1,5,"dark_forest","red_basket","red_gnome",1,4,"bright_forest","yellow_basket",20,0,0,1,"red_gnome","bright_forest","yellow_basket",1354,5,0,13,3,107,4,1,"",,,,,"",,,"",,,"",,,"",,,"",,,,,,,"",,,"","",,,,,,,,"",,,,,,,"",,,"","","",,,,,,,,"",,,,,,,,,,,,
"","","",,"","","","","","","",,"","","","","","","",,"","","","","","","",,"","","","","","","",,"","","","","","","",,"","","","","","","",,"","","","","","","",,"","","","","","",88535,1,"2024-11-08_17h26.42.153","experiment","2023.2.3","Win32",60.60606061,"665dd746f5ea0c66ebd85edb","672ddd4f09d6fb6d26d998b2","672e49312ba62b1363744c47","",,,"",,,"",,,"",,,"",,,"",,,"",,,,,"",,,"",,,,"",,,"","","",,,"","",,1,,,,"","","",,,,,,,3,,"",,,"",,,"",,,"","","",,"","",,,,,,,,,,,,"",,,,,,,"","",,,,,"",,,"",,,"s",0.396,,"space",0.4289,,3,"purple_gnome",3,9,"bright_forest","yellow_basket","yellow_gnome",3,5,"dark_forest","red_basket",9,0,0,1,"purple_gnome","bright_forest","yellow_basket",1363,-1,4,13,4,108,2,1,"",,,,,"",,,"",,,"",,,"",,,"",,,,,,,"",,,"","",,,,,,,,"",,,,,,,"",,,"","","",,,,,,,,"",,,,,,,,,,,,
"","","",,"","","","","","","",,"","","","","","","",,"","","","","","","",,"","","","","","","",,"","","","","","","",,"","","","","","","",,"","","","","","","",,"","","","","","",88535,1,"2024-11-08_17h26.42.153","experiment","2023.2.3","Win32",60.60606061,"665dd746f5ea0c66ebd85edb","672ddd4f09d6fb6d26d998b2","672e49312ba62b1363744c47","",,,"",,,"",,,"",,,"",,,"",,,"",,,,,"",,,"",,,,"",,,"","","",,,"","",,5,,,,"","","",,,,,,,2,,"",,,"",,,"",,,"","","",,"","",,,,,,,,,,,,"",,,,,,,"","",,,,,"",,,"",,,"s",0.4978,,"space",0.4342,,2,"pink_gnome",2,9,"dark_forest","red_basket","blue_gnome",2,8,"bright_forest","yellow_basket",45,0,0,1,"pink_gnome","dark_forest","red_basket",1408,0,3,13,5,109,5,1,"",,,,,"",,,"",,,"",,,"",,,"",,,,,,,"",,,"","",,,,,,,,"",,,,,,,"",,,"","","",,,,,,,,"",,,,,,,,,,,,
"","","",,"","","","","","","",,"","","","","","","",,"","","","","","","",,"","","","","","","",,"","","","","","","",,"","","","","","","",,"","","","","","","",,"","","","","","",88535,1,"2024-11-08_17h26.42.153","experiment","2023.2.3","Win32",60.60606061,"665dd746f5ea0c66ebd85edb","672ddd4f09d6fb6d26d998b2","672e49312ba62b1363744c47","",,,"",,,"",,,"",,,"",,,"",,,"",,,,,"",,,"",,,,"",,,"","","",,,"","",,5,,,,"","","",,,,,,,3,,"",,,"",,,"",,,"","","",,"","",,,,,,,,,,,,"",,,,,,,"","",,,,,"",,,"",,,"s",0.4301,,"space",0.763,,3,"yellow_gnome",3,6,"dark_forest","red_basket","purple_gnome",3,8,"bright_forest","yellow_basket",30,0,0,1,"yellow_gnome","dark_forest","red_basket",1438,0,-4,13,6,110,6,1,"",,,,,"",,,"",,,"",,,"",,,"",,,,,,,"",,,"","",,,,,,,,"",,,,,,,"",,,"","","",,,,,,,,"",,,,,,,,,,,,
"","","",,"","","","","","","",,"","","","","","","",,"","","","","","","",,"","","","","","","",,"","","","","","","",,"","","","","","","",,"","","","","","","",,"","","","","","",88535,1,"2024-11-08_17h26.42.153","experiment","2023.2.3","Win32",60.60606061,"665dd746f5ea0c66ebd85edb","672ddd4f09d6fb6d26d998b2","672e49312ba62b1363744c47","",,,"",,,"",,,"",,,"",,,"",,,"",,,,,"",,,"",,,,"",,,"","","",,,"","",,5,,,,"","","",,,,,,,2,,"",,,"",,,"",,,"","","",,"","",,,,,,,,,,,,"",,,,,,,"","",,,,,"",,,"",,,"s",0.4106,,"space",0.4762,,2,"pink_gnome",2,2,"dark_forest","red_basket","blue_gnome",2,8,"bright_forest","yellow_basket",10,0,0,1,"pink_gnome","dark_forest","red_basket",1448,1,2,13,7,111,5,1,"",,,,,"",,,"",,,"",,,"",,,"",,,,,,,"",,,"","",,,,,,,,"",,,,,,,"",,,"","","",,,,,,,,"",,,,,,,,,,,,
"","","",,"","","","","","","",,"","","","","","","",,"","","","","","","",,"","","","","","","",,"","","","","","","",,"","","","","","","",,"","","","","","","",,"","","","","","",88535,1,"2024-11-08_17h26.42.153","experiment","2023.2.3","Win32",60.60606061,"665dd746f5ea0c66ebd85edb","672ddd4f09d6fb6d26d998b2","672e49312ba62b1363744c47","",,,"",,,"",,,"",,,"",,,"",,,"",,,,,"",,,"",,,,"",,,"","","",,,"","",,5,,,,"","","",,,,,,,2,,"",,,"",,,"",,,"","","",,"","",,,,,,,,,,,,"",,,,,,,"","",,,,,"",,,"",,,"s",0.4658,,"space",1.1601,,2,"pink_gnome",2,4,"dark_forest","red_basket","blue_gnome",2,9,"bright_forest","yellow_basket",20,0,0,1,"pink_gnome","dark_forest","red_basket",1468,0,1,14,0,112,5,1,"",,,,,"",,,"",,,"",,,"",,,"",,,,,,,"",,,"","",,,,,,,,"",,,,,,,"",,,"","","",,,,,,,,"",,,,,,,,,,,,
"","","",,"","","","","","","",,"","","","","","","",,"","","","","","","",,"","","","","","","",,"","","","","","","",,"","","","","","","",,"","","","","","","",,"","","","","","",88535,1,"2024-11-08_17h26.42.153","experiment","2023.2.3","Win32",60.60606061,"665dd746f5ea0c66ebd85edb","672ddd4f09d6fb6d26d998b2","672e49312ba62b1363744c47","",,,"",,,"",,,"",,,"",,,"",,,"",,,,,"",,,"",,,,"",,,"","","",,,"","",,1,,,,"","","",,,,,,,4,,"",,,"",,,"",,,"","","",,"","",,,,,,,,,,,,"",,,,,,,"","",,,,,"",,,"",,,"s",0.3535,,"space",0.3443,,4,"green_gnome",4,5,"dark_forest","red_basket","brown_gnome",4,9,"bright_forest","yellow_basket",5,0,0,1,"green_gnome","dark_forest","red_basket",1473,1,4,14,1,113,3,1,"",,,,,"",,,"",,,"",,,"",,,"",,,,,,,"",,,"","",,,,,,,,"",,,,,,,"",,,"","","",,,,,,,,"",,,,,,,,,,,,
"","","",,"","","","","","","",,"","","","","","","",,"","","","","","","",,"","","","","","","",,"","","","","","","",,"","","","","","","",,"","","","","","","",,"","","","","","",88535,1,"2024-11-08_17h26.42.153","experiment","2023.2.3","Win32",60.60606061,"665dd746f5ea0c66ebd85edb","672ddd4f09d6fb6d26d998b2","672e49312ba62b1363744c47","",,,"",,,"",,,"",,,"",,,"",,,"",,,,,"",,,"",,,,"",,,"","","",,,"","",,1,,,,"","","",,,,,,,1,,"",,,"",,,"",,,"","","",,"","",,,,,,,,,,,,"",,,,,,,"","",,,,,"",,,"",,,"s",0.4191,,"space",0.4634,,1,"red_gnome",1,8,"bright_forest","yellow_basket","orange_gnome",1,9,"dark_forest","red_basket",8,0,0,1,"red_gnome","bright_forest","yellow_basket",1481,-1,-3,14,2,114,0,1,"",,,,,"",,,"",,,"",,,"",,,"",,,,,,,"",,,"","",,,,,,,,"",,,,,,,"",,,"","","",,,,,,,,"",,,,,,,,,,,,
"","","",,"","","","","","","",,"","","","","","","",,"","","","","","","",,"","","","","","","",,"","","","","","","",,"","","","","","","",,"","","","","","","",,"","","","","","",88535,1,"2024-11-08_17h26.42.153","experiment","2023.2.3","Win32",60.60606061,"665dd746f5ea0c66ebd85edb","672ddd4f09d6fb6d26d998b2","672e49312ba62b1363744c47","",,,"",,,"",,,"",,,"",,,"",,,"",,,,,"",,,"",,,,"",,,"","","",,,"","",,5,,,,"","","",,,,,,,1,,"",,,"",,,"",,,"","","",,"","",,,,,,,,,,,,"",,,,,,,"","",,,,,"",,,"",,,"s",0.4117,,"space",0.3604,,1,"orange_gnome",1,6,"dark_forest","red_basket","red_gnome",1,7,"bright_forest","yellow_basket",30,0,0,1,"orange_gnome","dark_forest","red_basket",1511,-2,-2,14,3,115,4,1,"",,,,,"",,,"",,,"",,,"",,,"",,,,,,,"",,,"","",,,,,,,,"",,,,,,,"",,,"","","",,,,,,,,"",,,,,,,,,,,,
"","","",,"","","","","","","",,"","","","","","","",,"","","","","","","",,"","","","","","","",,"","","","","","","",,"","","","","","","",,"","","","","","","",,"","","","","","",88535,1,"2024-11-08_17h26.42.153","experiment","2023.2.3","Win32",60.60606061,"665dd746f5ea0c66ebd85edb","672ddd4f09d6fb6d26d998b2","672e49312ba62b1363744c47","",,,"",,,"",,,"",,,"",,,"",,,"",,,,,"",,,"",,,,"",,,"","","",,,"","",,5,,,,"","","",,,,,,,3,,"",,,"",,,"",,,"","","",,"","",,,,,,,,,,,,"",,,,,,,"","",,,,,"",,,"",,,"s",0.4275,,"space",0.2932,,3,"purple_gnome",3,5,"bright_forest","yellow_basket","yellow_gnome",3,4,"dark_forest","red_basket",25,0,0,1,"purple_gnome","bright_forest","yellow_basket",1536,0,1,14,4,116,6,1,"",,,,,"",,,"",,,"",,,"",,,"",,,,,,,"",,,"","",,,,,,,,"",,,,,,,"",,,"","","",,,,,,,,"",,,,,,,,,,,,
"","","",,"","","","","","","",,"","","","","","","",,"","","","","","","",,"","","","","","","",,"","","","","","","",,"","","","","","","",,"","","","","","","",,"","","","","","",88535,1,"2024-11-08_17h26.42.153","experiment","2023.2.3","Win32",60.60606061,"665dd746f5ea0c66ebd85edb","672ddd4f09d6fb6d26d998b2","672e49312ba62b1363744c47","",,,"",,,"",,,"",,,"",,,"",,,"",,,,,"",,,"",,,,"",,,"","","",,,"","",,5,,,,"","","",,,,,,,3,,"",,,"",,,"",,,"","","",,"","",,,,,,,,,,,,"",,,,,,,"","",,,,,"",,,"",,,"s",0.3775,,"space",0.5596,,3,"yellow_gnome",3,5,"dark_forest","red_basket","purple_gnome",3,5,"bright_forest","yellow_basket",25,0,0,1,"yellow_gnome","dark_forest","red_basket",1561,2,3,14,5,117,6,1,"",,,,,"",,,"",,,"",,,"",,,"",,,,,,,"",,,"","",,,,,,,,"",,,,,,,"",,,"","","",,,,,,,,"",,,,,,,,,,,,
"","","",,"","","","","","","",,"","","","","","","",,"","","","","","","",,"","","","","","","",,"","","","","","","",,"","","","","","","",,"","","","","","","",,"","","","","","",88535,1,"2024-11-08_17h26.42.153","experiment","2023.2.3","Win32",60.60606061,"665dd746f5ea0c66ebd85edb","672ddd4f09d6fb6d26d998b2","672e49312ba62b1363744c47","",,,"",,,"",,,"",,,"",,,"",,,"",,,,,"",,,"",,,,"",,,"","","",,,"","",,1,,,,"","","",,,,,,,3,,"",,,"",,,"",,,"","","",,"","",,,,,,,,,,,,"",,,,,,,"","",,,,,"",,,"",,,"k",0.682,,"space",0.372,,3,"purple_gnome",3,7,"bright_forest","yellow_basket","yellow_gnome",3,8,"dark_forest","red_basket",8,0,0,1,"yellow_gnome","dark_forest","red_basket",1569,0,1,14,6,118,2,1,"",,,,,"",,,"",,,"",,,"",,,"",,,,,,,"",,,"","",,,,,,,,"",,,,,,,"",,,"","","",,,,,,,,"",,,,,,,,,,,,
"","","",,"","","","","","","",,"","","","","","","",,"","","","","","","",,"","","","","","","",,"","","","","","","",,"","","","","","","",,"","","","","","","",,"","","","","","",88535,1,"2024-11-08_17h26.42.153","experiment","2023.2.3","Win32",60.60606061,"665dd746f5ea0c66ebd85edb","672ddd4f09d6fb6d26d998b2","672e49312ba62b1363744c47","",,,"",,,"",,,"",,,"",,,"",,,"",,,,,"",,,"",,,,"",,,"","","",,,"","",,5,,,,"","","",,,,,,,1,,"",,,"",,,"",,,"","","",,"","",,,,,,,,,,,,"",,,,,,,"","",,,,,"",,,"",,,"s",0.3788,,"space",0.446,,1,"red_gnome",1,7,"bright_forest","yellow_basket","orange_gnome",1,9,"dark_forest","red_basket",35,0,0,1,"red_gnome","bright_forest","yellow_basket",1604,-3,0,14,7,119,4,1,"",,,,,"",,,"",,,"",,,"",,,"",,,,,,,"",,,"","",,,,,,,,"",,,,,,,"",,,"","","",,,,,,,,"",,,,,,,,,,,,
"","","",,"","","","","","","",,"","","","","","","",,"","","","","","","",,"","","","","","","",,"","","","","","","",,"","","","","","","",,"","","","","","","",,"","","","","","",88535,1,"2024-11-08_17h26.42.153","experiment","2023.2.3","Win32",60.60606061,"665dd746f5ea0c66ebd85edb","672ddd4f09d6fb6d26d998b2","672e49312ba62b1363744c47","",,,"",,,"",,,"",,,"",,,"",,,"",,,,,"",,,"",,,,"",,,"","","",,,"","",,5,,,,"","","",,,,,,,1,,"",,,"",,,"",,,"","","",,"","",,,,,,,,,,,,"",,,,,,,"","",,,,,"",,,"",,,"s",0.4017,,"space",0.3281,,1,"orange_gnome",1,9,"dark_forest","red_basket","red_gnome",1,4,"bright_forest","yellow_basket",45,0,0,1,"orange_gnome","dark_forest","red_basket",1649,2,-1,15,0,120,4,1,"",,,,,"",,,"",,,"",,,"",,,"",,,,,,,"",,,"","",,,,,,,,"",,,,,,,"",,,"","","",,,,,,,,"",,,,,,,,,,,,
"","","",,"","","","","","","",,"","","","","","","",,"","","","","","","",,"","","","","","","",,"","","","","","","",,"","","","","","","",,"","","","","","","",,"","","","","","",88535,1,"2024-11-08_17h26.42.153","experiment","2023.2.3","Win32",60.60606061,"665dd746f5ea0c66ebd85edb","672ddd4f09d6fb6d26d998b2","672e49312ba62b1363744c47","",,,"",,,"",,,"",,,"",,,"",,,"",,,,,"",,,"",,,,"",,,"","","",,,"","",,1,,,,"","","",,,,,,,4,,"",,,"",,,"",,,"","","",,"","",,,,,,,,,,,,"",,,,,,,"","",,,,,"",,,"",,,"k",0.4447,,"space",0.4747,,4,"green_gnome",4,8,"dark_forest","red_basket","brown_gnome",4,6,"bright_forest","yellow_basket",6,0,0,1,"brown_gnome","bright_forest","yellow_basket",1655,0,0,15,1,121,3,1,"",,,,,"",,,"",,,"",,,"",,,"",,,,,,,"",,,"","",,,,,,,,"",,,,,,,"",,,"","","",,,,,,,,"",,,,,,,,,,,,
"","","",,"","","","","","","",,"","","","","","","",,"","","","","","","",,"","","","","","","",,"","","","","","","",,"","","","","","","",,"","","","","","","",,"","","","","","",88535,1,"2024-11-08_17h26.42.153","experiment","2023.2.3","Win32",60.60606061,"665dd746f5ea0c66ebd85edb","672ddd4f09d6fb6d26d998b2","672e49312ba62b1363744c47","",,,"",,,"",,,"",,,"",,,"",,,"",,,,,"",,,"",,,,"",,,"","","",,,"","",,5,,,,"","","",,,,,,,1,,"",,,"",,,"",,,"","","",,"","",,,,,,,,,,,,"",,,,,,,"","",,,,,"",,,"",,,"s",0.4096,,"space",0.5236,,1,"orange_gnome",1,8,"dark_forest","red_basket","red_gnome",1,6,"bright_forest","yellow_basket",40,0,0,1,"orange_gnome","dark_forest","red_basket",1695,1,1,15,2,122,4,1,"",,,,,"",,,"",,,"",,,"",,,"",,,,,,,"",,,"","",,,,,,,,"",,,,,,,"",,,"","","",,,,,,,,"",,,,,,,,,,,,
"","","",,"","","","","","","",,"","","","","","","",,"","","","","","","",,"","","","","","","",,"","","","","","","",,"","","","","","","",,"","","","","","","",,"","","","","","",88535,1,"2024-11-08_17h26.42.153","experiment","2023.2.3","Win32",60.60606061,"665dd746f5ea0c66ebd85edb","672ddd4f09d6fb6d26d998b2","672e49312ba62b1363744c47","",,,"",,,"",,,"",,,"",,,"",,,"",,,,,"",,,"",,,,"",,,"","","",,,"","",,5,,,,"","","",,,,,,,2,,"",,,"",,,"",,,"","","",,"","",,,,,,,,,,,,"",,,,,,,"","",,,,,"",,,"",,,"s",0.4358,,"space",0.6664,,2,"blue_gnome",2,7,"bright_forest","yellow_basket","pink_gnome",2,9,"dark_forest","red_basket",35,0,0,1,"blue_gnome","bright_forest","yellow_basket",1730,0,-1,15,3,123,5,1,"",,,,,"",,,"",,,"",,,"",,,"",,,,,,,"",,,"","",,,,,,,,"",,,,,,,"",,,"","","",,,,,,,,"",,,,,,,,,,,,
"","","",,"","","","","","","",,"","","","","","","",,"","","","","","","",,"","","","","","","",,"","","","","","","",,"","","","","","","",,"","","","","","","",,"","","","","","",88535,1,"2024-11-08_17h26.42.153","experiment","2023.2.3","Win32",60.60606061,"665dd746f5ea0c66ebd85edb","672ddd4f09d6fb6d26d998b2","672e49312ba62b1363744c47","",,,"",,,"",,,"",,,"",,,"",,,"",,,,,"",,,"",,,,"",,,"","","",,,"","",,1,,,,"","","",,,,,,,2,,"",,,"",,,"",,,"","","",,"","",,,,,,,,,,,,"",,,,,,,"","",,,,,"",,,"",,,"k",0.4651,,"space",0.4845,,2,"blue_gnome",2,7,"bright_forest","yellow_basket","pink_gnome",2,8,"dark_forest","red_basket",8,0,0,1,"pink_gnome","dark_forest","red_basket",1738,-1,-1,15,4,124,1,1,"",,,,,"",,,"",,,"",,,"",,,"",,,,,,,"",,,"","",,,,,,,,"",,,,,,,"",,,"","","",,,,,,,,"",,,,,,,,,,,,
"","","",,"","","","","","","",,"","","","","","","",,"","","","","","","",,"","","","","","","",,"","","","","","","",,"","","","","","","",,"","","","","","","",,"","","","","","",88535,1,"2024-11-08_17h26.42.153","experiment","2023.2.3","Win32",60.60606061,"665dd746f5ea0c66ebd85edb","672ddd4f09d6fb6d26d998b2","672e49312ba62b1363744c47","",,,"",,,"",,,"",,,"",,,"",,,"",,,,,"",,,"",,,,"",,,"","","",,,"","",,5,,,,"","","",,,,,,,2,,"",,,"",,,"",,,"","","",,"","",,,,,,,,,,,,"",,,,,,,"","",,,,,"",,,"",,,"s",0.4145,,"space",0.3967,,2,"blue_gnome",2,6,"bright_forest","yellow_basket","pink_gnome",2,7,"dark_forest","red_basket",30,0,0,1,"blue_gnome","bright_forest","yellow_basket",1768,2,1,15,5,125,5,1,"",,,,,"",,,"",,,"",,,"",,,"",,,,,,,"",,,"","",,,,,,,,"",,,,,,,"",,,"","","",,,,,,,,"",,,,,,,,,,,,
"","","",,"","","","","","","",,"","","","","","","",,"","","","","","","",,"","","","","","","",,"","","","","","","",,"","","","","","","",,"","","","","","","",,"","","","","","",88535,1,"2024-11-08_17h26.42.153","experiment","2023.2.3","Win32",60.60606061,"665dd746f5ea0c66ebd85edb","672ddd4f09d6fb6d26d998b2","672e49312ba62b1363744c47","",,,"",,,"",,,"",,,"",,,"",,,"",,,,,"",,,"",,,,"",,,"","","",,,"","",,5,,,,"","","",,,,,,,3,,"",,,"",,,"",,,"","","",,"","",,,,,,,,,,,,"",,,,,,,"","",,,,,"",,,"",,,"s",0.792,,"",,,3,"purple_gnome",3,8,"bright_forest","yellow_basket","yellow_gnome",3,8,"dark_forest","red_basket",0,0,1,0,"purple_gnome","bright_forest","yellow_basket",1768,3,-5,15,6,126,6,1,"",,,,,"",,,"",,,"",,,"",,,"",,,,,,,"",,,"","",,,,,,,,"",,,,,,,"",,,"","","",,,,,,,,"",,,,,,,,,,,,
"","","",,"","","","","","","",,"","","","","","","",,"","","","","","","",,"","","","","","","",,"","","","","","","",,"","","","","","","",,"","","","","","","",,"","","","","","",88535,1,"2024-11-08_17h26.42.153","experiment","2023.2.3","Win32",60.60606061,"665dd746f5ea0c66ebd85edb","672ddd4f09d6fb6d26d998b2","672e49312ba62b1363744c47","",,,"",,,"",,,"",,,"",,,"",,,"",,,,,"",,,"",,,,"",,,"","","",,,"","",,1,,,,"","","",,,,,,,4,,"",,,"",,,"",,,"","","",,"","",,,,,,,,,,,,"",,,,,,,"","",,,,,"",,,"",,,"k",0.3519,,"space",0.5592,,4,"green_gnome",4,3,"dark_forest","red_basket","brown_gnome",4,7,"bright_forest","yellow_basket",7,0,0,1,"brown_gnome","bright_forest","yellow_basket",1775,-4,3,15,7,127,3,1,"space",71.7722,,,,"",,,"",,,"",,,"",,,"",,,,,,,"",,,"","",,,,,,,,"",,,,,,,"",,,"","","",,,,,,,,"",,,,,,,,,,,,
"","","",,"","","","","","","",,"","","","","","","",,"","","","","","","",,"","","","","","","",,"","","","","","","",,"","","","","","","",,"","","","","","","",,"","","","","","",88535,1,"2024-11-08_17h26.42.153","experiment","2023.2.3","Win32",60.60606061,"665dd746f5ea0c66ebd85edb","672ddd4f09d6fb6d26d998b2","672e49312ba62b1363744c47","",,,"",,,"",,,"",,,"",,,"",,,"",,,,,"",,,"",,,,"",,,"","","",,,"","",,5,,,,"","","",,,,,,,2,,"",,,"",,,"",,,"","","",,"","",,,,,,,,,,,,"",,,,,,,"","",,,,,"",,,"",,,"s",0.3627,,"space",0.4495,,2,"blue_gnome",2,3,"bright_forest","yellow_basket","pink_gnome",2,6,"dark_forest","red_basket",15,0,0,1,"blue_gnome","bright_forest","yellow_basket",1790,0,-3,16,0,128,5,1,"",,,,,"",,,"",,,"",,,"",,,"",,,,,,,"",,,"","",,,,,,,,"",,,,,,,"",,,"","","",,,,,,,,"",,,,,,,,,,,,
"","","",,"","","","","","","",,"","","","","","","",,"","","","","","","",,"","","","","","","",,"","","","","","","",,"","","","","","","",,"","","","","","","",,"","","","","","",88535,1,"2024-11-08_17h26.42.153","experiment","2023.2.3","Win32",60.60606061,"665dd746f5ea0c66ebd85edb","672ddd4f09d6fb6d26d998b2","672e49312ba62b1363744c47","",,,"",,,"",,,"",,,"",,,"",,,"",,,,,"",,,"",,,,"",,,"","","",,,"","",,5,,,,"","","",,,,,,,2,,"",,,"",,,"",,,"","","",,"","",,,,,,,,,,,,"",,,,,,,"","",,,,,"",,,"",,,"s",0.4432,,"space",0.3706,,2,"pink_gnome",2,3,"dark_forest","red_basket","blue_gnome",2,3,"bright_forest","yellow_basket",15,0,0,1,"pink_gnome","dark_forest","red_basket",1805,0,0,16,1,129,5,1,"",,,,,"",,,"",,,"",,,"",,,"",,,,,,,"",,,"","",,,,,,,,"",,,,,,,"",,,"","","",,,,,,,,"",,,,,,,,,,,,
"","","",,"","","","","","","",,"","","","","","","",,"","","","","","","",,"","","","","","","",,"","","","","","","",,"","","","","","","",,"","","","","","","",,"","","","","","",88535,1,"2024-11-08_17h26.42.153","experiment","2023.2.3","Win32",60.60606061,"665dd746f5ea0c66ebd85edb","672ddd4f09d6fb6d26d998b2","672e49312ba62b1363744c47","",,,"",,,"",,,"",,,"",,,"",,,"",,,,,"",,,"",,,,"",,,"","","",,,"","",,5,,,,"","","",,,,,,,2,,"",,,"",,,"",,,"","","",,"","",,,,,,,,,,,,"",,,,,,,"","",,,,,"",,,"",,,"k",0.3663,,"space",0.413,,2,"pink_gnome",2,3,"dark_forest","red_basket","blue_gnome",2,3,"bright_forest","yellow_basket",15,0,0,1,"blue_gnome","bright_forest","yellow_basket",1820,-2,2,16,2,130,5,1,"",,,,,"",,,"",,,"",,,"",,,"",,,,,,,"",,,"","",,,,,,,,"",,,,,,,"",,,"","","",,,,,,,,"",,,,,,,,,,,,
"","","",,"","","","","","","",,"","","","","","","",,"","","","","","","",,"","","","","","","",,"","","","","","","",,"","","","","","","",,"","","","","","","",,"","","","","","",88535,1,"2024-11-08_17h26.42.153","experiment","2023.2.3","Win32",60.60606061,"665dd746f5ea0c66ebd85edb","672ddd4f09d6fb6d26d998b2","672e49312ba62b1363744c47","",,,"",,,"",,,"",,,"",,,"",,,"",,,,,"",,,"",,,,"",,,"","","",,,"","",,5,,,,"","","",,,,,,,1,,"",,,"",,,"",,,"","","",,"","",,,,,,,,,,,,"",,,,,,,"","",,,,,"",,,"",,,"k",0.3851,,"space",0.3874,,1,"red_gnome",1,1,"bright_forest","yellow_basket","orange_gnome",1,5,"dark_forest","red_basket",25,0,0,1,"orange_gnome","dark_forest","red_basket",1845,-1,0,16,3,131,4,1,"",,,,,"",,,"",,,"",,,"",,,"",,,,,,,"",,,"","",,,,,,,,"",,,,,,,"",,,"","","",,,,,,,,"",,,,,,,,,,,,
"","","",,"","","","","","","",,"","","","","","","",,"","","","","","","",,"","","","","","","",,"","","","","","","",,"","","","","","","",,"","","","","","","",,"","","","","","",88535,1,"2024-11-08_17h26.42.153","experiment","2023.2.3","Win32",60.60606061,"665dd746f5ea0c66ebd85edb","672ddd4f09d6fb6d26d998b2","672e49312ba62b1363744c47","",,,"",,,"",,,"",,,"",,,"",,,"",,,,,"",,,"",,,,"",,,"","","",,,"","",,5,,,,"","","",,,,,,,3,,"",,,"",,,"",,,"","","",,"","",,,,,,,,,,,,"",,,,,,,"","",,,,,"",,,"",,,"k",0.3519,,"space",0.4649,,3,"yellow_gnome",3,5,"dark_forest","red_basket","purple_gnome",3,0,"bright_forest","yellow_basket",0,0,0,1,"purple_gnome","bright_forest","yellow_basket",1845,0,2,16,4,132,6,1,"",,,,,"",,,"",,,"",,,"",,,"",,,,,,,"",,,"","",,,,,,,,"",,,,,,,"",,,"","","",,,,,,,,"",,,,,,,,,,,,
"","","",,"","","","","","","",,"","","","","","","",,"","","","","","","",,"","","","","","","",,"","","","","","","",,"","","","","","","",,"","","","","","","",,"","","","","","",88535,1,"2024-11-08_17h26.42.153","experiment","2023.2.3","Win32",60.60606061,"665dd746f5ea0c66ebd85edb","672ddd4f09d6fb6d26d998b2","672e49312ba62b1363744c47","",,,"",,,"",,,"",,,"",,,"",,,"",,,,,"",,,"",,,,"",,,"","","",,,"","",,5,,,,"","","",,,,,,,3,,"",,,"",,,"",,,"","","",,"","",,,,,,,,,,,,"",,,,,,,"","",,,,,"",,,"",,,"s",0.4547,,"space",0.4166,,3,"purple_gnome",3,0,"bright_forest","yellow_basket","yellow_gnome",3,7,"dark_forest","red_basket",0,0,0,1,"purple_gnome","bright_forest","yellow_basket",1845,-2,2,16,5,133,6,1,"",,,,,"",,,"",,,"",,,"",,,"",,,,,,,"",,,"","",,,,,,,,"",,,,,,,"",,,"","","",,,,,,,,"",,,,,,,,,,,,
"","","",,"","","","","","","",,"","","","","","","",,"","","","","","","",,"","","","","","","",,"","","","","","","",,"","","","","","","",,"","","","","","","",,"","","","","","",88535,1,"2024-11-08_17h26.42.153","experiment","2023.2.3","Win32",60.60606061,"665dd746f5ea0c66ebd85edb","672ddd4f09d6fb6d26d998b2","672e49312ba62b1363744c47","",,,"",,,"",,,"",,,"",,,"",,,"",,,,,"",,,"",,,,"",,,"","","",,,"","",,1,,,,"","","",,,,,,,2,,"",,,"",,,"",,,"","","",,"","",,,,,,,,,,,,"",,,,,,,"","",,,,,"",,,"",,,"k",0.3551,,"space",0.4053,,2,"pink_gnome",2,9,"dark_forest","red_basket","blue_gnome",2,2,"bright_forest","yellow_basket",2,0,0,1,"blue_gnome","bright_forest","yellow_basket",1847,2,-1,16,6,134,1,1,"",,,,,"",,,"",,,"",,,"",,,"",,,,,,,"",,,"","",,,,,,,,"",,,,,,,"",,,"","","",,,,,,,,"",,,,,,,,,,,,
"","","",,"","","","","","","",,"","","","","","","",,"","","","","","","",,"","","","","","","",,"","","","","","","",,"","","","","","","",,"","","","","","","",,"","","","","","",88535,1,"2024-11-08_17h26.42.153","experiment","2023.2.3","Win32",60.60606061,"665dd746f5ea0c66ebd85edb","672ddd4f09d6fb6d26d998b2","672e49312ba62b1363744c47","",,,"",,,"",,,"",,,"",,,"",,,"",,,,,"",,,"",,,,"",,,"","","",,,"","",,5,,,,"","","",,,,,,,4,,"",,,"",,,"",,,"","","",,"","",,,,,,,,,,,,"",,,,,,,"","",,,,,"",,,"",,,"s",0.3767,,"space",0.3168,,4,"green_gnome",4,8,"dark_forest","red_basket","brown_gnome",4,4,"bright_forest","yellow_basket",40,0,0,1,"green_gnome","dark_forest","red_basket",1887,1,0,16,7,135,7,1,"",,,,,"",,,"",,,"",,,"",,,"",,,,,,,"",,,"","",,,,,,,,"",,,,,,,"",,,"","","",,,,,,,,"",,,,,,,,,,,,
"","","",,"","","","","","","",,"","","","","","","",,"","","","","","","",,"","","","","","","",,"","","","","","","",,"","","","","","","",,"","","","","","","",,"","","","","","",88535,1,"2024-11-08_17h26.42.153","experiment","2023.2.3","Win32",60.60606061,"665dd746f5ea0c66ebd85edb","672ddd4f09d6fb6d26d998b2","672e49312ba62b1363744c47","",,,"",,,"",,,"",,,"",,,"",,,"",,,,,"",,,"",,,,"",,,"","","",,,"","",,5,,,,"","","",,,,,,,4,,"",,,"",,,"",,,"","","",,"","",,,,,,,,,,,,"",,,,,,,"","",,,,,"",,,"",,,"s",0.412,,"space",0.287,,4,"green_gnome",4,8,"dark_forest","red_basket","brown_gnome",4,5,"bright_forest","yellow_basket",40,0,0,1,"green_gnome","dark_forest","red_basket",1927,1,0,17,0,136,7,1,"",,,,,"",,,"",,,"",,,"",,,"",,,,,,,"",,,"","",,,,,,,,"",,,,,,,"",,,"","","",,,,,,,,"",,,,,,,,,,,,
"","","",,"","","","","","","",,"","","","","","","",,"","","","","","","",,"","","","","","","",,"","","","","","","",,"","","","","","","",,"","","","","","","",,"","","","","","",88535,1,"2024-11-08_17h26.42.153","experiment","2023.2.3","Win32",60.60606061,"665dd746f5ea0c66ebd85edb","672ddd4f09d6fb6d26d998b2","672e49312ba62b1363744c47","",,,"",,,"",,,"",,,"",,,"",,,"",,,,,"",,,"",,,,"",,,"","","",,,"","",,1,,,,"","","",,,,,,,1,,"",,,"",,,"",,,"","","",,"","",,,,,,,,,,,,"",,,,,,,"","",,,,,"",,,"",,,"k",0.3633,,"space",0.4343,,1,"orange_gnome",1,8,"dark_forest","red_basket","red_gnome",1,6,"bright_forest","yellow_basket",6,0,0,1,"red_gnome","bright_forest","yellow_basket",1933,-3,1,17,1,137,0,1,"",,,,,"",,,"",,,"",,,"",,,"",,,,,,,"",,,"","",,,,,,,,"",,,,,,,"",,,"","","",,,,,,,,"",,,,,,,,,,,,
"","","",,"","","","","","","",,"","","","","","","",,"","","","","","","",,"","","","","","","",,"","","","","","","",,"","","","","","","",,"","","","","","","",,"","","","","","",88535,1,"2024-11-08_17h26.42.153","experiment","2023.2.3","Win32",60.60606061,"665dd746f5ea0c66ebd85edb","672ddd4f09d6fb6d26d998b2","672e49312ba62b1363744c47","",,,"",,,"",,,"",,,"",,,"",,,"",,,,,"",,,"",,,,"",,,"","","",,,"","",,5,,,,"","","",,,,,,,2,,"",,,"",,,"",,,"","","",,"","",,,,,,,,,,,,"",,,,,,,"","",,,,,"",,,"",,,"s",0.445,,"space",0.608,,2,"blue_gnome",2,3,"bright_forest","yellow_basket","pink_gnome",2,9,"dark_forest","red_basket",15,0,0,1,"blue_gnome","bright_forest","yellow_basket",1948,4,3,17,2,138,5,1,"",,,,,"",,,"",,,"",,,"",,,"",,,,,,,"",,,"","",,,,,,,,"",,,,,,,"",,,"","","",,,,,,,,"",,,,,,,,,,,,
"","","",,"","","","","","","",,"","","","","","","",,"","","","","","","",,"","","","","","","",,"","","","","","","",,"","","","","","","",,"","","","","","","",,"","","","","","",88535,1,"2024-11-08_17h26.42.153","experiment","2023.2.3","Win32",60.60606061,"665dd746f5ea0c66ebd85edb","672ddd4f09d6fb6d26d998b2","672e49312ba62b1363744c47","",,,"",,,"",,,"",,,"",,,"",,,"",,,,,"",,,"",,,,"",,,"","","",,,"","",,5,,,,"","","",,,,,,,2,,"",,,"",,,"",,,"","","",,"","",,,,,,,,,,,,"",,,,,,,"","",,,,,"",,,"",,,"s",0.5107,,"space",0.5804,,2,"pink_gnome",2,6,"dark_forest","red_basket","blue_gnome",2,7,"bright_forest","yellow_basket",30,0,0,1,"pink_gnome","dark_forest","red_basket",1978,-3,0,17,3,139,5,1,"",,,,,"",,,"",,,"",,,"",,,"",,,,,,,"",,,"","",,,,,,,,"",,,,,,,"",,,"","","",,,,,,,,"",,,,,,,,,,,,
"","","",,"","","","","","","",,"","","","","","","",,"","","","","","","",,"","","","","","","",,"","","","","","","",,"","","","","","","",,"","","","","","","",,"","","","","","",88535,1,"2024-11-08_17h26.42.153","experiment","2023.2.3","Win32",60.60606061,"665dd746f5ea0c66ebd85edb","672ddd4f09d6fb6d26d998b2","672e49312ba62b1363744c47","",,,"",,,"",,,"",,,"",,,"",,,"",,,,,"",,,"",,,,"",,,"","","",,,"","",,5,,,,"","","",,,,,,,4,,"",,,"",,,"",,,"","","",,"","",,,,,,,,,,,,"",,,,,,,"","",,,,,"",,,"",,,"s",0.4988,,"space",0.4768,,4,"green_gnome",4,6,"dark_forest","red_basket","brown_gnome",4,4,"bright_forest","yellow_basket",30,0,0,1,"green_gnome","dark_forest","red_basket",2008,0,1,17,4,140,7,1,"",,,,,"",,,"",,,"",,,"",,,"",,,,,,,"",,,"","",,,,,,,,"",,,,,,,"",,,"","","",,,,,,,,"",,,,,,,,,,,,
"","","",,"","","","","","","",,"","","","","","","",,"","","","","","","",,"","","","","","","",,"","","","","","","",,"","","","","","","",,"","","","","","","",,"","","","","","",88535,1,"2024-11-08_17h26.42.153","experiment","2023.2.3","Win32",60.60606061,"665dd746f5ea0c66ebd85edb","672ddd4f09d6fb6d26d998b2","672e49312ba62b1363744c47","",,,"",,,"",,,"",,,"",,,"",,,"",,,,,"",,,"",,,,"",,,"","","",,,"","",,5,,,,"","","",,,,,,,1,,"",,,"",,,"",,,"","","",,"","",,,,,,,,,,,,"",,,,,,,"","",,,,,"",,,"",,,"s",0.4951,,"",,,1,"orange_gnome",1,7,"dark_forest","red_basket","red_gnome",1,4,"bright_forest","yellow_basket",0,0,1,0,"orange_gnome","dark_forest","red_basket",2008,-1,-3,17,5,141,4,1,"",,,,,"",,,"",,,"",,,"",,,"",,,,,,,"",,,"","",,,,,,,,"",,,,,,,"",,,"","","",,,,,,,,"",,,,,,,,,,,,
"","","",,"","","","","","","",,"","","","","","","",,"","","","","","","",,"","","","","","","",,"","","","","","","",,"","","","","","","",,"","","","","","","",,"","","","","","",88535,1,"2024-11-08_17h26.42.153","experiment","2023.2.3","Win32",60.60606061,"665dd746f5ea0c66ebd85edb","672ddd4f09d6fb6d26d998b2","672e49312ba62b1363744c47","",,,"",,,"",,,"",,,"",,,"",,,"",,,,,"",,,"",,,,"",,,"","","",,,"","",,1,,,,"","","",,,,,,,1,,"",,,"",,,"",,,"","","",,"","",,,,,,,,,,,,"",,,,,,,"","",,,,,"",,,"",,,"k",0.3754,,"space",0.3932,,1,"orange_gnome",1,4,"dark_forest","red_basket","red_gnome",1,3,"bright_forest","yellow_basket",3,0,0,1,"red_gnome","bright_forest","yellow_basket",2011,-1,-2,17,6,142,0,1,"",,,,,"",,,"",,,"",,,"",,,"",,,,,,,"",,,"","",,,,,,,,"",,,,,,,"",,,"","","",,,,,,,,"",,,,,,,,,,,,
"","","",,"","","","","","","",,"","","","","","","",,"","","","","","","",,"","","","","","","",,"","","","","","","",,"","","","","","","",,"","","","","","","",,"","","","","","",88535,1,"2024-11-08_17h26.42.153","experiment","2023.2.3","Win32",60.60606061,"665dd746f5ea0c66ebd85edb","672ddd4f09d6fb6d26d998b2","672e49312ba62b1363744c47","",,,"",,,"",,,"",,,"",,,"",,,"",,,,,"",,,"",,,,"",,,"","","",,,"","",,5,,,,"","","",,,,,,,3,,"",,,"",,,"",,,"","","",,"","",,,,,,,,,,,,"",,,,,,,"","",,,,,"",,,"",,,"s",0.3832,,"space",0.4703,,3,"purple_gnome",3,2,"bright_forest","yellow_basket","yellow_gnome",3,2,"dark_forest","red_basket",10,0,0,1,"purple_gnome","bright_forest","yellow_basket",2021,-4,-4,17,7,143,6,1,"",,,,,"",,,"",,,"",,,"",,,"",,,,,,,"",,,"","",,,,,,,,"",,,,,,,"",,,"","","",,,,,,,,"",,,,,,,,,,,,
"","","",,"","","","","","","",,"","","","","","","",,"","","","","","","",,"","","","","","","",,"","","","","","","",,"","","","","","","",,"","","","","","","",,"","","","","","",88535,1,"2024-11-08_17h26.42.153","experiment","2023.2.3","Win32",60.60606061,"665dd746f5ea0c66ebd85edb","672ddd4f09d6fb6d26d998b2","672e49312ba62b1363744c47","",,,"",,,"",,,"",,,"",,,"",,,"",,,,,"",,,"",,,,"",,,"","","",,,"","",,1,,,,"","","",,,,,,,4,,"",,,"",,,"",,,"","","",,"","",,,,,,,,,,,,"",,,,,,,"","",,,,,"",,,"",,,"s",0.4467,,"space",0.4595,,4,"brown_gnome",4,2,"bright_forest","yellow_basket","green_gnome",4,2,"dark_forest","red_basket",2,0,0,1,"brown_gnome","bright_forest","yellow_basket",2023,-4,-3,18,0,144,3,1,"",,,,,"",,,"",,,"",,,"",,,"",,,,,,,"",,,"","",,,,,,,,"",,,,,,,"",,,"","","",,,,,,,,"",,,,,,,,,,,,
"","","",,"","","","","","","",,"","","","","","","",,"","","","","","","",,"","","","","","","",,"","","","","","","",,"","","","","","","",,"","","","","","","",,"","","","","","",88535,1,"2024-11-08_17h26.42.153","experiment","2023.2.3","Win32",60.60606061,"665dd746f5ea0c66ebd85edb","672ddd4f09d6fb6d26d998b2","672e49312ba62b1363744c47","",,,"",,,"",,,"",,,"",,,"",,,"",,,,,"",,,"",,,,"",,,"","","",,,"","",,1,,,,"","","",,,,,,,2,,"",,,"",,,"",,,"","","",,"","",,,,,,,,,,,,"",,,,,,,"","",,,,,"",,,"",,,"k",0.342,,"space",0.3438,,2,"blue_gnome",2,2,"bright_forest","yellow_basket","pink_gnome",2,1,"dark_forest","red_basket",1,0,0,1,"pink_gnome","dark_forest","red_basket",2024,2,0,18,1,145,1,1,"",,,,,"",,,"",,,"",,,"",,,"",,,,,,,"",,,"","",,,,,,,,"",,,,,,,"",,,"","","",,,,,,,,"",,,,,,,,,,,,
"","","",,"","","","","","","",,"","","","","","","",,"","","","","","","",,"","","","","","","",,"","","","","","","",,"","","","","","","",,"","","","","","","",,"","","","","","",88535,1,"2024-11-08_17h26.42.153","experiment","2023.2.3","Win32",60.60606061,"665dd746f5ea0c66ebd85edb","672ddd4f09d6fb6d26d998b2","672e49312ba62b1363744c47","",,,"",,,"",,,"",,,"",,,"",,,"",,,,,"",,,"",,,,"",,,"","","",,,"","",,5,,,,"","","",,,,,,,1,,"",,,"",,,"",,,"","","",,"","",,,,,,,,,,,,"",,,,,,,"","",,,,,"",,,"",,,"s",0.4005,,"space",0.5833,,1,"orange_gnome",1,1,"dark_forest","red_basket","red_gnome",1,4,"bright_forest","yellow_basket",5,0,0,1,"orange_gnome","dark_forest","red_basket",2029,1,0,18,2,146,4,1,"",,,,,"",,,"",,,"",,,"",,,"",,,,,,,"",,,"","",,,,,,,,"",,,,,,,"",,,"","","",,,,,,,,"",,,,,,,,,,,,
"","","",,"","","","","","","",,"","","","","","","",,"","","","","","","",,"","","","","","","",,"","","","","","","",,"","","","","","","",,"","","","","","","",,"","","","","","",88535,1,"2024-11-08_17h26.42.153","experiment","2023.2.3","Win32",60.60606061,"665dd746f5ea0c66ebd85edb","672ddd4f09d6fb6d26d998b2","672e49312ba62b1363744c47","",,,"",,,"",,,"",,,"",,,"",,,"",,,,,"",,,"",,,,"",,,"","","",,,"","",,5,,,,"","","",,,,,,,1,,"",,,"",,,"",,,"","","",,"","",,,,,,,,,,,,"",,,,,,,"","",,,,,"",,,"",,,"s",0.3873,,"space",0.7697,,1,"orange_gnome",1,1,"dark_forest","red_basket","red_gnome",1,5,"bright_forest","yellow_basket",5,0,0,1,"orange_gnome","dark_forest","red_basket",2034,-2,1,18,3,147,4,1,"",,,,,"",,,"",,,"",,,"",,,"",,,,,,,"",,,"","",,,,,,,,"",,,,,,,"",,,"","","",,,,,,,,"",,,,,,,,,,,,
"","","",,"","","","","","","",,"","","","","","","",,"","","","","","","",,"","","","","","","",,"","","","","","","",,"","","","","","","",,"","","","","","","",,"","","","","","",88535,1,"2024-11-08_17h26.42.153","experiment","2023.2.3","Win32",60.60606061,"665dd746f5ea0c66ebd85edb","672ddd4f09d6fb6d26d998b2","672e49312ba62b1363744c47","",,,"",,,"",,,"",,,"",,,"",,,"",,,,,"",,,"",,,,"",,,"","","",,,"","",,1,,,,"","","",,,,,,,1,,"",,,"",,,"",,,"","","",,"","",,,,,,,,,,,,"",,,,,,,"","",,,,,"",,,"",,,"k",0.7985,,"space",0.5624,,1,"orange_gnome",1,2,"dark_forest","red_basket","red_gnome",1,3,"bright_forest","yellow_basket",3,0,0,1,"red_gnome","bright_forest","yellow_basket",2037,5,1,18,4,148,0,1,"",,,,,"",,,"",,,"",,,"",,,"",,,,,,,"",,,"","",,,,,,,,"",,,,,,,"",,,"","","",,,,,,,,"",,,,,,,,,,,,
"","","",,"","","","","","","",,"","","","","","","",,"","","","","","","",,"","","","","","","",,"","","","","","","",,"","","","","","","",,"","","","","","","",,"","","","","","",88535,1,"2024-11-08_17h26.42.153","experiment","2023.2.3","Win32",60.60606061,"665dd746f5ea0c66ebd85edb","672ddd4f09d6fb6d26d998b2","672e49312ba62b1363744c47","",,,"",,,"",,,"",,,"",,,"",,,"",,,,,"",,,"",,,,"",,,"","","",,,"","",,1,,,,"","","",,,,,,,1,,"",,,"",,,"",,,"","","",,"","",,,,,,,,,,,,"",,,,,,,"","",,,,,"",,,"",,,"s",0.3908,,"space",0.4499,,1,"red_gnome",1,8,"bright_forest","yellow_basket","orange_gnome",1,3,"dark_forest","red_basket",8,0,0,1,"red_gnome","bright_forest","yellow_basket",2045,2,-1,18,5,149,0,1,"",,,,,"",,,"",,,"",,,"",,,"",,,,,,,"",,,"","",,,,,,,,"",,,,,,,"",,,"","","",,,,,,,,"",,,,,,,,,,,,
"","","",,"","","","","","","",,"","","","","","","",,"","","","","","","",,"","","","","","","",,"","","","","","","",,"","","","","","","",,"","","","","","","",,"","","","","","",88535,1,"2024-11-08_17h26.42.153","experiment","2023.2.3","Win32",60.60606061,"665dd746f5ea0c66ebd85edb","672ddd4f09d6fb6d26d998b2","672e49312ba62b1363744c47","",,,"",,,"",,,"",,,"",,,"",,,"",,,,,"",,,"",,,,"",,,"","","",,,"","",,5,,,,"","","",,,,,,,2,,"",,,"",,,"",,,"","","",,"","",,,,,,,,,,,,"",,,,,,,"","",,,,,"",,,"",,,"k",0.402,,"space",0.1653,,2,"pink_gnome",2,2,"dark_forest","red_basket","blue_gnome",2,8,"bright_forest","yellow_basket",40,0,0,1,"blue_gnome","bright_forest","yellow_basket",2085,-2,-4,18,6,150,5,1,"",,,,,"",,,"",,,"",,,"",,,"",,,,,,,"",,,"","",,,,,,,,"",,,,,,,"",,,"","","",,,,,,,,"",,,,,,,,,,,,
"","","",,"","","","","","","",,"","","","","","","",,"","","","","","","",,"","","","","","","",,"","","","","","","",,"","","","","","","",,"","","","","","","",,"","","","","","",88535,1,"2024-11-08_17h26.42.153","experiment","2023.2.3","Win32",60.60606061,"665dd746f5ea0c66ebd85edb","672ddd4f09d6fb6d26d998b2","672e49312ba62b1363744c47","",,,"",,,"",,,"",,,"",,,"",,,"",,,,,"",,,"",,,,"",,,"","","",,,"","",,1,,,,"","","",,,,,,,1,,"",,,"",,,"",,,"","","",,"","",,,,,,,,,,,,"",,,,,,,"","",,,,,"",,,"",,,"s",0.5601,,"space",0.5146,,1,"red_gnome",1,6,"bright_forest","yellow_basket","orange_gnome",1,2,"dark_forest","red_basket",6,0,0,1,"red_gnome","bright_forest","yellow_basket",2091,5,-1,18,7,151,0,1,"",,,,,"",,,"",,,"",,,"",,,"",,,,,,,"",,,"","",,,,,,,,"",,,,,,,"",,,"","","",,,,,,,,"",,,,,,,,,,,,
"","","",,"","","","","","","",,"","","","","","","",,"","","","","","","",,"","","","","","","",,"","","","","","","",,"","","","","","","",,"","","","","","","",,"","","","","","",88535,1,"2024-11-08_17h26.42.153","experiment","2023.2.3","Win32",60.60606061,"665dd746f5ea0c66ebd85edb","672ddd4f09d6fb6d26d998b2","672e49312ba62b1363744c47","",,,"",,,"",,,"",,,"",,,"",,,"",,,,,"",,,"",,,,"",,,"","","",,,"","",,1,,,,"","","",,,,,,,2,,"",,,"",,,"",,,"","","",,"","",,,,,,,,,,,,"",,,,,,,"","",,,,,"",,,"",,,"s",0.413,,"space",0.4136,,2,"pink_gnome",2,1,"dark_forest","red_basket","blue_gnome",2,7,"bright_forest","yellow_basket",1,0,0,1,"pink_gnome","dark_forest","red_basket",2092,-1,2,19,0,152,1,1,"",,,,,"",,,"",,,"",,,"",,,"",,,,,,,"",,,"","",,,,,,,,"",,,,,,,"",,,"","","",,,,,,,,"",,,,,,,,,,,,
"","","",,"","","","","","","",,"","","","","","","",,"","","","","","","",,"","","","","","","",,"","","","","","","",,"","","","","","","",,"","","","","","","",,"","","","","","",88535,1,"2024-11-08_17h26.42.153","experiment","2023.2.3","Win32",60.60606061,"665dd746f5ea0c66ebd85edb","672ddd4f09d6fb6d26d998b2","672e49312ba62b1363744c47","",,,"",,,"",,,"",,,"",,,"",,,"",,,,,"",,,"",,,,"",,,"","","",,,"","",,1,,,,"","","",,,,,,,3,,"",,,"",,,"",,,"","","",,"","",,,,,,,,,,,,"",,,,,,,"","",,,,,"",,,"",,,"k",0.4437,,"space",0.3884,,3,"purple_gnome",3,6,"bright_forest","yellow_basket","yellow_gnome",3,3,"dark_forest","red_basket",3,0,0,1,"yellow_gnome","dark_forest","red_basket",2095,0,1,19,1,153,2,1,"",,,,,"",,,"",,,"",,,"",,,"",,,,,,,"",,,"","",,,,,,,,"",,,,,,,"",,,"","","",,,,,,,,"",,,,,,,,,,,,
"","","",,"","","","","","","",,"","","","","","","",,"","","","","","","",,"","","","","","","",,"","","","","","","",,"","","","","","","",,"","","","","","","",,"","","","","","",88535,1,"2024-11-08_17h26.42.153","experiment","2023.2.3","Win32",60.60606061,"665dd746f5ea0c66ebd85edb","672ddd4f09d6fb6d26d998b2","672e49312ba62b1363744c47","",,,"",,,"",,,"",,,"",,,"",,,"",,,,,"",,,"",,,,"",,,"","","",,,"","",,1,,,,"","","",,,,,,,1,,"",,,"",,,"",,,"","","",,"","",,,,,,,,,,,,"",,,,,,,"","",,,,,"",,,"",,,"k",0.4333,,"space",0.6714,,1,"orange_gnome",1,4,"dark_forest","red_basket","red_gnome",1,6,"bright_forest","yellow_basket",6,0,0,1,"red_gnome","bright_forest","yellow_basket",2101,0,2,19,2,154,0,1,"",,,,,"",,,"",,,"",,,"",,,"",,,,,,,"",,,"","",,,,,,,,"",,,,,,,"",,,"","","",,,,,,,,"",,,,,,,,,,,,
"","","",,"","","","","","","",,"","","","","","","",,"","","","","","","",,"","","","","","","",,"","","","","","","",,"","","","","","","",,"","","","","","","",,"","","","","","",88535,1,"2024-11-08_17h26.42.153","experiment","2023.2.3","Win32",60.60606061,"665dd746f5ea0c66ebd85edb","672ddd4f09d6fb6d26d998b2","672e49312ba62b1363744c47","",,,"",,,"",,,"",,,"",,,"",,,"",,,,,"",,,"",,,,"",,,"","","",,,"","",,5,,,,"","","",,,,,,,3,,"",,,"",,,"",,,"","","",,"","",,,,,,,,,,,,"",,,,,,,"","",,,,,"",,,"",,,"s",0.3688,,"space",0.4677,,3,"purple_gnome",3,6,"bright_forest","yellow_basket","yellow_gnome",3,6,"dark_forest","red_basket",30,0,0,1,"purple_gnome","bright_forest","yellow_basket",2131,-3,-2,19,3,155,6,1,"",,,,,"",,,"",,,"",,,"",,,"",,,,,,,"",,,"","",,,,,,,,"",,,,,,,"",,,"","","",,,,,,,,"",,,,,,,,,,,,
"","","",,"","","","","","","",,"","","","","","","",,"","","","","","","",,"","","","","","","",,"","","","","","","",,"","","","","","","",,"","","","","","","",,"","","","","","",88535,1,"2024-11-08_17h26.42.153","experiment","2023.2.3","Win32",60.60606061,"665dd746f5ea0c66ebd85edb","672ddd4f09d6fb6d26d998b2","672e49312ba62b1363744c47","",,,"",,,"",,,"",,,"",,,"",,,"",,,,,"",,,"",,,,"",,,"","","",,,"","",,1,,,,"","","",,,,,,,1,,"",,,"",,,"",,,"","","",,"","",,,,,,,,,,,,"",,,,,,,"","",,,,,"",,,"",,,"k",0.4328,,"space",0.4371,,1,"orange_gnome",1,4,"dark_forest","red_basket","red_gnome",1,3,"bright_forest","yellow_basket",3,0,0,1,"red_gnome","bright_forest","yellow_basket",2134,-1,-1,19,4,156,0,1,"",,,,,"",,,"",,,"",,,"",,,"",,,,,,,"",,,"","",,,,,,,,"",,,,,,,"",,,"","","",,,,,,,,"",,,,,,,,,,,,
"","","",,"","","","","","","",,"","","","","","","",,"","","","","","","",,"","","","","","","",,"","","","","","","",,"","","","","","","",,"","","","","","","",,"","","","","","",88535,1,"2024-11-08_17h26.42.153","experiment","2023.2.3","Win32",60.60606061,"665dd746f5ea0c66ebd85edb","672ddd4f09d6fb6d26d998b2","672e49312ba62b1363744c47","",,,"",,,"",,,"",,,"",,,"",,,"",,,,,"",,,"",,,,"",,,"","","",,,"","",,1,,,,"","","",,,,,,,3,,"",,,"",,,"",,,"","","",,"","",,,,,,,,,,,,"",,,,,,,"","",,,,,"",,,"",,,"k",0.4343,,"space",0.3938,,3,"purple_gnome",3,2,"bright_forest","yellow_basket","yellow_gnome",3,3,"dark_forest","red_basket",3,0,0,1,"yellow_gnome","dark_forest","red_basket",2137,-1,3,19,5,157,2,1,"",,,,,"",,,"",,,"",,,"",,,"",,,,,,,"",,,"","",,,,,,,,"",,,,,,,"",,,"","","",,,,,,,,"",,,,,,,,,,,,
"","","",,"","","","","","","",,"","","","","","","",,"","","","","","","",,"","","","","","","",,"","","","","","","",,"","","","","","","",,"","","","","","","",,"","","","","","",88535,1,"2024-11-08_17h26.42.153","experiment","2023.2.3","Win32",60.60606061,"665dd746f5ea0c66ebd85edb","672ddd4f09d6fb6d26d998b2","672e49312ba62b1363744c47","",,,"",,,"",,,"",,,"",,,"",,,"",,,,,"",,,"",,,,"",,,"","","",,,"","",,1,,,,"","","",,,,,,,3,,"",,,"",,,"",,,"","","",,"","",,,,,,,,,,,,"",,,,,,,"","",,,,,"",,,"",,,"s",0.4277,,"space",0.3155,,3,"yellow_gnome",3,6,"dark_forest","red_basket","purple_gnome",3,1,"bright_forest","yellow_basket",6,0,0,1,"yellow_gnome","dark_forest","red_basket",2143,1,-2,19,6,158,2,1,"",,,,,"",,,"",,,"",,,"",,,"",,,,,,,"",,,"","",,,,,,,,"",,,,,,,"",,,"","","",,,,,,,,"",,,,,,,,,,,,
"","","",,"","","","","","","",,"","","","","","","",,"","","","","","","",,"","","","","","","",,"","","","","","","",,"","","","","","","",,"","","","","","","",,"","","","","","",88535,1,"2024-11-08_17h26.42.153","experiment","2023.2.3","Win32",60.60606061,"665dd746f5ea0c66ebd85edb","672ddd4f09d6fb6d26d998b2","672e49312ba62b1363744c47","",,,"",,,"",,,"",,,"",,,"",,,"",,,,,"",,,"",,,,"",,,"","","",,,"","",,5,,,,"","","",,,,,,,3,,"",,,"",,,"",,,"","","",,"","",,,,,,,,,,,,"",,,,,,,"","",,,,,"",,,"",,,"s",0.361,,"space",0.4499,,3,"purple_gnome",3,2,"bright_forest","yellow_basket","yellow_gnome",3,4,"dark_forest","red_basket",10,0,0,1,"purple_gnome","bright_forest","yellow_basket",2153,0,-1,19,7,159,6,1,"",,,,,"",,,"",,,"",,,"",,,"",,,,,,,"",,,"","",,,,,,,,"",,,,,,,"",,,"","","",,,,,,,,"",,,,,,,,,,,,
"","","",,"","","","","","","",,"","","","","","","",,"","","","","","","",,"","","","","","","",,"","","","","","","",,"","","","","","","",,"","","","","","","",,"","","","","","",88535,1,"2024-11-08_17h26.42.153","experiment","2023.2.3","Win32",60.60606061,"665dd746f5ea0c66ebd85edb","672ddd4f09d6fb6d26d998b2","672e49312ba62b1363744c47","",,,"",,,"",,,"",,,"",,,"",,,"",,,,,"",,,"",,,,"",,,"","","",,,"","",,5,,,,"","","",,,,,,,2,,"",,,"",,,"",,,"","","",,"","",,,,,,,,,,,,"",,,,,,,"","",,,,,"",,,"",,,"s",0.378,,"space",0.4948,,2,"blue_gnome",2,2,"bright_forest","yellow_basket","pink_gnome",2,3,"dark_forest","red_basket",10,0,0,1,"blue_gnome","bright_forest","yellow_basket",2163,3,-1,20,0,160,5,1,"",,,,,"",,,"",,,"",,,"",,,"",,,,,,,"",,,"","",,,,,,,,"",,,,,,,"",,,"","","",,,,,,,,"",,,,,,,,,,,,
"","","",,"","","","","","","",,"","","","","","","",,"","","","","","","",,"","","","","","","",,"","","","","","","",,"","","","","","","",,"","","","","","","",,"","","","","","",88535,1,"2024-11-08_17h26.42.153","experiment","2023.2.3","Win32",60.60606061,"665dd746f5ea0c66ebd85edb","672ddd4f09d6fb6d26d998b2","672e49312ba62b1363744c47","",,,"",,,"",,,"",,,"",,,"",,,"",,,,,"",,,"",,,,"",,,"","","",,,"","",,1,,,,"","","",,,,,,,2,,"",,,"",,,"",,,"","","",,"","",,,,,,,,,,,,"",,,,,,,"","",,,,,"",,,"",,,"s",0.3943,,"space",0.3303,,2,"pink_gnome",2,2,"dark_forest","red_basket","blue_gnome",2,5,"bright_forest","yellow_basket",2,0,0,1,"pink_gnome","dark_forest","red_basket",2165,3,0,20,1,161,1,1,"",,,,,"",,,"",,,"",,,"",,,"",,,,,,,"",,,"","",,,,,,,,"",,,,,,,"",,,"","","",,,,,,,,"",,,,,,,,,,,,
"","","",,"","","","","","","",,"","","","","","","",,"","","","","","","",,"","","","","","","",,"","","","","","","",,"","","","","","","",,"","","","","","","",,"","","","","","",88535,1,"2024-11-08_17h26.42.153","experiment","2023.2.3","Win32",60.60606061,"665dd746f5ea0c66ebd85edb","672ddd4f09d6fb6d26d998b2","672e49312ba62b1363744c47","",,,"",,,"",,,"",,,"",,,"",,,"",,,,,"",,,"",,,,"",,,"","","",,,"","",,5,,,,"","","",,,,,,,4,,"",,,"",,,"",,,"","","",,"","",,,,,,,,,,,,"",,,,,,,"","",,,,,"",,,"",,,"k",0.5165,,"space",1.3452,,4,"green_gnome",4,2,"dark_forest","red_basket","brown_gnome",4,8,"bright_forest","yellow_basket",40,0,0,1,"brown_gnome","bright_forest","yellow_basket",2205,0,1,20,2,162,7,1,"",,,,,"",,,"",,,"",,,"",,,"",,,,,,,"",,,"","",,,,,,,,"",,,,,,,"",,,"","","",,,,,,,,"",,,,,,,,,,,,
"","","",,"","","","","","","",,"","","","","","","",,"","","","","","","",,"","","","","","","",,"","","","","","","",,"","","","","","","",,"","","","","","","",,"","","","","","",88535,1,"2024-11-08_17h26.42.153","experiment","2023.2.3","Win32",60.60606061,"665dd746f5ea0c66ebd85edb","672ddd4f09d6fb6d26d998b2","672e49312ba62b1363744c47","",,,"",,,"",,,"",,,"",,,"",,,"",,,,,"",,,"",,,,"",,,"","","",,,"","",,5,,,,"","","",,,,,,,4,,"",,,"",,,"",,,"","","",,"","",,,,,,,,,,,,"",,,,,,,"","",,,,,"",,,"",,,"k",0.4716,,"space",0.4691,,4,"brown_gnome",4,8,"bright_forest","yellow_basket","green_gnome",4,3,"dark_forest","red_basket",15,0,0,1,"green_gnome","dark_forest","red_basket",2220,1,0,20,3,163,7,1,"",,,,,"",,,"",,,"",,,"",,,"",,,,,,,"",,,"","",,,,,,,,"",,,,,,,"",,,"","","",,,,,,,,"",,,,,,,,,,,,
"","","",,"","","","","","","",,"","","","","","","",,"","","","","","","",,"","","","","","","",,"","","","","","","",,"","","","","","","",,"","","","","","","",,"","","","","","",88535,1,"2024-11-08_17h26.42.153","experiment","2023.2.3","Win32",60.60606061,"665dd746f5ea0c66ebd85edb","672ddd4f09d6fb6d26d998b2","672e49312ba62b1363744c47","",,,"",,,"",,,"",,,"",,,"",,,"",,,,,"",,,"",,,,"",,,"","","",,,"","",,5,,,,"","","",,,,,,,2,,"",,,"",,,"",,,"","","",,"","",,,,,,,,,,,,"",,,,,,,"","",,,,,"",,,"",,,"s",0.386,,"space",0.2861,,2,"pink_gnome",2,3,"dark_forest","red_basket","blue_gnome",2,9,"bright_forest","yellow_basket",15,0,0,1,"pink_gnome","dark_forest","red_basket",2235,0,-2,20,4,164,5,1,"",,,,,"",,,"",,,"",,,"",,,"",,,,,,,"",,,"","",,,,,,,,"",,,,,,,"",,,"","","",,,,,,,,"",,,,,,,,,,,,
"","","",,"","","","","","","",,"","","","","","","",,"","","","","","","",,"","","","","","","",,"","","","","","","",,"","","","","","","",,"","","","","","","",,"","","","","","",88535,1,"2024-11-08_17h26.42.153","experiment","2023.2.3","Win32",60.60606061,"665dd746f5ea0c66ebd85edb","672ddd4f09d6fb6d26d998b2","672e49312ba62b1363744c47","",,,"",,,"",,,"",,,"",,,"",,,"",,,,,"",,,"",,,,"",,,"","","",,,"","",,1,,,,"","","",,,,,,,4,,"",,,"",,,"",,,"","","",,"","",,,,,,,,,,,,"",,,,,,,"","",,,,,"",,,"",,,"k",0.4596,,"space",0.4279,,4,"green_gnome",4,1,"dark_forest","red_basket","brown_gnome",4,9,"bright_forest","yellow_basket",9,0,0,1,"brown_gnome","bright_forest","yellow_basket",2244,-3,-1,20,5,165,3,1,"",,,,,"",,,"",,,"",,,"",,,"",,,,,,,"",,,"","",,,,,,,,"",,,,,,,"",,,"","","",,,,,,,,"",,,,,,,,,,,,
"","","",,"","","","","","","",,"","","","","","","",,"","","","","","","",,"","","","","","","",,"","","","","","","",,"","","","","","","",,"","","","","","","",,"","","","","","",88535,1,"2024-11-08_17h26.42.153","experiment","2023.2.3","Win32",60.60606061,"665dd746f5ea0c66ebd85edb","672ddd4f09d6fb6d26d998b2","672e49312ba62b1363744c47","",,,"",,,"",,,"",,,"",,,"",,,"",,,,,"",,,"",,,,"",,,"","","",,,"","",,5,,,,"","","",,,,,,,2,,"",,,"",,,"",,,"","","",,"","",,,,,,,,,,,,"",,,,,,,"","",,,,,"",,,"",,,"s",0.5162,,"space",0.283,,2,"pink_gnome",2,0,"dark_forest","red_basket","blue_gnome",2,6,"bright_forest","yellow_basket",0,0,0,1,"pink_gnome","dark_forest","red_basket",2244,0,1,20,6,166,5,1,"",,,,,"",,,"",,,"",,,"",,,"",,,,,,,"",,,"","",,,,,,,,"",,,,,,,"",,,"","","",,,,,,,,"",,,,,,,,,,,,
"","","",,"","","","","","","",,"","","","","","","",,"","","","","","","",,"","","","","","","",,"","","","","","","",,"","","","","","","",,"","","","","","","",,"","","","","","",88535,1,"2024-11-08_17h26.42.153","experiment","2023.2.3","Win32",60.60606061,"665dd746f5ea0c66ebd85edb","672ddd4f09d6fb6d26d998b2","672e49312ba62b1363744c47","",,,"",,,"",,,"",,,"",,,"",,,"",,,,,"",,,"",,,,"",,,"","","",,,"","",,5,,,,"","","",,,,,,,4,,"",,,"",,,"",,,"","","",,"","",,,,,,,,,,,,"",,,,,,,"","",,,,,"",,,"",,,"k",0.3966,,"space",0.472,,4,"brown_gnome",4,6,"bright_forest","yellow_basket","green_gnome",4,1,"dark_forest","red_basket",5,0,0,1,"green_gnome","dark_forest","red_basket",2249,0,-1,20,7,167,7,1,"",,,,,"",,,"",,,"",,,"",,,"",,,,,,,"",,,"","",,,,,,,,"",,,,,,,"",,,"","","",,,,,,,,"",,,,,,,,,,,,
"","","",,"","","","","","","",,"","","","","","","",,"","","","","","","",,"","","","","","","",,"","","","","","","",,"","","","","","","",,"","","","","","","",,"","","","","","",88535,1,"2024-11-08_17h26.42.153","experiment","2023.2.3","Win32",60.60606061,"665dd746f5ea0c66ebd85edb","672ddd4f09d6fb6d26d998b2","672e49312ba62b1363744c47","",,,"",,,"",,,"",,,"",,,"",,,"",,,,,"",,,"",,,,"",,,"","","",,,"","",,1,,,,"","","",,,,,,,4,,"",,,"",,,"",,,"","","",,"","",,,,,,,,,,,,"",,,,,,,"","",,,,,"",,,"",,,"k",0.4275,,"space",0.3113,,4,"brown_gnome",4,6,"bright_forest","yellow_basket","green_gnome",4,0,"dark_forest","red_basket",0,0,0,1,"green_gnome","dark_forest","red_basket",2249,-2,-3,21,0,168,3,1,"",,,,,"",,,"",,,"",,,"",,,"",,,,,,,"",,,"","",,,,,,,,"",,,,,,,"",,,"","","",,,,,,,,"",,,,,,,,,,,,
"","","",,"","","","","","","",,"","","","","","","",,"","","","","","","",,"","","","","","","",,"","","","","","","",,"","","","","","","",,"","","","","","","",,"","","","","","",88535,1,"2024-11-08_17h26.42.153","experiment","2023.2.3","Win32",60.60606061,"665dd746f5ea0c66ebd85edb","672ddd4f09d6fb6d26d998b2","672e49312ba62b1363744c47","",,,"",,,"",,,"",,,"",,,"",,,"",,,,,"",,,"",,,,"",,,"","","",,,"","",,1,,,,"","","",,,,,,,2,,"",,,"",,,"",,,"","","",,"","",,,,,,,,,,,,"",,,,,,,"","",,,,,"",,,"",,,"k",0.3777,,"space",0.4515,,2,"blue_gnome",2,4,"bright_forest","yellow_basket","pink_gnome",2,3,"dark_forest","red_basket",3,0,0,1,"pink_gnome","dark_forest","red_basket",2252,3,2,21,1,169,1,1,"",,,,,"",,,"",,,"",,,"",,,"",,,,,,,"",,,"","",,,,,,,,"",,,,,,,"",,,"","","",,,,,,,,"",,,,,,,,,,,,
"","","",,"","","","","","","",,"","","","","","","",,"","","","","","","",,"","","","","","","",,"","","","","","","",,"","","","","","","",,"","","","","","","",,"","","","","","",88535,1,"2024-11-08_17h26.42.153","experiment","2023.2.3","Win32",60.60606061,"665dd746f5ea0c66ebd85edb","672ddd4f09d6fb6d26d998b2","672e49312ba62b1363744c47","",,,"",,,"",,,"",,,"",,,"",,,"",,,,,"",,,"",,,,"",,,"","","",,,"","",,5,,,,"","","",,,,,,,2,,"",,,"",,,"",,,"","","",,"","",,,,,,,,,,,,"",,,,,,,"","",,,,,"",,,"",,,"s",0.4258,,"space",0.302,,2,"pink_gnome",2,5,"dark_forest","red_basket","blue_gnome",2,7,"bright_forest","yellow_basket",25,0,0,1,"pink_gnome","dark_forest","red_basket",2277,2,4,21,2,170,5,1,"",,,,,"",,,"",,,"",,,"",,,"",,,,,,,"",,,"","",,,,,,,,"",,,,,,,"",,,"","","",,,,,,,,"",,,,,,,,,,,,
"","","",,"","","","","","","",,"","","","","","","",,"","","","","","","",,"","","","","","","",,"","","","","","","",,"","","","","","","",,"","","","","","","",,"","","","","","",88535,1,"2024-11-08_17h26.42.153","experiment","2023.2.3","Win32",60.60606061,"665dd746f5ea0c66ebd85edb","672ddd4f09d6fb6d26d998b2","672e49312ba62b1363744c47","",,,"",,,"",,,"",,,"",,,"",,,"",,,,,"",,,"",,,,"",,,"","","",,,"","",,1,,,,"","","",,,,,,,3,,"",,,"",,,"",,,"","","",,"","",,,,,,,,,,,,"",,,,,,,"","",,,,,"",,,"",,,"k",0.3453,,"space",0.1799,,3,"yellow_gnome",3,9,"dark_forest","red_basket","purple_gnome",3,9,"bright_forest","yellow_basket",9,0,0,1,"purple_gnome","bright_forest","yellow_basket",2286,-1,4,21,3,171,2,1,"",,,,,"",,,"",,,"",,,"",,,"",,,,,,,"",,,"","",,,,,,,,"",,,,,,,"",,,"","","",,,,,,,,"",,,,,,,,,,,,
"","","",,"","","","","","","",,"","","","","","","",,"","","","","","","",,"","","","","","","",,"","","","","","","",,"","","","","","","",,"","","","","","","",,"","","","","","",88535,1,"2024-11-08_17h26.42.153","experiment","2023.2.3","Win32",60.60606061,"665dd746f5ea0c66ebd85edb","672ddd4f09d6fb6d26d998b2","672e49312ba62b1363744c47","",,,"",,,"",,,"",,,"",,,"",,,"",,,,,"",,,"",,,,"",,,"","","",,,"","",,1,,,,"","","",,,,,,,3,,"",,,"",,,"",,,"","","",,"","",,,,,,,,,,,,"",,,,,,,"","",,,,,"",,,"",,,"k",0.3288,,"space",0.3578,,3,"purple_gnome",3,8,"bright_forest","yellow_basket","yellow_gnome",3,5,"dark_forest","red_basket",5,0,0,1,"yellow_gnome","dark_forest","red_basket",2291,-1,1,21,4,172,2,1,"",,,,,"",,,"",,,"",,,"",,,"",,,,,,,"",,,"","",,,,,,,,"",,,,,,,"",,,"","","",,,,,,,,"",,,,,,,,,,,,
"","","",,"","","","","","","",,"","","","","","","",,"","","","","","","",,"","","","","","","",,"","","","","","","",,"","","","","","","",,"","","","","","","",,"","","","","","",88535,1,"2024-11-08_17h26.42.153","experiment","2023.2.3","Win32",60.60606061,"665dd746f5ea0c66ebd85edb","672ddd4f09d6fb6d26d998b2","672e49312ba62b1363744c47","",,,"",,,"",,,"",,,"",,,"",,,"",,,,,"",,,"",,,,"",,,"","","",,,"","",,5,,,,"","","",,,,,,,2,,"",,,"",,,"",,,"","","",,"","",,,,,,,,,,,,"",,,,,,,"","",,,,,"",,,"",,,"",,,"",,,2,"blue_gnome",2,7,"bright_forest","yellow_basket","pink_gnome",2,6,"dark_forest","red_basket",0,1,0,0,"","dark_forest","red_basket",2291,0,0,21,5,173,5,1,"",,,,,"",,,"",,,"",,,"",,,"",,,,,,,"",,,"","",,,,,,,,"",,,,,,,"",,,"","","",,,,,,,,"",,,,,,,,,,,,
"","","",,"","","","","","","",,"","","","","","","",,"","","","","","","",,"","","","","","","",,"","","","","","","",,"","","","","","","",,"","","","","","","",,"","","","","","",88535,1,"2024-11-08_17h26.42.153","experiment","2023.2.3","Win32",60.60606061,"665dd746f5ea0c66ebd85edb","672ddd4f09d6fb6d26d998b2","672e49312ba62b1363744c47","",,,"",,,"",,,"",,,"",,,"",,,"",,,,,"",,,"",,,,"",,,"","","",,,"","",,5,,,,"","","",,,,,,,3,,"",,,"",,,"",,,"","","",,"","",,,,,,,,,,,,"",,,,,,,"","",,,,,"",,,"",,,"s",0.3645,,"space",0.4486,,3,"purple_gnome",3,7,"bright_forest","yellow_basket","yellow_gnome",3,6,"dark_forest","red_basket",35,0,0,1,"purple_gnome","bright_forest","yellow_basket",2326,2,-2,21,6,174,6,1,"",,,,,"",,,"",,,"",,,"",,,"",,,,,,,"",,,"","",,,,,,,,"",,,,,,,"",,,"","","",,,,,,,,"",,,,,,,,,,,,
"","","",,"","","","","","","",,"","","","","","","",,"","","","","","","",,"","","","","","","",,"","","","","","","",,"","","","","","","",,"","","","","","","",,"","","","","","",88535,1,"2024-11-08_17h26.42.153","experiment","2023.2.3","Win32",60.60606061,"665dd746f5ea0c66ebd85edb","672ddd4f09d6fb6d26d998b2","672e49312ba62b1363744c47","",,,"",,,"",,,"",,,"",,,"",,,"",,,,,"",,,"",,,,"",,,"","","",,,"","",,1,,,,"","","",,,,,,,4,,"",,,"",,,"",,,"","","",,"","",,,,,,,,,,,,"",,,,,,,"","",,,,,"",,,"",,,"k",0.1836,,"space",0.3272,,4,"green_gnome",4,4,"dark_forest","red_basket","brown_gnome",4,9,"bright_forest","yellow_basket",9,0,0,1,"brown_gnome","bright_forest","yellow_basket",2335,0,0,21,7,175,3,1,"",,,,,"",,,"",,,"",,,"",,,"",,,,,,,"",,,"","",,,,,,,,"",,,,,,,"",,,"","","",,,,,,,,"",,,,,,,,,,,,
"","","",,"","","","","","","",,"","","","","","","",,"","","","","","","",,"","","","","","","",,"","","","","","","",,"","","","","","","",,"","","","","","","",,"","","","","","",88535,1,"2024-11-08_17h26.42.153","experiment","2023.2.3","Win32",60.60606061,"665dd746f5ea0c66ebd85edb","672ddd4f09d6fb6d26d998b2","672e49312ba62b1363744c47","",,,"",,,"",,,"",,,"",,,"",,,"",,,,,"",,,"",,,,"",,,"","","",,,"","",,5,,,,"","","",,,,,,,1,,"",,,"",,,"",,,"","","",,"","",,,,,,,,,,,,"",,,,,,,"","",,,,,"",,,"",,,"s",0.1822,,"space",0.6399,,1,"red_gnome",1,9,"bright_forest","yellow_basket","orange_gnome",1,4,"dark_forest","red_basket",45,0,0,1,"red_gnome","bright_forest","yellow_basket",2380,-2,-3,22,0,176,4,1,"",,,2652.4107,2662.414,"",,,"",,,"",,,"",,,"",,,,,,,"",,,"","",,,,,,,,"",,,,,,,"",,,"","","",,,,,,,,"",,,,,,,,,,,,
"","","",,"","","","","","","",,"","","","","","","",,"","","","","","","",,"","","","","","","",,"","","","","","","",,"","","","","","","",,"","","","","","","",,"","","","","","",88535,1,"2024-11-08_17h26.42.153","experiment","2023.2.3","Win32",60.60606061,"665dd746f5ea0c66ebd85edb","672ddd4f09d6fb6d26d998b2","672e49312ba62b1363744c47","",,,"",,,"",,,"",,,"",,,"",,,"",,,,,"",,,"",,,,"",,,"","","",,,"","",,5,,,,"","","",,,,,,,4,,"",,,"",,,"",,,"","","",,"","",,,,,,,,,,,,"",,,,,,,"","",,,,,"",,,"",,,"s",0.4022,,"space",0.3765,,4,"brown_gnome",4,7,"bright_forest","yellow_basket","green_gnome",4,1,"dark_forest","red_basket",35,0,0,1,"brown_gnome","bright_forest","yellow_basket",2415,1,-3,22,1,177,7,1,"",,,,,"",,,"",,,"",,,"",,,"",,,,,,,"",,,"","",,,,,,,,"",,,,,,,"",,,"","","",,,,,,,,"",,,,,,,,,,,,
"","","",,"","","","","","","",,"","","","","","","",,"","","","","","","",,"","","","","","","",,"","","","","","","",,"","","","","","","",,"","","","","","","",,"","","","","","",88535,1,"2024-11-08_17h26.42.153","experiment","2023.2.3","Win32",60.60606061,"665dd746f5ea0c66ebd85edb","672ddd4f09d6fb6d26d998b2","672e49312ba62b1363744c47","",,,"",,,"",,,"",,,"",,,"",,,"",,,,,"",,,"",,,,"",,,"","","",,,"","",,1,,,,"","","",,,,,,,4,,"",,,"",,,"",,,"","","",,"","",,,,,,,,,,,,"",,,,,,,"","",,,,,"",,,"",,,"k",0.3846,,"space",0.382,,4,"brown_gnome",4,8,"bright_forest","yellow_basket","green_gnome",4,2,"dark_forest","red_basket",2,0,0,1,"green_gnome","dark_forest","red_basket",2417,3,0,22,2,178,3,1,"",,,,,"",,,"",,,"",,,"",,,"",,,,,,,"",,,"","",,,,,,,,"",,,,,,,"",,,"","","",,,,,,,,"",,,,,,,,,,,,
"","","",,"","","","","","","",,"","","","","","","",,"","","","","","","",,"","","","","","","",,"","","","","","","",,"","","","","","","",,"","","","","","","",,"","","","","","",88535,1,"2024-11-08_17h26.42.153","experiment","2023.2.3","Win32",60.60606061,"665dd746f5ea0c66ebd85edb","672ddd4f09d6fb6d26d998b2","672e49312ba62b1363744c47","",,,"",,,"",,,"",,,"",,,"",,,"",,,,,"",,,"",,,,"",,,"","","",,,"","",,5,,,,"","","",,,,,,,3,,"",,,"",,,"",,,"","","",,"","",,,,,,,,,,,,"",,,,,,,"","",,,,,"",,,"",,,"s",0.4493,,"",,,3,"purple_gnome",3,7,"bright_forest","yellow_basket","yellow_gnome",3,2,"dark_forest","red_basket",0,0,1,0,"purple_gnome","bright_forest","yellow_basket",2417,1,1,22,3,179,6,1,"",,,,,"",,,"",,,"",,,"",,,"",,,,,,,"",,,"","",,,,,,,,"",,,,,,,"",,,"","","",,,,,,,,"",,,,,,,,,,,,
"","","",,"","","","","","","",,"","","","","","","",,"","","","","","","",,"","","","","","","",,"","","","","","","",,"","","","","","","",,"","","","","","","",,"","","","","","",88535,1,"2024-11-08_17h26.42.153","experiment","2023.2.3","Win32",60.60606061,"665dd746f5ea0c66ebd85edb","672ddd4f09d6fb6d26d998b2","672e49312ba62b1363744c47","",,,"",,,"",,,"",,,"",,,"",,,"",,,,,"",,,"",,,,"",,,"","","",,,"","",,1,,,,"","","",,,,,,,2,,"",,,"",,,"",,,"","","",,"","",,,,,,,,,,,,"",,,,,,,"","",,,,,"",,,"",,,"k",0.4664,,"space",0.5149,,2,"pink_gnome",2,3,"dark_forest","red_basket","blue_gnome",2,8,"bright_forest","yellow_basket",8,0,0,1,"blue_gnome","bright_forest","yellow_basket",2425,-2,-1,22,4,180,1,1,"",,,,,"",,,"",,,"",,,"",,,"",,,,,,,"",,,"","",,,,,,,,"",,,,,,,"",,,"","","",,,,,,,,"",,,,,,,,,,,,
"","","",,"","","","","","","",,"","","","","","","",,"","","","","","","",,"","","","","","","",,"","","","","","","",,"","","","","","","",,"","","","","","","",,"","","","","","",88535,1,"2024-11-08_17h26.42.153","experiment","2023.2.3","Win32",60.60606061,"665dd746f5ea0c66ebd85edb","672ddd4f09d6fb6d26d998b2","672e49312ba62b1363744c47","",,,"",,,"",,,"",,,"",,,"",,,"",,,,,"",,,"",,,,"",,,"","","",,,"","",,1,,,,"","","",,,,,,,1,,"",,,"",,,"",,,"","","",,"","",,,,,,,,,,,,"",,,,,,,"","",,,,,"",,,"",,,"k",0.4439,,"space",0.3846,,1,"red_gnome",1,6,"bright_forest","yellow_basket","orange_gnome",1,2,"dark_forest","red_basket",2,0,0,1,"orange_gnome","dark_forest","red_basket",2427,0,-1,22,5,181,0,1,"",,,,,"",,,"",,,"",,,"",,,"",,,,,,,"",,,"","",,,,,,,,"",,,,,,,"",,,"","","",,,,,,,,"",,,,,,,,,,,,
"","","",,"","","","","","","",,"","","","","","","",,"","","","","","","",,"","","","","","","",,"","","","","","","",,"","","","","","","",,"","","","","","","",,"","","","","","",88535,1,"2024-11-08_17h26.42.153","experiment","2023.2.3","Win32",60.60606061,"665dd746f5ea0c66ebd85edb","672ddd4f09d6fb6d26d998b2","672e49312ba62b1363744c47","",,,"",,,"",,,"",,,"",,,"",,,"",,,,,"",,,"",,,,"",,,"","","",,,"","",,1,,,,"","","",,,,,,,2,,"",,,"",,,"",,,"","","",,"","",,,,,,,,,,,,"",,,,,,,"","",,,,,"",,,"",,,"s",0.4857,,"space",0.613,,2,"pink_gnome",2,1,"dark_forest","red_basket","blue_gnome",2,6,"bright_forest","yellow_basket",1,0,0,1,"pink_gnome","dark_forest","red_basket",2428,0,0,22,6,182,1,1,"",,,,,"",,,"",,,"",,,"",,,"",,,,,,,"",,,"","",,,,,,,,"",,,,,,,"",,,"","","",,,,,,,,"",,,,,,,,,,,,
"","","",,"","","","","","","",,"","","","","","","",,"","","","","","","",,"","","","","","","",,"","","","","","","",,"","","","","","","",,"","","","","","","",,"","","","","","",88535,1,"2024-11-08_17h26.42.153","experiment","2023.2.3","Win32",60.60606061,"665dd746f5ea0c66ebd85edb","672ddd4f09d6fb6d26d998b2","672e49312ba62b1363744c47","",,,"",,,"",,,"",,,"",,,"",,,"",,,,,"",,,"",,,,"",,,"","","",,,"","",,1,,,,"","","",,,,,,,3,,"",,,"",,,"",,,"","","",,"","",,,,,,,,,,,,"",,,,,,,"","",,,,,"",,,"",,,"k",0.3791,,"space",0.2974,,3,"yellow_gnome",3,1,"dark_forest","red_basket","purple_gnome",3,6,"bright_forest","yellow_basket",6,0,0,1,"purple_gnome","bright_forest","yellow_basket",2434,0,-1,22,7,183,2,1,"",,,,,"",,,"",,,"",,,"",,,"",,,,,,,"",,,"","",,,,,,,,"",,,,,,,"",,,"","","",,,,,,,,"",,,,,,,,,,,,
"","","",,"","","","","","","",,"","","","","","","",,"","","","","","","",,"","","","","","","",,"","","","","","","",,"","","","","","","",,"","","","","","","",,"","","","","","",88535,1,"2024-11-08_17h26.42.153","experiment","2023.2.3","Win32",60.60606061,"665dd746f5ea0c66ebd85edb","672ddd4f09d6fb6d26d998b2","672e49312ba62b1363744c47","",,,"",,,"",,,"",,,"",,,"",,,"",,,,,"",,,"",,,,"",,,"","","",,,"","",,1,,,,"","","",,,,,,,3,,"",,,"",,,"",,,"","","",,"","",,,,,,,,,,,,"",,,,,,,"","",,,,,"",,,"",,,"k",0.4274,,"space",0.6472,,3,"yellow_gnome",3,0,"dark_forest","red_basket","purple_gnome",3,6,"bright_forest","yellow_basket",6,0,0,1,"purple_gnome","bright_forest","yellow_basket",2440,-1,0,23,0,184,2,1,"",,,,,"",,,"",,,"",,,"",,,"",,,,,,,"",,,"","",,,,,,,,"",,,,,,,"",,,"","","",,,,,,,,"",,,,,,,,,,,,
"","","",,"","","","","","","",,"","","","","","","",,"","","","","","","",,"","","","","","","",,"","","","","","","",,"","","","","","","",,"","","","","","","",,"","","","","","",88535,1,"2024-11-08_17h26.42.153","experiment","2023.2.3","Win32",60.60606061,"665dd746f5ea0c66ebd85edb","672ddd4f09d6fb6d26d998b2","672e49312ba62b1363744c47","",,,"",,,"",,,"",,,"",,,"",,,"",,,,,"",,,"",,,,"",,,"","","",,,"","",,5,,,,"","","",,,,,,,2,,"",,,"",,,"",,,"","","",,"","",,,,,,,,,,,,"",,,,,,,"","",,,,,"",,,"",,,"s",0.4192,,"space",0.1608,,2,"blue_gnome",2,5,"bright_forest","yellow_basket","pink_gnome",2,0,"dark_forest","red_basket",25,0,0,1,"blue_gnome","bright_forest","yellow_basket",2465,2,1,23,1,185,5,1,"",,,,,"",,,"",,,"",,,"",,,"",,,,,,,"",,,"","",,,,,,,,"",,,,,,,"",,,"","","",,,,,,,,"",,,,,,,,,,,,
"","","",,"","","","","","","",,"","","","","","","",,"","","","","","","",,"","","","","","","",,"","","","","","","",,"","","","","","","",,"","","","","","","",,"","","","","","",88535,1,"2024-11-08_17h26.42.153","experiment","2023.2.3","Win32",60.60606061,"665dd746f5ea0c66ebd85edb","672ddd4f09d6fb6d26d998b2","672e49312ba62b1363744c47","",,,"",,,"",,,"",,,"",,,"",,,"",,,,,"",,,"",,,,"",,,"","","",,,"","",,5,,,,"","","",,,,,,,1,,"",,,"",,,"",,,"","","",,"","",,,,,,,,,,,,"",,,,,,,"","",,,,,"",,,"",,,"s",0.3981,,"space",0.5978,,1,"red_gnome",1,7,"bright_forest","yellow_basket","orange_gnome",1,1,"dark_forest","red_basket",35,0,0,1,"red_gnome","bright_forest","yellow_basket",2500,-1,1,23,2,186,4,1,"",,,,,"",,,"",,,"",,,"",,,"",,,,,,,"",,,"","",,,,,,,,"",,,,,,,"",,,"","","",,,,,,,,"",,,,,,,,,,,,
"","","",,"","","","","","","",,"","","","","","","",,"","","","","","","",,"","","","","","","",,"","","","","","","",,"","","","","","","",,"","","","","","","",,"","","","","","",88535,1,"2024-11-08_17h26.42.153","experiment","2023.2.3","Win32",60.60606061,"665dd746f5ea0c66ebd85edb","672ddd4f09d6fb6d26d998b2","672e49312ba62b1363744c47","",,,"",,,"",,,"",,,"",,,"",,,"",,,,,"",,,"",,,,"",,,"","","",,,"","",,5,,,,"","","",,,,,,,1,,"",,,"",,,"",,,"","","",,"","",,,,,,,,,,,,"",,,,,,,"","",,,,,"",,,"",,,"s",0.4995,,"space",0.5919,,1,"orange_gnome",1,2,"dark_forest","red_basket","red_gnome",1,6,"bright_forest","yellow_basket",10,0,0,1,"orange_gnome","dark_forest","red_basket",2510,-3,1,23,3,187,4,1,"",,,,,"",,,"",,,"",,,"",,,"",,,,,,,"",,,"","",,,,,,,,"",,,,,,,"",,,"","","",,,,,,,,"",,,,,,,,,,,,
"","","",,"","","","","","","",,"","","","","","","",,"","","","","","","",,"","","","","","","",,"","","","","","","",,"","","","","","","",,"","","","","","","",,"","","","","","",88535,1,"2024-11-08_17h26.42.153","experiment","2023.2.3","Win32",60.60606061,"665dd746f5ea0c66ebd85edb","672ddd4f09d6fb6d26d998b2","672e49312ba62b1363744c47","",,,"",,,"",,,"",,,"",,,"",,,"",,,,,"",,,"",,,,"",,,"","","",,,"","",,5,,,,"","","",,,,,,,4,,"",,,"",,,"",,,"","","",,"","",,,,,,,,,,,,"",,,,,,,"","",,,,,"",,,"",,,"s",0.4807,,"space",1.4028,,4,"green_gnome",4,3,"dark_forest","red_basket","brown_gnome",4,3,"bright_forest","yellow_basket",15,0,0,1,"green_gnome","dark_forest","red_basket",2525,0,2,23,4,188,7,1,"",,,,,"",,,"",,,"",,,"",,,"",,,,,,,"",,,"","",,,,,,,,"",,,,,,,"",,,"","","",,,,,,,,"",,,,,,,,,,,,
"","","",,"","","","","","","",,"","","","","","","",,"","","","","","","",,"","","","","","","",,"","","","","","","",,"","","","","","","",,"","","","","","","",,"","","","","","",88535,1,"2024-11-08_17h26.42.153","experiment","2023.2.3","Win32",60.60606061,"665dd746f5ea0c66ebd85edb","672ddd4f09d6fb6d26d998b2","672e49312ba62b1363744c47","",,,"",,,"",,,"",,,"",,,"",,,"",,,,,"",,,"",,,,"",,,"","","",,,"","",,1,,,,"","","",,,,,,,2,,"",,,"",,,"",,,"","","",,"","",,,,,,,,,,,,"",,,,,,,"","",,,,,"",,,"",,,"k",0.3929,,"space",0.06,,2,"blue_gnome",2,3,"bright_forest","yellow_basket","pink_gnome",2,5,"dark_forest","red_basket",5,0,0,1,"pink_gnome","dark_forest","red_basket",2530,-1,-1,23,5,189,1,1,"",,,,,"",,,"",,,"",,,"",,,"",,,,,,,"",,,"","",,,,,,,,"",,,,,,,"",,,"","","",,,,,,,,"",,,,,,,,,,,,
"","","",,"","","","","","","",,"","","","","","","",,"","","","","","","",,"","","","","","","",,"","","","","","","",,"","","","","","","",,"","","","","","","",,"","","","","","",88535,1,"2024-11-08_17h26.42.153","experiment","2023.2.3","Win32",60.60606061,"665dd746f5ea0c66ebd85edb","672ddd4f09d6fb6d26d998b2","672e49312ba62b1363744c47","",,,"",,,"",,,"",,,"",,,"",,,"",,,,,"",,,"",,,,"",,,"","","",,,"","",,1,,,,"","","",,,,,,,1,,"",,,"",,,"",,,"","","",,"","",,,,,,,,,,,,"",,,,,,,"","",,,,,"",,,"",,,"k",0.4769,,"space",1.3844,,1,"red_gnome",1,2,"bright_forest","yellow_basket","orange_gnome",1,4,"dark_forest","red_basket",4,0,0,1,"orange_gnome","dark_forest","red_basket",2534,0,-1,23,6,190,0,1,"",,,,,"",,,"",,,"",,,"",,,"",,,,,,,"",,,"","",,,,,,,,"",,,,,,,"",,,"","","",,,,,,,,"",,,,,,,,,,,,
"","","",,"","","","","","","",,"","","","","","","",,"","","","","","","",,"","","","","","","",,"","","","","","","",,"","","","","","","",,"","","","","","","",,"","","","","","",88535,1,"2024-11-08_17h26.42.153","experiment","2023.2.3","Win32",60.60606061,"665dd746f5ea0c66ebd85edb","672ddd4f09d6fb6d26d998b2","672e49312ba62b1363744c47","",,,"",,,"",,,"",,,"",,,"",,,"",,,,,"",,,"",,,,"",,,"","","",,,"","",,5,,,,"","","",,,,,,,3,,"",,,"",,,"",,,"","","",,"","",,,,,,,,,,,,"",,,,,,,"","",,,,,"",,,"",,,"s",0.4253,,"space",0.6306,,3,"purple_gnome",3,2,"bright_forest","yellow_basket","yellow_gnome",3,3,"dark_forest","red_basket",10,0,0,1,"purple_gnome","bright_forest","yellow_basket",2544,-2,2,23,7,191,6,1,"space",58.9755,,,,"",,,"",,,"",,,"",,,"",,,,,,,"",,,"","",,,,,,,,"",,,,,,,"",,,"","","",,,,,,,,"",,,,,,,,,,,,
"","","",,"","","","","","","",,"","","","","","","",,"","","","","","","",,"","","","","","","",,"","","","","","","",,"","","","","","","",,"","","","","","","",,"","","","","","",88535,1,"2024-11-08_17h26.42.153","experiment","2023.2.3","Win32",60.60606061,"665dd746f5ea0c66ebd85edb","672ddd4f09d6fb6d26d998b2","672e49312ba62b1363744c47","",,,"",,,"",,,"",,,"",,,"",,,"",,,,,"",,,"",,,,"",,,"","","",,,"","",,1,,,,"","","",,,,,,,2,,"",,,"",,,"",,,"","","",,"","",,,,,,,,,,,,"",,,,,,,"","",,,,,"",,,"",,,"k",0.4129,,"space",0.4335,,2,"pink_gnome",2,5,"dark_forest","red_basket","blue_gnome",2,0,"bright_forest","yellow_basket",0,0,0,1,"blue_gnome","bright_forest","yellow_basket",2544,-1,2,24,0,192,1,1,"",,,,,"",,,"",,,"",,,"",,,"",,,,,,,"",,,"","",,,,,,,,"",,,,,,,"",,,"","","",,,,,,,,"",,,,,,,,,,,,
"","","",,"","","","","","","",,"","","","","","","",,"","","","","","","",,"","","","","","","",,"","","","","","","",,"","","","","","","",,"","","","","","","",,"","","","","","",88535,1,"2024-11-08_17h26.42.153","experiment","2023.2.3","Win32",60.60606061,"665dd746f5ea0c66ebd85edb","672ddd4f09d6fb6d26d998b2","672e49312ba62b1363744c47","",,,"",,,"",,,"",,,"",,,"",,,"",,,,,"",,,"",,,,"",,,"","","",,,"","",,1,,,,"","","",,,,,,,2,,"",,,"",,,"",,,"","","",,"","",,,,,,,,,,,,"",,,,,,,"","",,,,,"",,,"",,,"k",0.433,,"space",0.3703,,2,"blue_gnome",2,1,"bright_forest","yellow_basket","pink_gnome",2,7,"dark_forest","red_basket",7,0,0,1,"pink_gnome","dark_forest","red_basket",2551,2,1,24,1,193,1,1,"",,,,,"",,,"",,,"",,,"",,,"",,,,,,,"",,,"","",,,,,,,,"",,,,,,,"",,,"","","",,,,,,,,"",,,,,,,,,,,,
"","","",,"","","","","","","",,"","","","","","","",,"","","","","","","",,"","","","","","","",,"","","","","","","",,"","","","","","","",,"","","","","","","",,"","","","","","",88535,1,"2024-11-08_17h26.42.153","experiment","2023.2.3","Win32",60.60606061,"665dd746f5ea0c66ebd85edb","672ddd4f09d6fb6d26d998b2","672e49312ba62b1363744c47","",,,"",,,"",,,"",,,"",,,"",,,"",,,,,"",,,"",,,,"",,,"","","",,,"","",,5,,,,"","","",,,,,,,1,,"",,,"",,,"",,,"","","",,"","",,,,,,,,,,,,"",,,,,,,"","",,,,,"",,,"",,,"s",0.3961,,"space",0.5711,,1,"orange_gnome",1,8,"dark_forest","red_basket","red_gnome",1,3,"bright_forest","yellow_basket",40,0,0,1,"orange_gnome","dark_forest","red_basket",2591,0,4,24,2,194,4,1,"",,,,,"",,,"",,,"",,,"",,,"",,,,,,,"",,,"","",,,,,,,,"",,,,,,,"",,,"","","",,,,,,,,"",,,,,,,,,,,,
"","","",,"","","","","","","",,"","","","","","","",,"","","","","","","",,"","","","","","","",,"","","","","","","",,"","","","","","","",,"","","","","","","",,"","","","","","",88535,1,"2024-11-08_17h26.42.153","experiment","2023.2.3","Win32",60.60606061,"665dd746f5ea0c66ebd85edb","672ddd4f09d6fb6d26d998b2","672e49312ba62b1363744c47","",,,"",,,"",,,"",,,"",,,"",,,"",,,,,"",,,"",,,,"",,,"","","",,,"","",,1,,,,"","","",,,,,,,2,,"",,,"",,,"",,,"","","",,"","",,,,,,,,,,,,"",,,,,,,"","",,,,,"",,,"",,,"k",0.4131,,"space",0.7805,,2,"blue_gnome",2,3,"bright_forest","yellow_basket","pink_gnome",2,6,"dark_forest","red_basket",6,0,0,1,"pink_gnome","dark_forest","red_basket",2597,3,2,24,3,195,1,1,"",,,,,"",,,"",,,"",,,"",,,"",,,,,,,"",,,"","",,,,,,,,"",,,,,,,"",,,"","","",,,,,,,,"",,,,,,,,,,,,
"","","",,"","","","","","","",,"","","","","","","",,"","","","","","","",,"","","","","","","",,"","","","","","","",,"","","","","","","",,"","","","","","","",,"","","","","","",88535,1,"2024-11-08_17h26.42.153","experiment","2023.2.3","Win32",60.60606061,"665dd746f5ea0c66ebd85edb","672ddd4f09d6fb6d26d998b2","672e49312ba62b1363744c47","",,,"",,,"",,,"",,,"",,,"",,,"",,,,,"",,,"",,,,"",,,"","","",,,"","",,1,,,,"","","",,,,,,,4,,"",,,"",,,"",,,"","","",,"","",,,,,,,,,,,,"",,,,,,,"","",,,,,"",,,"",,,"k",0.3964,,"space",0.4764,,4,"green_gnome",4,8,"dark_forest","red_basket","brown_gnome",4,6,"bright_forest","yellow_basket",6,0,0,1,"brown_gnome","bright_forest","yellow_basket",2603,-1,3,24,4,196,3,1,"",,,,,"",,,"",,,"",,,"",,,"",,,,,,,"",,,"","",,,,,,,,"",,,,,,,"",,,"","","",,,,,,,,"",,,,,,,,,,,,
"","","",,"","","","","","","",,"","","","","","","",,"","","","","","","",,"","","","","","","",,"","","","","","","",,"","","","","","","",,"","","","","","","",,"","","","","","",88535,1,"2024-11-08_17h26.42.153","experiment","2023.2.3","Win32",60.60606061,"665dd746f5ea0c66ebd85edb","672ddd4f09d6fb6d26d998b2","672e49312ba62b1363744c47","",,,"",,,"",,,"",,,"",,,"",,,"",,,,,"",,,"",,,,"",,,"","","",,,"","",,1,,,,"","","",,,,,,,1,,"",,,"",,,"",,,"","","",,"","",,,,,,,,,,,,"",,,,,,,"","",,,,,"",,,"",,,"k",0.5326,,"space",0.3662,,1,"red_gnome",1,5,"bright_forest","yellow_basket","orange_gnome",1,7,"dark_forest","red_basket",7,0,0,1,"orange_gnome","dark_forest","red_basket",2610,-3,2,24,5,197,0,1,"",,,,,"",,,"",,,"",,,"",,,"",,,,,,,"",,,"","",,,,,,,,"",,,,,,,"",,,"","","",,,,,,,,"",,,,,,,,,,,,
"","","",,"","","","","","","",,"","","","","","","",,"","","","","","","",,"","","","","","","",,"","","","","","","",,"","","","","","","",,"","","","","","","",,"","","","","","",88535,1,"2024-11-08_17h26.42.153","experiment","2023.2.3","Win32",60.60606061,"665dd746f5ea0c66ebd85edb","672ddd4f09d6fb6d26d998b2","672e49312ba62b1363744c47","",,,"",,,"",,,"",,,"",,,"",,,"",,,,,"",,,"",,,,"",,,"","","",,,"","",,1,,,,"","","",,,,,,,3,,"",,,"",,,"",,,"","","",,"","",,,,,,,,,,,,"",,,,,,,"","",,,,,"",,,"",,,"k",0.5131,,"space",0.4104,,3,"purple_gnome",3,2,"bright_forest","yellow_basket","yellow_gnome",3,9,"dark_forest","red_basket",9,0,0,1,"yellow_gnome","dark_forest","red_basket",2619,-1,2,24,6,198,2,1,"",,,,,"",,,"",,,"",,,"",,,"",,,,,,,"",,,"","",,,,,,,,"",,,,,,,"",,,"","","",,,,,,,,"",,,,,,,,,,,,
"","","",,"","","","","","","",,"","","","","","","",,"","","","","","","",,"","","","","","","",,"","","","","","","",,"","","","","","","",,"","","","","","","",,"","","","","","",88535,1,"2024-11-08_17h26.42.153","experiment","2023.2.3","Win32",60.60606061,"665dd746f5ea0c66ebd85edb","672ddd4f09d6fb6d26d998b2","672e49312ba62b1363744c47","",,,"",,,"",,,"",,,"",,,"",,,"",,,,,"",,,"",,,,"",,,"","","",,,"","",,5,,,,"","","",,,,,,,3,,"",,,"",,,"",,,"","","",,"","",,,,,,,,,,,,"",,,,,,,"","",,,,,"",,,"",,,"s",0.3642,,"space",0.4739,,3,"purple_gnome",3,1,"bright_forest","yellow_basket","yellow_gnome",3,7,"dark_forest","red_basket",5,0,0,1,"purple_gnome","bright_forest","yellow_basket",2624,-3,0,24,7,199,6,1,"",,,,,"",,,"",,,"",,,"",,,"",,,,,,,"",,,"","",,,,,,,,"",,,,,,,"",,,"","","",,,,,,,,"",,,,,,,,,,,,
"","","",,"","","","","","","",,"","","","","","","",,"","","","","","","",,"","","","","","","",,"","","","","","","",,"","","","","","","",,"","","","","","","",,"","","","","","",88535,1,"2024-11-08_17h26.42.153","experiment","2023.2.3","Win32",60.60606061,"665dd746f5ea0c66ebd85edb","672ddd4f09d6fb6d26d998b2","672e49312ba62b1363744c47","",,,"",,,"",,,"",,,"",,,"",,,"",,,,,"",,,"",,,,"",,,"","","",,,"","",,5,,,,"","","",,,,,,,3,,"",,,"",,,"",,,"","","",,"","",,,,,,,,,,,,"",,,,,,,"","",,,,,"",,,"",,,"s",0.4324,,"space",0.333,,3,"yellow_gnome",3,7,"dark_forest","red_basket","purple_gnome",3,2,"bright_forest","yellow_basket",35,0,0,1,"yellow_gnome","dark_forest","red_basket",2659,-5,0,25,0,200,6,1,"",,,,,"",,,"",,,"",,,"",,,"",,,,,,,"",,,"","",,,,,,,,"",,,,,,,"",,,"","","",,,,,,,,"",,,,,,,,,,,,
"","","",,"","","","","","","",,"","","","","","","",,"","","","","","","",,"","","","","","","",,"","","","","","","",,"","","","","","","",,"","","","","","","",,"","","","","","",88535,1,"2024-11-08_17h26.42.153","experiment","2023.2.3","Win32",60.60606061,"665dd746f5ea0c66ebd85edb","672ddd4f09d6fb6d26d998b2","672e49312ba62b1363744c47","",,,"",,,"",,,"",,,"",,,"",,,"",,,,,"",,,"",,,,"",,,"","","",,,"","",,1,,,,"","","",,,,,,,1,,"",,,"",,,"",,,"","","",,"","",,,,,,,,,,,,"",,,,,,,"","",,,,,"",,,"",,,"k",1.1615,,"space",0.6237,,1,"orange_gnome",1,7,"dark_forest","red_basket","red_gnome",1,3,"bright_forest","yellow_basket",3,0,0,1,"red_gnome","bright_forest","yellow_basket",2662,0,-1,25,1,201,0,1,"",,,,,"",,,"",,,"",,,"",,,"",,,,,,,"",,,"","",,,,,,,,"",,,,,,,"",,,"","","",,,,,,,,"",,,,,,,,,,,,
"","","",,"","","","","","","",,"","","","","","","",,"","","","","","","",,"","","","","","","",,"","","","","","","",,"","","","","","","",,"","","","","","","",,"","","","","","",88535,1,"2024-11-08_17h26.42.153","experiment","2023.2.3","Win32",60.60606061,"665dd746f5ea0c66ebd85edb","672ddd4f09d6fb6d26d998b2","672e49312ba62b1363744c47","",,,"",,,"",,,"",,,"",,,"",,,"",,,,,"",,,"",,,,"",,,"","","",,,"","",,1,,,,"","","",,,,,,,3,,"",,,"",,,"",,,"","","",,"","",,,,,,,,,,,,"",,,,,,,"","",,,,,"",,,"",,,"k",0.4543,,"space",0.5761,,3,"purple_gnome",3,3,"bright_forest","yellow_basket","yellow_gnome",3,6,"dark_forest","red_basket",6,0,0,1,"yellow_gnome","dark_forest","red_basket",2668,-3,3,25,2,202,2,1,"",,,,,"",,,"",,,"",,,"",,,"",,,,,,,"",,,"","",,,,,,,,"",,,,,,,"",,,"","","",,,,,,,,"",,,,,,,,,,,,
"","","",,"","","","","","","",,"","","","","","","",,"","","","","","","",,"","","","","","","",,"","","","","","","",,"","","","","","","",,"","","","","","","",,"","","","","","",88535,1,"2024-11-08_17h26.42.153","experiment","2023.2.3","Win32",60.60606061,"665dd746f5ea0c66ebd85edb","672ddd4f09d6fb6d26d998b2","672e49312ba62b1363744c47","",,,"",,,"",,,"",,,"",,,"",,,"",,,,,"",,,"",,,,"",,,"","","",,,"","",,5,,,,"","","",,,,,,,1,,"",,,"",,,"",,,"","","",,"","",,,,,,,,,,,,"",,,,,,,"","",,,,,"",,,"",,,"s",0.3673,,"space",0.3589,,1,"red_gnome",1,0,"bright_forest","yellow_basket","orange_gnome",1,9,"dark_forest","red_basket",0,0,0,1,"red_gnome","bright_forest","yellow_basket",2668,-1,3,25,3,203,4,1,"",,,,,"",,,"",,,"",,,"",,,"",,,,,,,"",,,"","",,,,,,,,"",,,,,,,"",,,"","","",,,,,,,,"",,,,,,,,,,,,
"","","",,"","","","","","","",,"","","","","","","",,"","","","","","","",,"","","","","","","",,"","","","","","","",,"","","","","","","",,"","","","","","","",,"","","","","","",88535,1,"2024-11-08_17h26.42.153","experiment","2023.2.3","Win32",60.60606061,"665dd746f5ea0c66ebd85edb","672ddd4f09d6fb6d26d998b2","672e49312ba62b1363744c47","",,,"",,,"",,,"",,,"",,,"",,,"",,,,,"",,,"",,,,"",,,"","","",,,"","",,5,,,,"","","",,,,,,,4,,"",,,"",,,"",,,"","","",,"","",,,,,,,,,,,,"",,,,,,,"","",,,,,"",,,"",,,"s",0.3818,,"space",0.4579,,4,"brown_gnome",4,1,"bright_forest","yellow_basket","green_gnome",4,6,"dark_forest","red_basket",5,0,0,1,"brown_gnome","bright_forest","yellow_basket",2673,-3,-5,25,4,204,7,1,"",,,,,"",,,"",,,"",,,"",,,"",,,,,,,"",,,"","",,,,,,,,"",,,,,,,"",,,"","","",,,,,,,,"",,,,,,,,,,,,
"","","",,"","","","","","","",,"","","","","","","",,"","","","","","","",,"","","","","","","",,"","","","","","","",,"","","","","","","",,"","","","","","","",,"","","","","","",88535,1,"2024-11-08_17h26.42.153","experiment","2023.2.3","Win32",60.60606061,"665dd746f5ea0c66ebd85edb","672ddd4f09d6fb6d26d998b2","672e49312ba62b1363744c47","",,,"",,,"",,,"",,,"",,,"",,,"",,,,,"",,,"",,,,"",,,"","","",,,"","",,1,,,,"","","",,,,,,,3,,"",,,"",,,"",,,"","","",,"","",,,,,,,,,,,,"",,,,,,,"","",,,,,"",,,"",,,"k",0.3819,,"space",0.2813,,3,"purple_gnome",3,2,"bright_forest","yellow_basket","yellow_gnome",3,1,"dark_forest","red_basket",1,0,0,1,"yellow_gnome","dark_forest","red_basket",2674,2,-1,25,5,205,2,1,"",,,,,"",,,"",,,"",,,"",,,"",,,,,,,"",,,"","",,,,,,,,"",,,,,,,"",,,"","","",,,,,,,,"",,,,,,,,,,,,
"","","",,"","","","","","","",,"","","","","","","",,"","","","","","","",,"","","","","","","",,"","","","","","","",,"","","","","","","",,"","","","","","","",,"","","","","","",88535,1,"2024-11-08_17h26.42.153","experiment","2023.2.3","Win32",60.60606061,"665dd746f5ea0c66ebd85edb","672ddd4f09d6fb6d26d998b2","672e49312ba62b1363744c47","",,,"",,,"",,,"",,,"",,,"",,,"",,,,,"",,,"",,,,"",,,"","","",,,"","",,5,,,,"","","",,,,,,,4,,"",,,"",,,"",,,"","","",,"","",,,,,,,,,,,,"",,,,,,,"","",,,,,"",,,"",,,"k",0.3754,,"space",0.4108,,4,"green_gnome",4,0,"dark_forest","red_basket","brown_gnome",4,4,"bright_forest","yellow_basket",20,0,0,1,"brown_gnome","bright_forest","yellow_basket",2694,-1,0,25,6,206,7,1,"",,,,,"",,,"",,,"",,,"",,,"",,,,,,,"",,,"","",,,,,,,,"",,,,,,,"",,,"","","",,,,,,,,"",,,,,,,,,,,,
"","","",,"","","","","","","",,"","","","","","","",,"","","","","","","",,"","","","","","","",,"","","","","","","",,"","","","","","","",,"","","","","","","",,"","","","","","",88535,1,"2024-11-08_17h26.42.153","experiment","2023.2.3","Win32",60.60606061,"665dd746f5ea0c66ebd85edb","672ddd4f09d6fb6d26d998b2","672e49312ba62b1363744c47","",,,"",,,"",,,"",,,"",,,"",,,"",,,,,"",,,"",,,,"",,,"","","",,,"","",,5,,,,"","","",,,,,,,2,,"",,,"",,,"",,,"","","",,"","",,,,,,,,,,,,"",,,,,,,"","",,,,,"",,,"",,,"k",0.3829,,"space",0.4275,,2,"pink_gnome",2,0,"dark_forest","red_basket","blue_gnome",2,3,"bright_forest","yellow_basket",15,0,0,1,"blue_gnome","bright_forest","yellow_basket",2709,-3,0,25,7,207,5,1,"",,,,,"",,,"",,,"",,,"",,,"",,,,,,,"",,,"","",,,,,,,,"",,,,,,,"",,,"","","",,,,,,,,"",,,,,,,,,,,,
"","","",,"","","","","","","",,"","","","","","","",,"","","","","","","",,"","","","","","","",,"","","","","","","",,"","","","","","","",,"","","","","","","",,"","","","","","",88535,1,"2024-11-08_17h26.42.153","experiment","2023.2.3","Win32",60.60606061,"665dd746f5ea0c66ebd85edb","672ddd4f09d6fb6d26d998b2","672e49312ba62b1363744c47","",,,"",,,"",,,"",,,"",,,"",,,"",,,,,"",,,"",,,,"",,,"","","",,,"","",,5,,,,"","","",,,,,,,1,,"",,,"",,,"",,,"","","",,"","",,,,,,,,,,,,"",,,,,,,"","",,,,,"",,,"",,,"s",0.4213,,"space",0.6461,,1,"red_gnome",1,0,"bright_forest","yellow_basket","orange_gnome",1,0,"dark_forest","red_basket",0,0,0,1,"red_gnome","bright_forest","yellow_basket",2709,1,-4,26,0,208,4,1,"",,,,,"",,,"",,,"",,,"",,,"",,,,,,,"",,,"","",,,,,,,,"",,,,,,,"",,,"","","",,,,,,,,"",,,,,,,,,,,,
"","","",,"","","","","","","",,"","","","","","","",,"","","","","","","",,"","","","","","","",,"","","","","","","",,"","","","","","","",,"","","","","","","",,"","","","","","",88535,1,"2024-11-08_17h26.42.153","experiment","2023.2.3","Win32",60.60606061,"665dd746f5ea0c66ebd85edb","672ddd4f09d6fb6d26d998b2","672e49312ba62b1363744c47","",,,"",,,"",,,"",,,"",,,"",,,"",,,,,"",,,"",,,,"",,,"","","",,,"","",,1,,,,"","","",,,,,,,3,,"",,,"",,,"",,,"","","",,"","",,,,,,,,,,,,"",,,,,,,"","",,,,,"",,,"",,,"s",0.4938,,"space",0.3722,,3,"yellow_gnome",3,4,"dark_forest","red_basket","purple_gnome",3,1,"bright_forest","yellow_basket",4,0,0,1,"yellow_gnome","dark_forest","red_basket",2713,-2,-1,26,1,209,2,1,"",,,,,"",,,"",,,"",,,"",,,"",,,,,,,"",,,"","",,,,,,,,"",,,,,,,"",,,"","","",,,,,,,,"",,,,,,,,,,,,
"","","",,"","","","","","","",,"","","","","","","",,"","","","","","","",,"","","","","","","",,"","","","","","","",,"","","","","","","",,"","","","","","","",,"","","","","","",88535,1,"2024-11-08_17h26.42.153","experiment","2023.2.3","Win32",60.60606061,"665dd746f5ea0c66ebd85edb","672ddd4f09d6fb6d26d998b2","672e49312ba62b1363744c47","",,,"",,,"",,,"",,,"",,,"",,,"",,,,,"",,,"",,,,"",,,"","","",,,"","",,5,,,,"","","",,,,,,,3,,"",,,"",,,"",,,"","","",,"","",,,,,,,,,,,,"",,,,,,,"","",,,,,"",,,"",,,"k",0.4831,,"space",0.7287,,3,"yellow_gnome",3,3,"dark_forest","red_basket","purple_gnome",3,1,"bright_forest","yellow_basket",5,0,0,1,"purple_gnome","bright_forest","yellow_basket",2718,-1,0,26,2,210,6,1,"",,,,,"",,,"",,,"",,,"",,,"",,,,,,,"",,,"","",,,,,,,,"",,,,,,,"",,,"","","",,,,,,,,"",,,,,,,,,,,,
"","","",,"","","","","","","",,"","","","","","","",,"","","","","","","",,"","","","","","","",,"","","","","","","",,"","","","","","","",,"","","","","","","",,"","","","","","",88535,1,"2024-11-08_17h26.42.153","experiment","2023.2.3","Win32",60.60606061,"665dd746f5ea0c66ebd85edb","672ddd4f09d6fb6d26d998b2","672e49312ba62b1363744c47","",,,"",,,"",,,"",,,"",,,"",,,"",,,,,"",,,"",,,,"",,,"","","",,,"","",,1,,,,"","","",,,,,,,4,,"",,,"",,,"",,,"","","",,"","",,,,,,,,,,,,"",,,,,,,"","",,,,,"",,,"",,,"k",0.4458,,"space",0.3823,,4,"green_gnome",4,3,"dark_forest","red_basket","brown_gnome",4,0,"bright_forest","yellow_basket",0,0,0,1,"brown_gnome","bright_forest","yellow_basket",2718,-1,0,26,3,211,3,1,"",,,,,"",,,"",,,"",,,"",,,"",,,,,,,"",,,"","",,,,,,,,"",,,,,,,"",,,"","","",,,,,,,,"",,,,,,,,,,,,
"","","",,"","","","","","","",,"","","","","","","",,"","","","","","","",,"","","","","","","",,"","","","","","","",,"","","","","","","",,"","","","","","","",,"","","","","","",88535,1,"2024-11-08_17h26.42.153","experiment","2023.2.3","Win32",60.60606061,"665dd746f5ea0c66ebd85edb","672ddd4f09d6fb6d26d998b2","672e49312ba62b1363744c47","",,,"",,,"",,,"",,,"",,,"",,,"",,,,,"",,,"",,,,"",,,"","","",,,"","",,5,,,,"","","",,,,,,,1,,"",,,"",,,"",,,"","","",,"","",,,,,,,,,,,,"",,,,,,,"","",,,,,"",,,"",,,"s",0.4168,,"space",0.6964,,1,"red_gnome",1,1,"bright_forest","yellow_basket","orange_gnome",1,3,"dark_forest","red_basket",5,0,0,1,"red_gnome","bright_forest","yellow_basket",2723,0,2,26,4,212,4,1,"",,,,,"",,,"",,,"",,,"",,,"",,,,,,,"",,,"","",,,,,,,,"",,,,,,,"",,,"","","",,,,,,,,"",,,,,,,,,,,,
"","","",,"","","","","","","",,"","","","","","","",,"","","","","","","",,"","","","","","","",,"","","","","","","",,"","","","","","","",,"","","","","","","",,"","","","","","",88535,1,"2024-11-08_17h26.42.153","experiment","2023.2.3","Win32",60.60606061,"665dd746f5ea0c66ebd85edb","672ddd4f09d6fb6d26d998b2","672e49312ba62b1363744c47","",,,"",,,"",,,"",,,"",,,"",,,"",,,,,"",,,"",,,,"",,,"","","",,,"","",,5,,,,"","","",,,,,,,1,,"",,,"",,,"",,,"","","",,"","",,,,,,,,,,,,"",,,,,,,"","",,,,,"",,,"",,,"s",0.4277,,"space",0.601,,1,"red_gnome",1,1,"bright_forest","yellow_basket","orange_gnome",1,5,"dark_forest","red_basket",5,0,0,1,"red_gnome","bright_forest","yellow_basket",2728,-1,1,26,5,213,4,1,"",,,,,"",,,"",,,"",,,"",,,"",,,,,,,"",,,"","",,,,,,,,"",,,,,,,"",,,"","","",,,,,,,,"",,,,,,,,,,,,
"","","",,"","","","","","","",,"","","","","","","",,"","","","","","","",,"","","","","","","",,"","","","","","","",,"","","","","","","",,"","","","","","","",,"","","","","","",88535,1,"2024-11-08_17h26.42.153","experiment","2023.2.3","Win32",60.60606061,"665dd746f5ea0c66ebd85edb","672ddd4f09d6fb6d26d998b2","672e49312ba62b1363744c47","",,,"",,,"",,,"",,,"",,,"",,,"",,,,,"",,,"",,,,"",,,"","","",,,"","",,1,,,,"","","",,,,,,,3,,"",,,"",,,"",,,"","","",,"","",,,,,,,,,,,,"",,,,,,,"","",,,,,"",,,"",,,"k",0.4525,,"space",0.4032,,3,"purple_gnome",3,0,"bright_forest","yellow_basket","yellow_gnome",3,6,"dark_forest","red_basket",6,0,0,1,"yellow_gnome","dark_forest","red_basket",2734,1,1,26,6,214,2,1,"",,,,,"",,,"",,,"",,,"",,,"",,,,,,,"",,,"","",,,,,,,,"",,,,,,,"",,,"","","",,,,,,,,"",,,,,,,,,,,,
"","","",,"","","","","","","",,"","","","","","","",,"","","","","","","",,"","","","","","","",,"","","","","","","",,"","","","","","","",,"","","","","","","",,"","","","","","",88535,1,"2024-11-08_17h26.42.153","experiment","2023.2.3","Win32",60.60606061,"665dd746f5ea0c66ebd85edb","672ddd4f09d6fb6d26d998b2","672e49312ba62b1363744c47","",,,"",,,"",,,"",,,"",,,"",,,"",,,,,"",,,"",,,,"",,,"","","",,,"","",,1,,,,"","","",,,,,,,3,,"",,,"",,,"",,,"","","",,"","",,,,,,,,,,,,"",,,,,,,"","",,,,,"",,,"",,,"k",0.4193,,"space",0.6438,,3,"purple_gnome",3,1,"bright_forest","yellow_basket","yellow_gnome",3,7,"dark_forest","red_basket",7,0,0,1,"yellow_gnome","dark_forest","red_basket",2741,0,0,26,7,215,2,1,"",,,,,"",,,"",,,"",,,"",,,"",,,,,,,"",,,"","",,,,,,,,"",,,,,,,"",,,"","","",,,,,,,,"",,,,,,,,,,,,
"","","",,"","","","","","","",,"","","","","","","",,"","","","","","","",,"","","","","","","",,"","","","","","","",,"","","","","","","",,"","","","","","","",,"","","","","","",88535,1,"2024-11-08_17h26.42.153","experiment","2023.2.3","Win32",60.60606061,"665dd746f5ea0c66ebd85edb","672ddd4f09d6fb6d26d998b2","672e49312ba62b1363744c47","",,,"",,,"",,,"",,,"",,,"",,,"",,,,,"",,,"",,,,"",,,"","","",,,"","",,5,,,,"","","",,,,,,,2,,"",,,"",,,"",,,"","","",,"","",,,,,,,,,,,,"",,,,,,,"","",,,,,"",,,"",,,"s",0.1863,,"space",0.5712,,2,"pink_gnome",2,7,"dark_forest","red_basket","blue_gnome",2,1,"bright_forest","yellow_basket",35,0,0,1,"pink_gnome","dark_forest","red_basket",2776,2,-2,27,0,216,5,1,"",,,,,"",,,"",,,"",,,"",,,"",,,,,,,"",,,"","",,,,,,,,"",,,,,,,"",,,"","","",,,,,,,,"",,,,,,,,,,,,
"","","",,"","","","","","","",,"","","","","","","",,"","","","","","","",,"","","","","","","",,"","","","","","","",,"","","","","","","",,"","","","","","","",,"","","","","","",88535,1,"2024-11-08_17h26.42.153","experiment","2023.2.3","Win32",60.60606061,"665dd746f5ea0c66ebd85edb","672ddd4f09d6fb6d26d998b2","672e49312ba62b1363744c47","",,,"",,,"",,,"",,,"",,,"",,,"",,,,,"",,,"",,,,"",,,"","","",,,"","",,1,,,,"","","",,,,,,,1,,"",,,"",,,"",,,"","","",,"","",,,,,,,,,,,,"",,,,,,,"","",,,,,"",,,"",,,"k",0.1551,,"space",0.3456,,1,"red_gnome",1,3,"bright_forest","yellow_basket","orange_gnome",1,5,"dark_forest","red_basket",5,0,0,1,"orange_gnome","dark_forest","red_basket",2781,-2,0,27,1,217,0,1,"",,,,,"",,,"",,,"",,,"",,,"",,,,,,,"",,,"","",,,,,,,,"",,,,,,,"",,,"","","",,,,,,,,"",,,,,,,,,,,,
"","","",,"","","","","","","",,"","","","","","","",,"","","","","","","",,"","","","","","","",,"","","","","","","",,"","","","","","","",,"","","","","","","",,"","","","","","",88535,1,"2024-11-08_17h26.42.153","experiment","2023.2.3","Win32",60.60606061,"665dd746f5ea0c66ebd85edb","672ddd4f09d6fb6d26d998b2","672e49312ba62b1363744c47","",,,"",,,"",,,"",,,"",,,"",,,"",,,,,"",,,"",,,,"",,,"","","",,,"","",,5,,,,"","","",,,,,,,2,,"",,,"",,,"",,,"","","",,"","",,,,,,,,,,,,"",,,,,,,"","",,,,,"",,,"",,,"s",0.3821,,"space",0.6796,,2,"blue_gnome",2,1,"bright_forest","yellow_basket","pink_gnome",2,5,"dark_forest","red_basket",5,0,0,1,"blue_gnome","bright_forest","yellow_basket",2786,1,-2,27,2,218,5,1,"",,,,,"",,,"",,,"",,,"",,,"",,,,,,,"",,,"","",,,,,,,,"",,,,,,,"",,,"","","",,,,,,,,"",,,,,,,,,,,,
"","","",,"","","","","","","",,"","","","","","","",,"","","","","","","",,"","","","","","","",,"","","","","","","",,"","","","","","","",,"","","","","","","",,"","","","","","",88535,1,"2024-11-08_17h26.42.153","experiment","2023.2.3","Win32",60.60606061,"665dd746f5ea0c66ebd85edb","672ddd4f09d6fb6d26d998b2","672e49312ba62b1363744c47","",,,"",,,"",,,"",,,"",,,"",,,"",,,,,"",,,"",,,,"",,,"","","",,,"","",,5,,,,"","","",,,,,,,2,,"",,,"",,,"",,,"","","",,"","",,,,,,,,,,,,"",,,,,,,"","",,,,,"",,,"",,,"s",0.3461,,"space",0.4551,,2,"blue_gnome",2,2,"bright_forest","yellow_basket","pink_gnome",2,3,"dark_forest","red_basket",10,0,0,1,"blue_gnome","bright_forest","yellow_basket",2796,2,1,27,3,219,5,1,"",,,,,"",,,"",,,"",,,"",,,"",,,,,,,"",,,"","",,,,,,,,"",,,,,,,"",,,"","","",,,,,,,,"",,,,,,,,,,,,
"","","",,"","","","","","","",,"","","","","","","",,"","","","","","","",,"","","","","","","",,"","","","","","","",,"","","","","","","",,"","","","","","","",,"","","","","","",88535,1,"2024-11-08_17h26.42.153","experiment","2023.2.3","Win32",60.60606061,"665dd746f5ea0c66ebd85edb","672ddd4f09d6fb6d26d998b2","672e49312ba62b1363744c47","",,,"",,,"",,,"",,,"",,,"",,,"",,,,,"",,,"",,,,"",,,"","","",,,"","",,1,,,,"","","",,,,,,,2,,"",,,"",,,"",,,"","","",,"","",,,,,,,,,,,,"",,,,,,,"","",,,,,"",,,"",,,"k",0.2983,,"space",0.999,,2,"blue_gnome",2,4,"bright_forest","yellow_basket","pink_gnome",2,4,"dark_forest","red_basket",4,0,0,1,"pink_gnome","dark_forest","red_basket",2800,1,-3,27,4,220,1,1,"",,,,,"",,,"",,,"",,,"",,,"",,,,,,,"",,,"","",,,,,,,,"",,,,,,,"",,,"","","",,,,,,,,"",,,,,,,,,,,,
"","","",,"","","","","","","",,"","","","","","","",,"","","","","","","",,"","","","","","","",,"","","","","","","",,"","","","","","","",,"","","","","","","",,"","","","","","",88535,1,"2024-11-08_17h26.42.153","experiment","2023.2.3","Win32",60.60606061,"665dd746f5ea0c66ebd85edb","672ddd4f09d6fb6d26d998b2","672e49312ba62b1363744c47","",,,"",,,"",,,"",,,"",,,"",,,"",,,,,"",,,"",,,,"",,,"","","",,,"","",,5,,,,"","","",,,,,,,1,,"",,,"",,,"",,,"","","",,"","",,,,,,,,,,,,"",,,,,,,"","",,,,,"",,,"",,,"s",0.3375,,"space",0.2996,,1,"orange_gnome",1,1,"dark_forest","red_basket","red_gnome",1,5,"bright_forest","yellow_basket",5,0,0,1,"orange_gnome","dark_forest","red_basket",2805,1,-3,27,5,221,4,1,"",,,,,"",,,"",,,"",,,"",,,"",,,,,,,"",,,"","",,,,,,,,"",,,,,,,"",,,"","","",,,,,,,,"",,,,,,,,,,,,
"","","",,"","","","","","","",,"","","","","","","",,"","","","","","","",,"","","","","","","",,"","","","","","","",,"","","","","","","",,"","","","","","","",,"","","","","","",88535,1,"2024-11-08_17h26.42.153","experiment","2023.2.3","Win32",60.60606061,"665dd746f5ea0c66ebd85edb","672ddd4f09d6fb6d26d998b2","672e49312ba62b1363744c47","",,,"",,,"",,,"",,,"",,,"",,,"",,,,,"",,,"",,,,"",,,"","","",,,"","",,1,,,,"","","",,,,,,,4,,"",,,"",,,"",,,"","","",,"","",,,,,,,,,,,,"",,,,,,,"","",,,,,"",,,"",,,"s",0.5047,,"space",0.5002,,4,"green_gnome",4,2,"dark_forest","red_basket","brown_gnome",4,6,"bright_forest","yellow_basket",2,0,0,1,"green_gnome","dark_forest","red_basket",2807,2,-1,27,6,222,3,1,"",,,,,"",,,"",,,"",,,"",,,"",,,,,,,"",,,"","",,,,,,,,"",,,,,,,"",,,"","","",,,,,,,,"",,,,,,,,,,,,
"","","",,"","","","","","","",,"","","","","","","",,"","","","","","","",,"","","","","","","",,"","","","","","","",,"","","","","","","",,"","","","","","","",,"","","","","","",88535,1,"2024-11-08_17h26.42.153","experiment","2023.2.3","Win32",60.60606061,"665dd746f5ea0c66ebd85edb","672ddd4f09d6fb6d26d998b2","672e49312ba62b1363744c47","",,,"",,,"",,,"",,,"",,,"",,,"",,,,,"",,,"",,,,"",,,"","","",,,"","",,5,,,,"","","",,,,,,,4,,"",,,"",,,"",,,"","","",,"","",,,,,,,,,,,,"",,,,,,,"","",,,,,"",,,"",,,"k",0.5467,,"space",0.3782,,4,"brown_gnome",4,8,"bright_forest","yellow_basket","green_gnome",4,1,"dark_forest","red_basket",5,0,0,1,"green_gnome","dark_forest","red_basket",2812,0,0,27,7,223,7,1,"",,,,,"",,,"",,,"",,,"",,,"",,,,,,,"",,,"","",,,,,,,,"",,,,,,,"",,,"","","",,,,,,,,"",,,,,,,,,,,,
"","","",,"","","","","","","",,"","","","","","","",,"","","","","","","",,"","","","","","","",,"","","","","","","",,"","","","","","","",,"","","","","","","",,"","","","","","",88535,1,"2024-11-08_17h26.42.153","experiment","2023.2.3","Win32",60.60606061,"665dd746f5ea0c66ebd85edb","672ddd4f09d6fb6d26d998b2","672e49312ba62b1363744c47","",,,"",,,"",,,"",,,"",,,"",,,"",,,,,"",,,"",,,,"",,,"","","",,,"","",,1,,,,"","","",,,,,,,1,,"",,,"",,,"",,,"","","",,"","",,,,,,,,,,,,"",,,,,,,"","",,,,,"",,,"",,,"k",0.3133,,"space",0.3987,,1,"orange_gnome",1,1,"dark_forest","red_basket","red_gnome",1,8,"bright_forest","yellow_basket",8,0,0,1,"red_gnome","bright_forest","yellow_basket",2820,1,1,28,0,224,0,1,"",,,,,"",,,"",,,"",,,"",,,"",,,,,,,"",,,"","",,,,,,,,"",,,,,,,"",,,"","","",,,,,,,,"",,,,,,,,,,,,
"","","",,"","","","","","","",,"","","","","","","",,"","","","","","","",,"","","","","","","",,"","","","","","","",,"","","","","","","",,"","","","","","","",,"","","","","","",88535,1,"2024-11-08_17h26.42.153","experiment","2023.2.3","Win32",60.60606061,"665dd746f5ea0c66ebd85edb","672ddd4f09d6fb6d26d998b2","672e49312ba62b1363744c47","",,,"",,,"",,,"",,,"",,,"",,,"",,,,,"",,,"",,,,"",,,"","","",,,"","",,1,,,,"","","",,,,,,,2,,"",,,"",,,"",,,"","","",,"","",,,,,,,,,,,,"",,,,,,,"","",,,,,"",,,"",,,"k",0.3282,,"space",0.3542,,2,"blue_gnome",2,9,"bright_forest","yellow_basket","pink_gnome",2,2,"dark_forest","red_basket",2,0,0,1,"pink_gnome","dark_forest","red_basket",2822,-1,0,28,1,225,1,1,"",,,,,"",,,"",,,"",,,"",,,"",,,,,,,"",,,"","",,,,,,,,"",,,,,,,"",,,"","","",,,,,,,,"",,,,,,,,,,,,
"","","",,"","","","","","","",,"","","","","","","",,"","","","","","","",,"","","","","","","",,"","","","","","","",,"","","","","","","",,"","","","","","","",,"","","","","","",88535,1,"2024-11-08_17h26.42.153","experiment","2023.2.3","Win32",60.60606061,"665dd746f5ea0c66ebd85edb","672ddd4f09d6fb6d26d998b2","672e49312ba62b1363744c47","",,,"",,,"",,,"",,,"",,,"",,,"",,,,,"",,,"",,,,"",,,"","","",,,"","",,1,,,,"","","",,,,,,,4,,"",,,"",,,"",,,"","","",,"","",,,,,,,,,,,,"",,,,,,,"","",,,,,"",,,"",,,"k",1.0587,,"space",0.5542,,4,"brown_gnome",4,8,"bright_forest","yellow_basket","green_gnome",4,2,"dark_forest","red_basket",2,0,0,1,"green_gnome","dark_forest","red_basket",2824,2,-1,28,2,226,3,1,"",,,,,"",,,"",,,"",,,"",,,"",,,,,,,"",,,"","",,,,,,,,"",,,,,,,"",,,"","","",,,,,,,,"",,,,,,,,,,,,
"","","",,"","","","","","","",,"","","","","","","",,"","","","","","","",,"","","","","","","",,"","","","","","","",,"","","","","","","",,"","","","","","","",,"","","","","","",88535,1,"2024-11-08_17h26.42.153","experiment","2023.2.3","Win32",60.60606061,"665dd746f5ea0c66ebd85edb","672ddd4f09d6fb6d26d998b2","672e49312ba62b1363744c47","",,,"",,,"",,,"",,,"",,,"",,,"",,,,,"",,,"",,,,"",,,"","","",,,"","",,1,,,,"","","",,,,,,,4,,"",,,"",,,"",,,"","","",,"","",,,,,,,,,,,,"",,,,,,,"","",,,,,"",,,"",,,"k",0.3781,,"space",0.4371,,4,"green_gnome",4,1,"dark_forest","red_basket","brown_gnome",4,8,"bright_forest","yellow_basket",8,0,0,1,"brown_gnome","bright_forest","yellow_basket",2832,0,2,28,3,227,3,1,"",,,,,"",,,"",,,"",,,"",,,"",,,,,,,"",,,"","",,,,,,,,"",,,,,,,"",,,"","","",,,,,,,,"",,,,,,,,,,,,
"","","",,"","","","","","","",,"","","","","","","",,"","","","","","","",,"","","","","","","",,"","","","","","","",,"","","","","","","",,"","","","","","","",,"","","","","","",88535,1,"2024-11-08_17h26.42.153","experiment","2023.2.3","Win32",60.60606061,"665dd746f5ea0c66ebd85edb","672ddd4f09d6fb6d26d998b2","672e49312ba62b1363744c47","",,,"",,,"",,,"",,,"",,,"",,,"",,,,,"",,,"",,,,"",,,"","","",,,"","",,1,,,,"","","",,,,,,,1,,"",,,"",,,"",,,"","","",,"","",,,,,,,,,,,,"",,,,,,,"","",,,,,"",,,"",,,"k",0.4258,,"space",0.381,,1,"orange_gnome",1,3,"dark_forest","red_basket","red_gnome",1,8,"bright_forest","yellow_basket",8,0,0,1,"red_gnome","bright_forest","yellow_basket",2840,-2,2,28,4,228,0,1,"",,,,,"",,,"",,,"",,,"",,,"",,,,,,,"",,,"","",,,,,,,,"",,,,,,,"",,,"","","",,,,,,,,"",,,,,,,,,,,,
"","","",,"","","","","","","",,"","","","","","","",,"","","","","","","",,"","","","","","","",,"","","","","","","",,"","","","","","","",,"","","","","","","",,"","","","","","",88535,1,"2024-11-08_17h26.42.153","experiment","2023.2.3","Win32",60.60606061,"665dd746f5ea0c66ebd85edb","672ddd4f09d6fb6d26d998b2","672e49312ba62b1363744c47","",,,"",,,"",,,"",,,"",,,"",,,"",,,,,"",,,"",,,,"",,,"","","",,,"","",,5,,,,"","","",,,,,,,2,,"",,,"",,,"",,,"","","",,"","",,,,,,,,,,,,"",,,,,,,"","",,,,,"",,,"",,,"s",0.3623,,"space",0.3978,,2,"pink_gnome",2,5,"dark_forest","red_basket","blue_gnome",2,6,"bright_forest","yellow_basket",25,0,0,1,"pink_gnome","dark_forest","red_basket",2865,-1,-3,28,5,229,5,1,"",,,,,"",,,"",,,"",,,"",,,"",,,,,,,"",,,"","",,,,,,,,"",,,,,,,"",,,"","","",,,,,,,,"",,,,,,,,,,,,
"","","",,"","","","","","","",,"","","","","","","",,"","","","","","","",,"","","","","","","",,"","","","","","","",,"","","","","","","",,"","","","","","","",,"","","","","","",88535,1,"2024-11-08_17h26.42.153","experiment","2023.2.3","Win32",60.60606061,"665dd746f5ea0c66ebd85edb","672ddd4f09d6fb6d26d998b2","672e49312ba62b1363744c47","",,,"",,,"",,,"",,,"",,,"",,,"",,,,,"",,,"",,,,"",,,"","","",,,"","",,1,,,,"","","",,,,,,,3,,"",,,"",,,"",,,"","","",,"","",,,,,,,,,,,,"",,,,,,,"","",,,,,"",,,"",,,"k",0.381,,"space",0.4498,,3,"yellow_gnome",3,2,"dark_forest","red_basket","purple_gnome",3,5,"bright_forest","yellow_basket",5,0,0,1,"purple_gnome","bright_forest","yellow_basket",2870,0,0,28,6,230,2,1,"",,,,,"",,,"",,,"",,,"",,,"",,,,,,,"",,,"","",,,,,,,,"",,,,,,,"",,,"","","",,,,,,,,"",,,,,,,,,,,,
"","","",,"","","","","","","",,"","","","","","","",,"","","","","","","",,"","","","","","","",,"","","","","","","",,"","","","","","","",,"","","","","","","",,"","","","","","",88535,1,"2024-11-08_17h26.42.153","experiment","2023.2.3","Win32",60.60606061,"665dd746f5ea0c66ebd85edb","672ddd4f09d6fb6d26d998b2","672e49312ba62b1363744c47","",,,"",,,"",,,"",,,"",,,"",,,"",,,,,"",,,"",,,,"",,,"","","",,,"","",,5,,,,"","","",,,,,,,4,,"",,,"",,,"",,,"","","",,"","",,,,,,,,,,,,"",,,,,,,"","",,,,,"",,,"",,,"s",0.3612,,"space",0.3335,,4,"green_gnome",4,2,"dark_forest","red_basket","brown_gnome",4,5,"bright_forest","yellow_basket",10,0,0,1,"green_gnome","dark_forest","red_basket",2880,-2,-1,28,7,231,7,1,"",,,,,"",,,"",,,"",,,"",,,"",,,,,,,"",,,"","",,,,,,,,"",,,,,,,"",,,"","","",,,,,,,,"",,,,,,,,,,,,
"","","",,"","","","","","","",,"","","","","","","",,"","","","","","","",,"","","","","","","",,"","","","","","","",,"","","","","","","",,"","","","","","","",,"","","","","","",88535,1,"2024-11-08_17h26.42.153","experiment","2023.2.3","Win32",60.60606061,"665dd746f5ea0c66ebd85edb","672ddd4f09d6fb6d26d998b2","672e49312ba62b1363744c47","",,,"",,,"",,,"",,,"",,,"",,,"",,,,,"",,,"",,,,"",,,"","","",,,"","",,1,,,,"","","",,,,,,,2,,"",,,"",,,"",,,"","","",,"","",,,,,,,,,,,,"",,,,,,,"","",,,,,"",,,"",,,"k",0.3818,,"space",0.6007,,2,"blue_gnome",2,3,"bright_forest","yellow_basket","pink_gnome",2,1,"dark_forest","red_basket",1,0,0,1,"pink_gnome","dark_forest","red_basket",2881,-2,2,29,0,232,1,1,"",,,,,"",,,"",,,"",,,"",,,"",,,,,,,"",,,"","",,,,,,,,"",,,,,,,"",,,"","","",,,,,,,,"",,,,,,,,,,,,
"","","",,"","","","","","","",,"","","","","","","",,"","","","","","","",,"","","","","","","",,"","","","","","","",,"","","","","","","",,"","","","","","","",,"","","","","","",88535,1,"2024-11-08_17h26.42.153","experiment","2023.2.3","Win32",60.60606061,"665dd746f5ea0c66ebd85edb","672ddd4f09d6fb6d26d998b2","672e49312ba62b1363744c47","",,,"",,,"",,,"",,,"",,,"",,,"",,,,,"",,,"",,,,"",,,"","","",,,"","",,1,,,,"","","",,,,,,,4,,"",,,"",,,"",,,"","","",,"","",,,,,,,,,,,,"",,,,,,,"","",,,,,"",,,"",,,"k",0.4176,,"space",0.3777,,4,"brown_gnome",4,1,"bright_forest","yellow_basket","green_gnome",4,3,"dark_forest","red_basket",3,0,0,1,"green_gnome","dark_forest","red_basket",2884,-2,3,29,1,233,3,1,"",,,,,"",,,"",,,"",,,"",,,"",,,,,,,"",,,"","",,,,,,,,"",,,,,,,"",,,"","","",,,,,,,,"",,,,,,,,,,,,
"","","",,"","","","","","","",,"","","","","","","",,"","","","","","","",,"","","","","","","",,"","","","","","","",,"","","","","","","",,"","","","","","","",,"","","","","","",88535,1,"2024-11-08_17h26.42.153","experiment","2023.2.3","Win32",60.60606061,"665dd746f5ea0c66ebd85edb","672ddd4f09d6fb6d26d998b2","672e49312ba62b1363744c47","",,,"",,,"",,,"",,,"",,,"",,,"",,,,,"",,,"",,,,"",,,"","","",,,"","",,1,,,,"","","",,,,,,,3,,"",,,"",,,"",,,"","","",,"","",,,,,,,,,,,,"",,,,,,,"","",,,,,"",,,"",,,"k",0.5449,,"space",0.3888,,3,"purple_gnome",3,1,"bright_forest","yellow_basket","yellow_gnome",3,6,"dark_forest","red_basket",6,0,0,1,"yellow_gnome","dark_forest","red_basket",2890,-2,-1,29,2,234,2,1,"",,,,,"",,,"",,,"",,,"",,,"",,,,,,,"",,,"","",,,,,,,,"",,,,,,,"",,,"","","",,,,,,,,"",,,,,,,,,,,,
"","","",,"","","","","","","",,"","","","","","","",,"","","","","","","",,"","","","","","","",,"","","","","","","",,"","","","","","","",,"","","","","","","",,"","","","","","",88535,1,"2024-11-08_17h26.42.153","experiment","2023.2.3","Win32",60.60606061,"665dd746f5ea0c66ebd85edb","672ddd4f09d6fb6d26d998b2","672e49312ba62b1363744c47","",,,"",,,"",,,"",,,"",,,"",,,"",,,,,"",,,"",,,,"",,,"","","",,,"","",,1,,,,"","","",,,,,,,4,,"",,,"",,,"",,,"","","",,"","",,,,,,,,,,,,"",,,,,,,"","",,,,,"",,,"",,,"s",0.3643,,"space",0.4695,,4,"brown_gnome",4,1,"bright_forest","yellow_basket","green_gnome",4,5,"dark_forest","red_basket",1,0,0,1,"brown_gnome","bright_forest","yellow_basket",2891,-3,-1,29,3,235,3,1,"",,,,,"",,,"",,,"",,,"",,,"",,,,,,,"",,,"","",,,,,,,,"",,,,,,,"",,,"","","",,,,,,,,"",,,,,,,,,,,,
"","","",,"","","","","","","",,"","","","","","","",,"","","","","","","",,"","","","","","","",,"","","","","","","",,"","","","","","","",,"","","","","","","",,"","","","","","",88535,1,"2024-11-08_17h26.42.153","experiment","2023.2.3","Win32",60.60606061,"665dd746f5ea0c66ebd85edb","672ddd4f09d6fb6d26d998b2","672e49312ba62b1363744c47","",,,"",,,"",,,"",,,"",,,"",,,"",,,,,"",,,"",,,,"",,,"","","",,,"","",,5,,,,"","","",,,,,,,1,,"",,,"",,,"",,,"","","",,"","",,,,,,,,,,,,"",,,,,,,"","",,,,,"",,,"",,,"s",0.4144,,"space",0.0642,,1,"orange_gnome",1,4,"dark_forest","red_basket","red_gnome",1,2,"bright_forest","yellow_basket",20,0,0,1,"orange_gnome","dark_forest","red_basket",2911,0,-1,29,4,236,4,1,"",,,,,"",,,"",,,"",,,"",,,"",,,,,,,"",,,"","",,,,,,,,"",,,,,,,"",,,"","","",,,,,,,,"",,,,,,,,,,,,
"","","",,"","","","","","","",,"","","","","","","",,"","","","","","","",,"","","","","","","",,"","","","","","","",,"","","","","","","",,"","","","","","","",,"","","","","","",88535,1,"2024-11-08_17h26.42.153","experiment","2023.2.3","Win32",60.60606061,"665dd746f5ea0c66ebd85edb","672ddd4f09d6fb6d26d998b2","672e49312ba62b1363744c47","",,,"",,,"",,,"",,,"",,,"",,,"",,,,,"",,,"",,,,"",,,"","","",,,"","",,1,,,,"","","",,,,,,,4,,"",,,"",,,"",,,"","","",,"","",,,,,,,,,,,,"",,,,,,,"","",,,,,"",,,"",,,"k",0.3486,,"space",0.4258,,4,"green_gnome",4,3,"dark_forest","red_basket","brown_gnome",4,2,"bright_forest","yellow_basket",2,0,0,1,"brown_gnome","bright_forest","yellow_basket",2913,4,0,29,5,237,3,1,"",,,,,"",,,"",,,"",,,"",,,"",,,,,,,"",,,"","",,,,,,,,"",,,,,,,"",,,"","","",,,,,,,,"",,,,,,,,,,,,
"","","",,"","","","","","","",,"","","","","","","",,"","","","","","","",,"","","","","","","",,"","","","","","","",,"","","","","","","",,"","","","","","","",,"","","","","","",88535,1,"2024-11-08_17h26.42.153","experiment","2023.2.3","Win32",60.60606061,"665dd746f5ea0c66ebd85edb","672ddd4f09d6fb6d26d998b2","672e49312ba62b1363744c47","",,,"",,,"",,,"",,,"",,,"",,,"",,,,,"",,,"",,,,"",,,"","","",,,"","",,5,,,,"","","",,,,,,,3,,"",,,"",,,"",,,"","","",,"","",,,,,,,,,,,,"",,,,,,,"","",,,,,"",,,"",,,"s",0.3468,,"space",0.3336,,3,"yellow_gnome",3,3,"dark_forest","red_basket","purple_gnome",3,6,"bright_forest","yellow_basket",15,0,0,1,"yellow_gnome","dark_forest","red_basket",2928,3,-4,29,6,238,6,1,"",,,,,"",,,"",,,"",,,"",,,"",,,,,,,"",,,"","",,,,,,,,"",,,,,,,"",,,"","","",,,,,,,,"",,,,,,,,,,,,
"","","",,"","","","","","","",,"","","","","","","",,"","","","","","","",,"","","","","","","",,"","","","","","","",,"","","","","","","",,"","","","","","","",,"","","","","","",88535,1,"2024-11-08_17h26.42.153","experiment","2023.2.3","Win32",60.60606061,"665dd746f5ea0c66ebd85edb","672ddd4f09d6fb6d26d998b2","672e49312ba62b1363744c47","",,,"",,,"",,,"",,,"",,,"",,,"",,,,,"",,,"",,,,"",,,"","","",,,"","",,5,,,,"","","",,,,,,,3,,"",,,"",,,"",,,"","","",,"","",,,,,,,,,,,,"",,,,,,,"","",,,,,"",,,"",,,"s",0.2671,,"space",0.4414,,3,"purple_gnome",3,9,"bright_forest","yellow_basket","yellow_gnome",3,1,"dark_forest","red_basket",45,0,0,1,"purple_gnome","bright_forest","yellow_basket",2973,1,-2,29,7,239,6,1,"",,,,,"",,,"",,,"",,,"",,,"",,,,,,,"",,,"","",,,,,,,,"",,,,,,,"",,,"","","",,,,,,,,"",,,,,,,,,,,,
"","","",,"","","","","","","",,"","","","","","","",,"","","","","","","",,"","","","","","","",,"","","","","","","",,"","","","","","","",,"","","","","","","",,"","","","","","",88535,1,"2024-11-08_17h26.42.153","experiment","2023.2.3","Win32",60.60606061,"665dd746f5ea0c66ebd85edb","672ddd4f09d6fb6d26d998b2","672e49312ba62b1363744c47","",,,"",,,"",,,"",,,"",,,"",,,"",,,,,"",,,"",,,,"",,,"","","",,,"","",,1,,,,"","","",,,,,,,3,,"",,,"",,,"",,,"","","",,"","",,,,,,,,,,,,"",,,,,,,"","",,,,,"",,,"",,,"k",0.347,,"space",0.3617,,3,"purple_gnome",3,8,"bright_forest","yellow_basket","yellow_gnome",3,1,"dark_forest","red_basket",1,0,0,1,"yellow_gnome","dark_forest","red_basket",2974,2,3,30,0,240,2,1,"",,,,,"",,,"",,,"",,,"",,,"",,,,,,,"",,,"","",,,,,,,,"",,,,,,,"",,,"","","",,,,,,,,"",,,,,,,,,,,,
"","","",,"","","","","","","",,"","","","","","","",,"","","","","","","",,"","","","","","","",,"","","","","","","",,"","","","","","","",,"","","","","","","",,"","","","","","",88535,1,"2024-11-08_17h26.42.153","experiment","2023.2.3","Win32",60.60606061,"665dd746f5ea0c66ebd85edb","672ddd4f09d6fb6d26d998b2","672e49312ba62b1363744c47","",,,"",,,"",,,"",,,"",,,"",,,"",,,,,"",,,"",,,,"",,,"","","",,,"","",,5,,,,"","","",,,,,,,3,,"",,,"",,,"",,,"","","",,"","",,,,,,,,,,,,"",,,,,,,"","",,,,,"",,,"",,,"s",0.3513,,"space",0.1071,,3,"purple_gnome",3,8,"bright_forest","yellow_basket","yellow_gnome",3,4,"dark_forest","red_basket",40,0,0,1,"purple_gnome","bright_forest","yellow_basket",3014,-3,-4,30,1,241,6,1,"",,,,,"",,,"",,,"",,,"",,,"",,,,,,,"",,,"","",,,,,,,,"",,,,,,,"",,,"","","",,,,,,,,"",,,,,,,,,,,,
"","","",,"","","","","","","",,"","","","","","","",,"","","","","","","",,"","","","","","","",,"","","","","","","",,"","","","","","","",,"","","","","","","",,"","","","","","",88535,1,"2024-11-08_17h26.42.153","experiment","2023.2.3","Win32",60.60606061,"665dd746f5ea0c66ebd85edb","672ddd4f09d6fb6d26d998b2","672e49312ba62b1363744c47","",,,"",,,"",,,"",,,"",,,"",,,"",,,,,"",,,"",,,,"",,,"","","",,,"","",,5,,,,"","","",,,,,,,2,,"",,,"",,,"",,,"","","",,"","",,,,,,,,,,,,"",,,,,,,"","",,,,,"",,,"",,,"s",0.3762,,"space",0.5791,,2,"blue_gnome",2,5,"bright_forest","yellow_basket","pink_gnome",2,0,"dark_forest","red_basket",25,0,0,1,"blue_gnome","bright_forest","yellow_basket",3039,1,2,30,2,242,5,1,"",,,,,"",,,"",,,"",,,"",,,"",,,,,,,"",,,"","",,,,,,,,"",,,,,,,"",,,"","","",,,,,,,,"",,,,,,,,,,,,
"","","",,"","","","","","","",,"","","","","","","",,"","","","","","","",,"","","","","","","",,"","","","","","","",,"","","","","","","",,"","","","","","","",,"","","","","","",88535,1,"2024-11-08_17h26.42.153","experiment","2023.2.3","Win32",60.60606061,"665dd746f5ea0c66ebd85edb","672ddd4f09d6fb6d26d998b2","672e49312ba62b1363744c47","",,,"",,,"",,,"",,,"",,,"",,,"",,,,,"",,,"",,,,"",,,"","","",,,"","",,5,,,,"","","",,,,,,,4,,"",,,"",,,"",,,"","","",,"","",,,,,,,,,,,,"",,,,,,,"","",,,,,"",,,"",,,"s",0.4001,,"space",0.3646,,4,"green_gnome",4,2,"dark_forest","red_basket","brown_gnome",4,6,"bright_forest","yellow_basket",10,0,0,1,"green_gnome","dark_forest","red_basket",3049,-1,-1,30,3,243,7,1,"",,,,,"",,,"",,,"",,,"",,,"",,,,,,,"",,,"","",,,,,,,,"",,,,,,,"",,,"","","",,,,,,,,"",,,,,,,,,,,,
"","","",,"","","","","","","",,"","","","","","","",,"","","","","","","",,"","","","","","","",,"","","","","","","",,"","","","","","","",,"","","","","","","",,"","","","","","",88535,1,"2024-11-08_17h26.42.153","experiment","2023.2.3","Win32",60.60606061,"665dd746f5ea0c66ebd85edb","672ddd4f09d6fb6d26d998b2","672e49312ba62b1363744c47","",,,"",,,"",,,"",,,"",,,"",,,"",,,,,"",,,"",,,,"",,,"","","",,,"","",,5,,,,"","","",,,,,,,4,,"",,,"",,,"",,,"","","",,"","",,,,,,,,,,,,"",,,,,,,"","",,,,,"",,,"",,,"s",0.2229,,"space",0.4989,,4,"brown_gnome",4,5,"bright_forest","yellow_basket","green_gnome",4,1,"dark_forest","red_basket",25,0,0,1,"brown_gnome","bright_forest","yellow_basket",3074,0,1,30,4,244,7,1,"",,,,,"",,,"",,,"",,,"",,,"",,,,,,,"",,,"","",,,,,,,,"",,,,,,,"",,,"","","",,,,,,,,"",,,,,,,,,,,,
"","","",,"","","","","","","",,"","","","","","","",,"","","","","","","",,"","","","","","","",,"","","","","","","",,"","","","","","","",,"","","","","","","",,"","","","","","",88535,1,"2024-11-08_17h26.42.153","experiment","2023.2.3","Win32",60.60606061,"665dd746f5ea0c66ebd85edb","672ddd4f09d6fb6d26d998b2","672e49312ba62b1363744c47","",,,"",,,"",,,"",,,"",,,"",,,"",,,,,"",,,"",,,,"",,,"","","",,,"","",,1,,,,"","","",,,,,,,2,,"",,,"",,,"",,,"","","",,"","",,,,,,,,,,,,"",,,,,,,"","",,,,,"",,,"",,,"k",0.3865,,"space",0.4397,,2,"pink_gnome",2,2,"dark_forest","red_basket","blue_gnome",2,5,"bright_forest","yellow_basket",5,0,0,1,"blue_gnome","bright_forest","yellow_basket",3079,5,0,30,5,245,1,1,"",,,,,"",,,"",,,"",,,"",,,"",,,,,,,"",,,"","",,,,,,,,"",,,,,,,"",,,"","","",,,,,,,,"",,,,,,,,,,,,
"","","",,"","","","","","","",,"","","","","","","",,"","","","","","","",,"","","","","","","",,"","","","","","","",,"","","","","","","",,"","","","","","","",,"","","","","","",88535,1,"2024-11-08_17h26.42.153","experiment","2023.2.3","Win32",60.60606061,"665dd746f5ea0c66ebd85edb","672ddd4f09d6fb6d26d998b2","672e49312ba62b1363744c47","",,,"",,,"",,,"",,,"",,,"",,,"",,,,,"",,,"",,,,"",,,"","","",,,"","",,1,,,,"","","",,,,,,,2,,"",,,"",,,"",,,"","","",,"","",,,,,,,,,,,,"",,,,,,,"","",,,,,"",,,"",,,"k",0.1295,,"space",0.472,,2,"pink_gnome",2,2,"dark_forest","red_basket","blue_gnome",2,8,"bright_forest","yellow_basket",8,0,0,1,"blue_gnome","bright_forest","yellow_basket",3087,-1,-1,30,6,246,1,1,"",,,,,"",,,"",,,"",,,"",,,"",,,,,,,"",,,"","",,,,,,,,"",,,,,,,"",,,"","","",,,,,,,,"",,,,,,,,,,,,
"","","",,"","","","","","","",,"","","","","","","",,"","","","","","","",,"","","","","","","",,"","","","","","","",,"","","","","","","",,"","","","","","","",,"","","","","","",88535,1,"2024-11-08_17h26.42.153","experiment","2023.2.3","Win32",60.60606061,"665dd746f5ea0c66ebd85edb","672ddd4f09d6fb6d26d998b2","672e49312ba62b1363744c47","",,,"",,,"",,,"",,,"",,,"",,,"",,,,,"",,,"",,,,"",,,"","","",,,"","",,1,,,,"","","",,,,,,,3,,"",,,"",,,"",,,"","","",,"","",,,,,,,,,,,,"",,,,,,,"","",,,,,"",,,"",,,"k",0.3302,,"space",0.3885,,3,"purple_gnome",3,7,"bright_forest","yellow_basket","yellow_gnome",3,1,"dark_forest","red_basket",1,0,0,1,"yellow_gnome","dark_forest","red_basket",3088,-2,3,30,7,247,2,1,"",,,,,"",,,"",,,"",,,"",,,"",,,,,,,"",,,"","",,,,,,,,"",,,,,,,"",,,"","","",,,,,,,,"",,,,,,,,,,,,
"","","",,"","","","","","","",,"","","","","","","",,"","","","","","","",,"","","","","","","",,"","","","","","","",,"","","","","","","",,"","","","","","","",,"","","","","","",88535,1,"2024-11-08_17h26.42.153","experiment","2023.2.3","Win32",60.60606061,"665dd746f5ea0c66ebd85edb","672ddd4f09d6fb6d26d998b2","672e49312ba62b1363744c47","",,,"",,,"",,,"",,,"",,,"",,,"",,,,,"",,,"",,,,"",,,"","","",,,"","",,5,,,,"","","",,,,,,,3,,"",,,"",,,"",,,"","","",,"","",,,,,,,,,,,,"",,,,,,,"","",,,,,"",,,"",,,"s",0.3662,,"space",0.4082,,3,"yellow_gnome",3,4,"dark_forest","red_basket","purple_gnome",3,5,"bright_forest","yellow_basket",20,0,0,1,"yellow_gnome","dark_forest","red_basket",3108,-2,-1,31,0,248,6,1,"",,,,,"",,,"",,,"",,,"",,,"",,,,,,,"",,,"","",,,,,,,,"",,,,,,,"",,,"","","",,,,,,,,"",,,,,,,,,,,,
"","","",,"","","","","","","",,"","","","","","","",,"","","","","","","",,"","","","","","","",,"","","","","","","",,"","","","","","","",,"","","","","","","",,"","","","","","",88535,1,"2024-11-08_17h26.42.153","experiment","2023.2.3","Win32",60.60606061,"665dd746f5ea0c66ebd85edb","672ddd4f09d6fb6d26d998b2","672e49312ba62b1363744c47","",,,"",,,"",,,"",,,"",,,"",,,"",,,,,"",,,"",,,,"",,,"","","",,,"","",,5,,,,"","","",,,,,,,1,,"",,,"",,,"",,,"","","",,"","",,,,,,,,,,,,"",,,,,,,"","",,,,,"",,,"",,,"s",0.3827,,"space",0.7515,,1,"orange_gnome",1,3,"dark_forest","red_basket","red_gnome",1,3,"bright_forest","yellow_basket",15,0,0,1,"orange_gnome","dark_forest","red_basket",3123,0,-1,31,1,249,4,1,"",,,,,"",,,"",,,"",,,"",,,"",,,,,,,"",,,"","",,,,,,,,"",,,,,,,"",,,"","","",,,,,,,,"",,,,,,,,,,,,
"","","",,"","","","","","","",,"","","","","","","",,"","","","","","","",,"","","","","","","",,"","","","","","","",,"","","","","","","",,"","","","","","","",,"","","","","","",88535,1,"2024-11-08_17h26.42.153","experiment","2023.2.3","Win32",60.60606061,"665dd746f5ea0c66ebd85edb","672ddd4f09d6fb6d26d998b2","672e49312ba62b1363744c47","",,,"",,,"",,,"",,,"",,,"",,,"",,,,,"",,,"",,,,"",,,"","","",,,"","",,1,,,,"","","",,,,,,,2,,"",,,"",,,"",,,"","","",,"","",,,,,,,,,,,,"",,,,,,,"","",,,,,"",,,"",,,"k",0.3403,,"space",0.3456,,2,"blue_gnome",2,3,"bright_forest","yellow_basket","pink_gnome",2,2,"dark_forest","red_basket",2,0,0,1,"pink_gnome","dark_forest","red_basket",3125,-2,2,31,2,250,1,1,"",,,,,"",,,"",,,"",,,"",,,"",,,,,,,"",,,"","",,,,,,,,"",,,,,,,"",,,"","","",,,,,,,,"",,,,,,,,,,,,
"","","",,"","","","","","","",,"","","","","","","",,"","","","","","","",,"","","","","","","",,"","","","","","","",,"","","","","","","",,"","","","","","","",,"","","","","","",88535,1,"2024-11-08_17h26.42.153","experiment","2023.2.3","Win32",60.60606061,"665dd746f5ea0c66ebd85edb","672ddd4f09d6fb6d26d998b2","672e49312ba62b1363744c47","",,,"",,,"",,,"",,,"",,,"",,,"",,,,,"",,,"",,,,"",,,"","","",,,"","",,5,,,,"","","",,,,,,,1,,"",,,"",,,"",,,"","","",,"","",,,,,,,,,,,,"",,,,,,,"","",,,,,"",,,"",,,"s",0.2734,,"space",0.7056,,1,"red_gnome",1,1,"bright_forest","yellow_basket","orange_gnome",1,4,"dark_forest","red_basket",5,0,0,1,"red_gnome","bright_forest","yellow_basket",3130,0,0,31,3,251,4,1,"",,,,,"",,,"",,,"",,,"",,,"",,,,,,,"",,,"","",,,,,,,,"",,,,,,,"",,,"","","",,,,,,,,"",,,,,,,,,,,,
"","","",,"","","","","","","",,"","","","","","","",,"","","","","","","",,"","","","","","","",,"","","","","","","",,"","","","","","","",,"","","","","","","",,"","","","","","",88535,1,"2024-11-08_17h26.42.153","experiment","2023.2.3","Win32",60.60606061,"665dd746f5ea0c66ebd85edb","672ddd4f09d6fb6d26d998b2","672e49312ba62b1363744c47","",,,"",,,"",,,"",,,"",,,"",,,"",,,,,"",,,"",,,,"",,,"","","",,,"","",,1,,,,"","","",,,,,,,1,,"",,,"",,,"",,,"","","",,"","",,,,,,,,,,,,"",,,,,,,"","",,,,,"",,,"",,,"k",0.3429,,"space",0.4606,,1,"orange_gnome",1,4,"dark_forest","red_basket","red_gnome",1,1,"bright_forest","yellow_basket",1,0,0,1,"red_gnome","bright_forest","yellow_basket",3131,-1,4,31,4,252,0,1,"",,,,,"",,,"",,,"",,,"",,,"",,,,,,,"",,,"","",,,,,,,,"",,,,,,,"",,,"","","",,,,,,,,"",,,,,,,,,,,,
"","","",,"","","","","","","",,"","","","","","","",,"","","","","","","",,"","","","","","","",,"","","","","","","",,"","","","","","","",,"","","","","","","",,"","","","","","",88535,1,"2024-11-08_17h26.42.153","experiment","2023.2.3","Win32",60.60606061,"665dd746f5ea0c66ebd85edb","672ddd4f09d6fb6d26d998b2","672e49312ba62b1363744c47","",,,"",,,"",,,"",,,"",,,"",,,"",,,,,"",,,"",,,,"",,,"","","",,,"","",,1,,,,"","","",,,,,,,3,,"",,,"",,,"",,,"","","",,"","",,,,,,,,,,,,"",,,,,,,"","",,,,,"",,,"",,,"s",0.4117,,"space",0.3491,,3,"yellow_gnome",3,8,"dark_forest","red_basket","purple_gnome",3,0,"bright_forest","yellow_basket",8,0,0,1,"yellow_gnome","dark_forest","red_basket",3139,1,2,31,5,253,2,1,"",,,,,"",,,"",,,"",,,"",,,"",,,,,,,"",,,"","",,,,,,,,"",,,,,,,"",,,"","","",,,,,,,,"",,,,,,,,,,,,
"","","",,"","","","","","","",,"","","","","","","",,"","","","","","","",,"","","","","","","",,"","","","","","","",,"","","","","","","",,"","","","","","","",,"","","","","","",88535,1,"2024-11-08_17h26.42.153","experiment","2023.2.3","Win32",60.60606061,"665dd746f5ea0c66ebd85edb","672ddd4f09d6fb6d26d998b2","672e49312ba62b1363744c47","",,,"",,,"",,,"",,,"",,,"",,,"",,,,,"",,,"",,,,"",,,"","","",,,"","",,1,,,,"","","",,,,,,,3,,"",,,"",,,"",,,"","","",,"","",,,,,,,,,,,,"",,,,,,,"","",,,,,"",,,"",,,"s",0.3828,,"space",0.5015,,3,"purple_gnome",3,1,"bright_forest","yellow_basket","yellow_gnome",3,8,"dark_forest","red_basket",1,0,0,1,"purple_gnome","bright_forest","yellow_basket",3140,0,-1,31,6,254,2,1,"",,,,,"",,,"",,,"",,,"",,,"",,,,,,,"",,,"","",,,,,,,,"",,,,,,,"",,,"","","",,,,,,,,"",,,,,,,,,,,,
"","","",,"","","","","","","",,"","","","","","","",,"","","","","","","",,"","","","","","","",,"","","","","","","",,"","","","","","","",,"","","","","","","",,"","","","","","",88535,1,"2024-11-08_17h26.42.153","experiment","2023.2.3","Win32",60.60606061,"665dd746f5ea0c66ebd85edb","672ddd4f09d6fb6d26d998b2","672e49312ba62b1363744c47","",,,"",,,"",,,"",,,"",,,"",,,"",,,,,"",,,"",,,,"",,,"","","",,,"","",,1,,,,"","","",,,,,,,4,,"",,,"",,,"",,,"","","",,"","",,,,,,,,,,,,"",,,,,,,"","",,,,,"",,,"",,,"k",0.3126,,"space",0.3829,,4,"green_gnome",4,7,"dark_forest","red_basket","brown_gnome",4,1,"bright_forest","yellow_basket",1,0,0,1,"brown_gnome","bright_forest","yellow_basket",3141,3,0,31,7,255,3,1,"",,,,,"",,,"",,,"",,,"",,,"",,,,,,,"",,,"","",,,,,,,,"",,,,,,,"",,,"","","",,,,,,,,"",,,,,,,,,,,,
"","","",,"","","","","","","",,"","","","","","","",,"","","","","","","",,"","","","","","","",,"","","","","","","",,"","","","","","","",,"","","","","","","",,"","","","","","",88535,1,"2024-11-08_17h26.42.153","experiment","2023.2.3","Win32",60.60606061,"665dd746f5ea0c66ebd85edb","672ddd4f09d6fb6d26d998b2","672e49312ba62b1363744c47","",,,"",,,"",,,"",,,"",,,"",,,"",,,,,"",,,"",,,,"",,,"","","",,,"","",,,,,,"","","",,,,,,,,,"",,,"",,,"",,,"","","",,"","",,,,,,,,,,,,"",,,,,,,"","",,,,,"",,,"",,,"",,,"",,,,"",,,"","","",,,"","",,,,,"","","",,,,,,,,,"",,,,,"space",7.3472,,"space",1.6402,,"space",25.4205,,"space",15.8449,,"space",11.63,,68.48958333,5.9413,86.19791667,9.4065,"space",11.3293,,"red_gnome","brown_gnome",0,0,0,4,1,0,5,"",,,,,,,"",,,"","","",,,,,,,,"",,,,,,,,,,,,
"","","",,"","","","","","","",,"","","","","","","",,"","","","","","","",,"","","","","","","",,"","","","","","","",,"","","","","","","",,"","","","","","","",,"","","","","","",88535,1,"2024-11-08_17h26.42.153","experiment","2023.2.3","Win32",60.60606061,"665dd746f5ea0c66ebd85edb","672ddd4f09d6fb6d26d998b2","672e49312ba62b1363744c47","",,,"",,,"",,,"",,,"",,,"",,,"",,,,,"",,,"",,,,"",,,"","","",,,"","",,,,,,"","","",,,,,,,,,"",,,"",,,"",,,"","","",,"","",,,,,,,,,,,,"",,,,,,,"","",,,,,"",,,"",,,"",,,"",,,,"",,,"","","",,,"","",,,,,"","","",,,,,,,,,"",,,,,"",,,"",,,"",,,"",,,"",,,55.72916667,7.398,58.85416667,9.9131,"space",9.8234,,"yellow_gnome","red_gnome",0,1,1,25,1,5,6,"",,,,,,,"",,,"","","",,,,,,,,"",,,,,,,,,,,,
"","","",,"","","","","","","",,"","","","","","","",,"","","","","","","",,"","","","","","","",,"","","","","","","",,"","","","","","","",,"","","","","","","",,"","","","","","",88535,1,"2024-11-08_17h26.42.153","experiment","2023.2.3","Win32",60.60606061,"665dd746f5ea0c66ebd85edb","672ddd4f09d6fb6d26d998b2","672e49312ba62b1363744c47","",,,"",,,"",,,"",,,"",,,"",,,"",,,,,"",,,"",,,,"",,,"","","",,,"","",,,,,,"","","",,,,,,,,,"",,,"",,,"",,,"","","",,"","",,,,,,,,,,,,"",,,,,,,"","",,,,,"",,,"",,,"",,,"",,,,"",,,"","","",,,"","",,,,,"","","",,,,,,,,,"",,,,,"",,,"",,,"",,,"",,,"",,,69.40104167,3.6527,46.35416667,6.6677,"space",6.4281,,"blue_gnome","orange_gnome",0,2,2,21,1,3,7,"",,,,,,,"",,,"","","",,,,,,,,"",,,,,,,,,,,,
"","","",,"","","","","","","",,"","","","","","","",,"","","","","","","",,"","","","","","","",,"","","","","","","",,"","","","","","","",,"","","","","","","",,"","","","","","",88535,1,"2024-11-08_17h26.42.153","experiment","2023.2.3","Win32",60.60606061,"665dd746f5ea0c66ebd85edb","672ddd4f09d6fb6d26d998b2","672e49312ba62b1363744c47","",,,"",,,"",,,"",,,"",,,"",,,"",,,,,"",,,"",,,,"",,,"","","",,,"","",,,,,,"","","",,,,,,,,,"",,,"",,,"",,,"","","",,"","",,,,,,,,,,,,"",,,,,,,"","",,,,,"",,,"",,,"",,,"",,,,"",,,"","","",,,"","",,,,,"","","",,,,,,,,,"",,,,,"",,,"",,,"",,,"",,,"",,,63.54166667,3.3569,42.1875,5.605,"space",5.7807,,"orange_gnome","brown_gnome",0,3,3,6,1,0,7,"",,,,,,,"",,,"","","",,,,,,,,"",,,,,,,,,,,,
"","","",,"","","","","","","",,"","","","","","","",,"","","","","","","",,"","","","","","","",,"","","","","","","",,"","","","","","","",,"","","","","","","",,"","","","","","",88535,1,"2024-11-08_17h26.42.153","experiment","2023.2.3","Win32",60.60606061,"665dd746f5ea0c66ebd85edb","672ddd4f09d6fb6d26d998b2","672e49312ba62b1363744c47","",,,"",,,"",,,"",,,"",,,"",,,"",,,,,"",,,"",,,,"",,,"","","",,,"","",,,,,,"","","",,,,,,,,,"",,,"",,,"",,,"","","",,"","",,,,,,,,,,,,"",,,,,,,"","",,,,,"",,,"",,,"",,,"",,,,"",,,"","","",,,"","",,,,,"","","",,,,,,,,,"",,,,,"",,,"",,,"",,,"",,,"",,,85.28645833,3.803,89.84375,6.4683,"space",6.1215,,"pink_gnome","blue_gnome",0,4,4,13,1,2,3,"",,,,,,,"",,,"","","",,,,,,,,"",,,,,,,,,,,,
"","","",,"","","","","","","",,"","","","","","","",,"","","","","","","",,"","","","","","","",,"","","","","","","",,"","","","","","","",,"","","","","","","",,"","","","","","",88535,1,"2024-11-08_17h26.42.153","experiment","2023.2.3","Win32",60.60606061,"665dd746f5ea0c66ebd85edb","672ddd4f09d6fb6d26d998b2","672e49312ba62b1363744c47","",,,"",,,"",,,"",,,"",,,"",,,"",,,,,"",,,"",,,,"",,,"","","",,,"","",,,,,,"","","",,,,,,,,,"",,,"",,,"",,,"","","",,"","",,,,,,,,,,,,"",,,,,,,"","",,,,,"",,,"",,,"",,,"",,,,"",,,"","","",,,"","",,,,,"","","",,,,,,,,,"",,,,,"",,,"",,,"",,,"",,,"",,,61.45833333,2.957,41.53645833,5.7548,"space",5.63,,"purple_gnome","brown_gnome",0,5,5,0,1,0,1,"",,,,,,,"",,,"","","",,,,,,,,"",,,,,,,,,,,,
"","","",,"","","","","","","",,"","","","","","","",,"","","","","","","",,"","","","","","","",,"","","","","","","",,"","","","","","","",,"","","","","","","",,"","","","","","",88535,1,"2024-11-08_17h26.42.153","experiment","2023.2.3","Win32",60.60606061,"665dd746f5ea0c66ebd85edb","672ddd4f09d6fb6d26d998b2","672e49312ba62b1363744c47","",,,"",,,"",,,"",,,"",,,"",,,"",,,,,"",,,"",,,,"",,,"","","",,,"","",,,,,,"","","",,,,,,,,,"",,,"",,,"",,,"","","",,"","",,,,,,,,,,,,"",,,,,,,"","",,,,,"",,,"",,,"",,,"",,,,"",,,"","","",,,"","",,,,,"","","",,,,,,,,,"",,,,,"",,,"",,,"",,,"",,,"",,,69.66145833,2.8378,54.03645833,4.3726,"space",4.211,,"yellow_gnome","pink_gnome",0,6,6,16,1,2,6,"",,,,,,,"",,,"","","",,,,,,,,"",,,,,,,,,,,,
"","","",,"","","","","","","",,"","","","","","","",,"","","","","","","",,"","","","","","","",,"","","","","","","",,"","","","","","","",,"","","","","","","",,"","","","","","",88535,1,"2024-11-08_17h26.42.153","experiment","2023.2.3","Win32",60.60606061,"665dd746f5ea0c66ebd85edb","672ddd4f09d6fb6d26d998b2","672e49312ba62b1363744c47","",,,"",,,"",,,"",,,"",,,"",,,"",,,,,"",,,"",,,,"",,,"","","",,,"","",,,,,,"","","",,,,,,,,,"",,,"",,,"",,,"","","",,"","",,,,,,,,,,,,"",,,,,,,"","",,,,,"",,,"",,,"",,,"",,,,"",,,"","","",,,"","",,,,,"","","",,,,,,,,,"",,,,,"",,,"",,,"",,,"",,,"",,,67.44791667,2.6571,63.15104167,4.4703,"space",4.02,,"green_gnome","orange_gnome",0,7,7,24,1,4,7,"",,,,,,,"",,,"","","",,,,,,,,"",,,,,,,,,,,,
"","","",,"","","","","","","",,"","","","","","","",,"","","","","","","",,"","","","","","","",,"","","","","","","",,"","","","","","","",,"","","","","","","",,"","","","","","",88535,1,"2024-11-08_17h26.42.153","experiment","2023.2.3","Win32",60.60606061,"665dd746f5ea0c66ebd85edb","672ddd4f09d6fb6d26d998b2","672e49312ba62b1363744c47","",,,"",,,"",,,"",,,"",,,"",,,"",,,,,"",,,"",,,,"",,,"","","",,,"","",,,,,,"","","",,,,,,,,,"",,,"",,,"",,,"","","",,"","",,,,,,,,,,,,"",,,,,,,"","",,,,,"",,,"",,,"",,,"",,,,"",,,"","","",,,"","",,,,,"","","",,,,,,,,,"",,,,,"",,,"",,,"",,,"",,,"",,,64.19270833,3.5956,66.14583333,5.7774,"space",5.4042,,"brown_gnome","pink_gnome",0,8,8,1,1,0,2,"",,,,,,,"",,,"","","",,,,,,,,"",,,,,,,,,,,,
"","","",,"","","","","","","",,"","","","","","","",,"","","","","","","",,"","","","","","","",,"","","","","","","",,"","","","","","","",,"","","","","","","",,"","","","","","",88535,1,"2024-11-08_17h26.42.153","experiment","2023.2.3","Win32",60.60606061,"665dd746f5ea0c66ebd85edb","672ddd4f09d6fb6d26d998b2","672e49312ba62b1363744c47","",,,"",,,"",,,"",,,"",,,"",,,"",,,,,"",,,"",,,,"",,,"","","",,,"","",,,,,,"","","",,,,,,,,,"",,,"",,,"",,,"","","",,"","",,,,,,,,,,,,"",,,,,,,"","",,,,,"",,,"",,,"",,,"",,,,"",,,"","","",,,"","",,,,,"","","",,,,,,,,,"",,,,,"",,,"",,,"",,,"",,,"",,,37.5,3.2571,51.04166667,6.0619,"space",5.6786,,"green_gnome","red_gnome",0,9,9,22,1,4,5,"",,,,,,,"",,,"","","",,,,,,,,"",,,,,,,,,,,,
"","","",,"","","","","","","",,"","","","","","","",,"","","","","","","",,"","","","","","","",,"","","","","","","",,"","","","","","","",,"","","","","","","",,"","","","","","",88535,1,"2024-11-08_17h26.42.153","experiment","2023.2.3","Win32",60.60606061,"665dd746f5ea0c66ebd85edb","672ddd4f09d6fb6d26d998b2","672e49312ba62b1363744c47","",,,"",,,"",,,"",,,"",,,"",,,"",,,,,"",,,"",,,,"",,,"","","",,,"","",,,,,,"","","",,,,,,,,,"",,,"",,,"",,,"","","",,"","",,,,,,,,,,,,"",,,,,,,"","",,,,,"",,,"",,,"",,,"",,,,"",,,"","","",,,"","",,,,,"","","",,,,,,,,,"",,,,,"",,,"",,,"",,,"",,,"",,,62.23958333,4.4206,54.296875,5.9514,"space",5.5984,,"yellow_gnome","green_gnome",0,10,10,23,1,4,6,"",,,,,,,"",,,"","","",,,,,,,,"",,,,,,,,,,,,
"","","",,"","","","","","","",,"","","","","","","",,"","","","","","","",,"","","","","","","",,"","","","","","","",,"","","","","","","",,"","","","","","","",,"","","","","","",88535,1,"2024-11-08_17h26.42.153","experiment","2023.2.3","Win32",60.60606061,"665dd746f5ea0c66ebd85edb","672ddd4f09d6fb6d26d998b2","672e49312ba62b1363744c47","",,,"",,,"",,,"",,,"",,,"",,,"",,,,,"",,,"",,,,"",,,"","","",,,"","",,,,,,"","","",,,,,,,,,"",,,"",,,"",,,"","","",,"","",,,,,,,,,,,,"",,,,,,,"","",,,,,"",,,"",,,"",,,"",,,,"",,,"","","",,,"","",,,,,"","","",,,,,,,,,"",,,,,"",,,"",,,"",,,"",,,"",,,65.88541667,2.9727,68.61979167,4.8549,"space",4.5653,,"pink_gnome","red_gnome",0,11,11,15,1,2,5,"",,,,,,,"",,,"","","",,,,,,,,"",,,,,,,,,,,,
"","","",,"","","","","","","",,"","","","","","","",,"","","","","","","",,"","","","","","","",,"","","","","","","",,"","","","","","","",,"","","","","","","",,"","","","","","",88535,1,"2024-11-08_17h26.42.153","experiment","2023.2.3","Win32",60.60606061,"665dd746f5ea0c66ebd85edb","672ddd4f09d6fb6d26d998b2","672e49312ba62b1363744c47","",,,"",,,"",,,"",,,"",,,"",,,"",,,,,"",,,"",,,,"",,,"","","",,,"","",,,,,,"","","",,,,,,,,,"",,,"",,,"",,,"","","",,"","",,,,,,,,,,,,"",,,,,,,"","",,,,,"",,,"",,,"",,,"",,,,"",,,"","","",,,"","",,,,,"","","",,,,,,,,,"",,,,,"",,,"",,,"",,,"",,,"",,,40.36458333,3.6396,45.83333333,5.2543,"space",4.9854,,"green_gnome","pink_gnome",0,12,12,14,1,2,4,"",,,,,,,"",,,"","","",,,,,,,,"",,,,,,,,,,,,
"","","",,"","","","","","","",,"","","","","","","",,"","","","","","","",,"","","","","","","",,"","","","","","","",,"","","","","","","",,"","","","","","","",,"","","","","","",88535,1,"2024-11-08_17h26.42.153","experiment","2023.2.3","Win32",60.60606061,"665dd746f5ea0c66ebd85edb","672ddd4f09d6fb6d26d998b2","672e49312ba62b1363744c47","",,,"",,,"",,,"",,,"",,,"",,,"",,,,,"",,,"",,,,"",,,"","","",,,"","",,,,,,"","","",,,,,,,,,"",,,"",,,"",,,"","","",,"","",,,,,,,,,,,,"",,,,,,,"","",,,,,"",,,"",,,"",,,"",,,,"",,,"","","",,,"","",,,,,"","","",,,,,,,,,"",,,,,"",,,"",,,"",,,"",,,"",,,65.36458333,2.2918,59.375,3.4409,"space",3.0673,,"blue_gnome","yellow_gnome",0,13,13,20,1,3,6,"",,,,,,,"",,,"","","",,,,,,,,"",,,,,,,,,,,,
"","","",,"","","","","","","",,"","","","","","","",,"","","","","","","",,"","","","","","","",,"","","","","","","",,"","","","","","","",,"","","","","","","",,"","","","","","",88535,1,"2024-11-08_17h26.42.153","experiment","2023.2.3","Win32",60.60606061,"665dd746f5ea0c66ebd85edb","672ddd4f09d6fb6d26d998b2","672e49312ba62b1363744c47","",,,"",,,"",,,"",,,"",,,"",,,"",,,,,"",,,"",,,,"",,,"","","",,,"","",,,,,,"","","",,,,,,,,,"",,,"",,,"",,,"","","",,"","",,,,,,,,,,,,"",,,,,,,"","",,,,,"",,,"",,,"",,,"",,,,"",,,"","","",,,"","",,,,,"","","",,,,,,,,,"",,,,,"",,,"",,,"",,,"",,,"",,,46.22395833,2.2913,30.20833333,3.9576,"space",3.6391,,"orange_gnome","purple_gnome",0,14,14,12,1,1,7,"",,,,,,,"",,,"","","",,,,,,,,"",,,,,,,,,,,,
"","","",,"","","","","","","",,"","","","","","","",,"","","","","","","",,"","","","","","","",,"","","","","","","",,"","","","","","","",,"","","","","","","",,"","","","","","",88535,1,"2024-11-08_17h26.42.153","experiment","2023.2.3","Win32",60.60606061,"665dd746f5ea0c66ebd85edb","672ddd4f09d6fb6d26d998b2","672e49312ba62b1363744c47","",,,"",,,"",,,"",,,"",,,"",,,"",,,,,"",,,"",,,,"",,,"","","",,,"","",,,,,,"","","",,,,,,,,,"",,,"",,,"",,,"","","",,"","",,,,,,,,,,,,"",,,,,,,"","",,,,,"",,,"",,,"",,,"",,,,"",,,"","","",,,"","",,,,,"","","",,,,,,,,,"",,,,,"",,,"",,,"",,,"",,,"",,,29.03645833,6.4449,55.859375,8.6759,"space",8.6443,,"green_gnome","blue_gnome",0,15,15,18,1,3,4,"",,,,,,,"",,,"","","",,,,,,,,"",,,,,,,,,,,,
"","","",,"","","","","","","",,"","","","","","","",,"","","","","","","",,"","","","","","","",,"","","","","","","",,"","","","","","","",,"","","","","","","",,"","","","","","",88535,1,"2024-11-08_17h26.42.153","experiment","2023.2.3","Win32",60.60606061,"665dd746f5ea0c66ebd85edb","672ddd4f09d6fb6d26d998b2","672e49312ba62b1363744c47","",,,"",,,"",,,"",,,"",,,"",,,"",,,,,"",,,"",,,,"",,,"","","",,,"","",,,,,,"","","",,,,,,,,,"",,,"",,,"",,,"","","",,"","",,,,,,,,,,,,"",,,,,,,"","",,,,,"",,,"",,,"",,,"",,,,"",,,"","","",,,"","",,,,,"","","",,,,,,,,,"",,,,,"",,,"",,,"",,,"",,,"",,,59.24479167,2.426,55.98958333,3.9594,"space",3.5393,,"red_gnome","purple_gnome",0,16,16,10,1,1,5,"",,,,,,,"",,,"","","",,,,,,,,"",,,,,,,,,,,,
"","","",,"","","","","","","",,"","","","","","","",,"","","","","","","",,"","","","","","","",,"","","","","","","",,"","","","","","","",,"","","","","","","",,"","","","","","",88535,1,"2024-11-08_17h26.42.153","experiment","2023.2.3","Win32",60.60606061,"665dd746f5ea0c66ebd85edb","672ddd4f09d6fb6d26d998b2","672e49312ba62b1363744c47","",,,"",,,"",,,"",,,"",,,"",,,"",,,,,"",,,"",,,,"",,,"","","",,,"","",,,,,,"","","",,,,,,,,,"",,,"",,,"",,,"","","",,"","",,,,,,,,,,,,"",,,,,,,"","",,,,,"",,,"",,,"",,,"",,,,"",,,"","","",,,"","",,,,,"","","",,,,,,,,,"",,,,,"",,,"",,,"",,,"",,,"",,,37.5,2.8719,53.77604167,4.2193,"space",3.9015,,"yellow_gnome","purple_gnome",0,17,17,11,1,1,6,"",,,,,,,"",,,"","","",,,,,,,,"",,,,,,,,,,,,
"","","",,"","","","","","","",,"","","","","","","",,"","","","","","","",,"","","","","","","",,"","","","","","","",,"","","","","","","",,"","","","","","","",,"","","","","","",88535,1,"2024-11-08_17h26.42.153","experiment","2023.2.3","Win32",60.60606061,"665dd746f5ea0c66ebd85edb","672ddd4f09d6fb6d26d998b2","672e49312ba62b1363744c47","",,,"",,,"",,,"",,,"",,,"",,,"",,,,,"",,,"",,,,"",,,"","","",,,"","",,,,,,"","","",,,,,,,,,"",,,"",,,"",,,"","","",,"","",,,,,,,,,,,,"",,,,,,,"","",,,,,"",,,"",,,"",,,"",,,,"",,,"","","",,,"","",,,,,"","","",,,,,,,,,"",,,,,"",,,"",,,"",,,"",,,"",,,56.90104167,3.9718,55.59895833,5.4877,"space",5.1836,,"brown_gnome","blue_gnome",0,18,18,2,1,0,3,"",,,,,,,"",,,"","","",,,,,,,,"",,,,,,,,,,,,
"","","",,"","","","","","","",,"","","","","","","",,"","","","","","","",,"","","","","","","",,"","","","","","","",,"","","","","","","",,"","","","","","","",,"","","","","","",88535,1,"2024-11-08_17h26.42.153","experiment","2023.2.3","Win32",60.60606061,"665dd746f5ea0c66ebd85edb","672ddd4f09d6fb6d26d998b2","672e49312ba62b1363744c47","",,,"",,,"",,,"",,,"",,,"",,,"",,,,,"",,,"",,,,"",,,"","","",,,"","",,,,,,"","","",,,,,,,,,"",,,"",,,"",,,"","","",,"","",,,,,,,,,,,,"",,,,,,,"","",,,,,"",,,"",,,"",,,"",,,,"",,,"","","",,,"","",,,,,"","","",,,,,,,,,"",,,,,"",,,"",,,"",,,"",,,"",,,59.89583333,3.5266,51.69270833,5.1915,"space",5.1193,,"brown_gnome","yellow_gnome",0,19,19,5,1,0,6,"",,,,,,,"",,,"","","",,,,,,,,"",,,,,,,,,,,,
"","","",,"","","","","","","",,"","","","","","","",,"","","","","","","",,"","","","","","","",,"","","","","","","",,"","","","","","","",,"","","","","","","",,"","","","","","",88535,1,"2024-11-08_17h26.42.153","experiment","2023.2.3","Win32",60.60606061,"665dd746f5ea0c66ebd85edb","672ddd4f09d6fb6d26d998b2","672e49312ba62b1363744c47","",,,"",,,"",,,"",,,"",,,"",,,"",,,,,"",,,"",,,,"",,,"","","",,,"","",,,,,,"","","",,,,,,,,,"",,,"",,,"",,,"","","",,"","",,,,,,,,,,,,"",,,,,,,"","",,,,,"",,,"",,,"",,,"",,,,"",,,"","","",,,"","",,,,,"","","",,,,,,,,,"",,,,,"",,,"",,,"",,,"",,,"",,,58.984375,2.4403,58.33333333,4.174,"space",4.0611,,"purple_gnome","green_gnome",0,20,20,9,1,1,4,"",,,,,,,"",,,"","","",,,,,,,,"",,,,,,,,,,,,
"","","",,"","","","","","","",,"","","","","","","",,"","","","","","","",,"","","","","","","",,"","","","","","","",,"","","","","","","",,"","","","","","","",,"","","","","","",88535,1,"2024-11-08_17h26.42.153","experiment","2023.2.3","Win32",60.60606061,"665dd746f5ea0c66ebd85edb","672ddd4f09d6fb6d26d998b2","672e49312ba62b1363744c47","",,,"",,,"",,,"",,,"",,,"",,,"",,,,,"",,,"",,,,"",,,"","","",,,"","",,,,,,"","","",,,,,,,,,"",,,"",,,"",,,"","","",,"","",,,,,,,,,,,,"",,,,,,,"","",,,,,"",,,"",,,"",,,"",,,,"",,,"","","",,,"","",,,,,"","","",,,,,,,,,"",,,,,"",,,"",,,"",,,"",,,"",,,46.74479167,3.9484,47.39583333,6.1617,"space",6.1462,,"pink_gnome","orange_gnome",0,21,21,17,1,2,7,"",,,,,,,"",,,"","","",,,,,,,,"",,,,,,,,,,,,
"","","",,"","","","","","","",,"","","","","","","",,"","","","","","","",,"","","","","","","",,"","","","","","","",,"","","","","","","",,"","","","","","","",,"","","","","","",88535,1,"2024-11-08_17h26.42.153","experiment","2023.2.3","Win32",60.60606061,"665dd746f5ea0c66ebd85edb","672ddd4f09d6fb6d26d998b2","672e49312ba62b1363744c47","",,,"",,,"",,,"",,,"",,,"",,,"",,,,,"",,,"",,,,"",,,"","","",,,"","",,,,,,"","","",,,,,,,,,"",,,"",,,"",,,"","","",,"","",,,,,,,,,,,,"",,,,,,,"","",,,,,"",,,"",,,"",,,"",,,,"",,,"","","",,,"","",,,,,"","","",,,,,,,,,"",,,,,"",,,"",,,"",,,"",,,"",,,64.84375,3.3045,58.59375,4.7947,"space",4.5269,,"orange_gnome","yellow_gnome",0,22,22,27,1,6,7,"",,,,,,,"",,,"","","",,,,,,,,"",,,,,,,,,,,,
"","","",,"","","","","","","",,"","","","","","","",,"","","","","","","",,"","","","","","","",,"","","","","","","",,"","","","","","","",,"","","","","","","",,"","","","","","",88535,1,"2024-11-08_17h26.42.153","experiment","2023.2.3","Win32",60.60606061,"665dd746f5ea0c66ebd85edb","672ddd4f09d6fb6d26d998b2","672e49312ba62b1363744c47","",,,"",,,"",,,"",,,"",,,"",,,"",,,,,"",,,"",,,,"",,,"","","",,,"","",,,,,,"","","",,,,,,,,,"",,,"",,,"",,,"","","",,"","",,,,,,,,,,,,"",,,,,,,"","",,,,,"",,,"",,,"",,,"",,,,"",,,"","","",,,"","",,,,,"","","",,,,,,,,,"",,,,,"",,,"",,,"",,,"",,,"",,,54.94791667,2.2002,56.11979167,3.715,"space",3.4101,,"purple_gnome","pink_gnome",0,23,23,7,1,1,2,"",,,,,,,"",,,"","","",,,,,,,,"",,,,,,,,,,,,
"","","",,"","","","","","","",,"","","","","","","",,"","","","","","","",,"","","","","","","",,"","","","","","","",,"","","","","","","",,"","","","","","","",,"","","","","","",88535,1,"2024-11-08_17h26.42.153","experiment","2023.2.3","Win32",60.60606061,"665dd746f5ea0c66ebd85edb","672ddd4f09d6fb6d26d998b2","672e49312ba62b1363744c47","",,,"",,,"",,,"",,,"",,,"",,,"",,,,,"",,,"",,,,"",,,"","","",,,"","",,,,,,"","","",,,,,,,,,"",,,"",,,"",,,"","","",,"","",,,,,,,,,,,,"",,,,,,,"","",,,,,"",,,"",,,"",,,"",,,,"",,,"","","",,,"","",,,,,"","","",,,,,,,,,"",,,,,"",,,"",,,"",,,"",,,"",,,35.80729167,2.8516,58.46354167,4.9806,"space",4.6785,,"brown_gnome","green_gnome",0,24,24,3,1,0,4,"",,,,,,,"",,,"","","",,,,,,,,"",,,,,,,,,,,,
"","","",,"","","","","","","",,"","","","","","","",,"","","","","","","",,"","","","","","","",,"","","","","","","",,"","","","","","","",,"","","","","","","",,"","","","","","",88535,1,"2024-11-08_17h26.42.153","experiment","2023.2.3","Win32",60.60606061,"665dd746f5ea0c66ebd85edb","672ddd4f09d6fb6d26d998b2","672e49312ba62b1363744c47","",,,"",,,"",,,"",,,"",,,"",,,"",,,,,"",,,"",,,,"",,,"","","",,,"","",,,,,,"","","",,,,,,,,,"",,,"",,,"",,,"","","",,"","",,,,,,,,,,,,"",,,,,,,"","",,,,,"",,,"",,,"",,,"",,,,"",,,"","","",,,"","",,,,,"","","",,,,,,,,,"",,,,,"",,,"",,,"",,,"",,,"",,,39.97395833,3.1076,58.33333333,4.7066,"space",4.6792,,"orange_gnome","red_gnome",0,25,25,26,1,5,7,"",,,,,,,"",,,"","","",,,,,,,,"",,,,,,,,,,,,
"","","",,"","","","","","","",,"","","","","","","",,"","","","","","","",,"","","","","","","",,"","","","","","","",,"","","","","","","",,"","","","","","","",,"","","","","","",88535,1,"2024-11-08_17h26.42.153","experiment","2023.2.3","Win32",60.60606061,"665dd746f5ea0c66ebd85edb","672ddd4f09d6fb6d26d998b2","672e49312ba62b1363744c47","",,,"",,,"",,,"",,,"",,,"",,,"",,,,,"",,,"",,,,"",,,"","","",,,"","",,,,,,"","","",,,,,,,,,"",,,"",,,"",,,"","","",,"","",,,,,,,,,,,,"",,,,,,,"","",,,,,"",,,"",,,"",,,"",,,,"",,,"","","",,,"","",,,,,"","","",,,,,,,,,"",,,,,"",,,"",,,"",,,"",,,"",,,37.890625,3.4883,51.953125,5.8195,"space",5.4965,,"blue_gnome","purple_gnome",0,26,26,8,1,1,3,"",,,,,,,"",,,"","","",,,,,,,,"",,,,,,,,,,,,
"","","",,"","","","","","","",,"","","","","","","",,"","","","","","","",,"","","","","","","",,"","","","","","","",,"","","","","","","",,"","","","","","","",,"","","","","","",88535,1,"2024-11-08_17h26.42.153","experiment","2023.2.3","Win32",60.60606061,"665dd746f5ea0c66ebd85edb","672ddd4f09d6fb6d26d998b2","672e49312ba62b1363744c47","",,,"",,,"",,,"",,,"",,,"",,,"",,,,,"",,,"",,,,"",,,"","","",,,"","",,,,,,"","","",,,,,,,,,"",,,"",,,"",,,"","","",,"","",,,,,,,,,,,,"",,,,,,,"","",,,,,"",,,"",,,"",,,"",,,,"",,,"","","",,,"","",,,,,"","","",,,,,,,,,"",,,,,"",,,"",,,"",,,"",,,"",,,41.27604167,3.9252,55.59895833,6.0709,"space",6.2046,,"blue_gnome","red_gnome",0,27,27,19,1,3,5,"",,,,,,,"",,,"","","",,,,,,,,"",,,,,,,,,,,,
"","","",,"","","","","","","",,"","","","","","","",,"","","","","","","",,"","","","","","","",,"","","","","","","",,"","","","","","","",,"","","","","","","",,"","","","","","",88535,1,"2024-11-08_17h26.42.153","experiment","2023.2.3","Win32",60.60606061,"665dd746f5ea0c66ebd85edb","672ddd4f09d6fb6d26d998b2","672e49312ba62b1363744c47","",,,"",,,"",,,"",,,"",,,"",,,"",,,,,"",,,"",,,,"",,,"","","",,,"","",,,,,,"","","",,,,,,,,,"",,,"",,,"",,,"","","",,"","",,,,,,,,,,,,"",,,,,,,"","",,,,,"",,,"",,,"",,,"",,,,"",,,"","","",,,"","",,,,,"","","",,,,,,,,,"",,,,,"",,,"",,,"",,,"",,,"",,,,,,,"",,,"","",,,,,,,,"space",16.0924,,54.55729167,9.602,41.40625,11.8158,"space",11.5298,,"green_gnome","dark_forest","red_basket",0,0,0,9,1,4,1,"",,,,,,,,,,,,
"","","",,"","","","","","","",,"","","","","","","",,"","","","","","","",,"","","","","","","",,"","","","","","","",,"","","","","","","",,"","","","","","","",,"","","","","","",88535,1,"2024-11-08_17h26.42.153","experiment","2023.2.3","Win32",60.60606061,"665dd746f5ea0c66ebd85edb","672ddd4f09d6fb6d26d998b2","672e49312ba62b1363744c47","",,,"",,,"",,,"",,,"",,,"",,,"",,,,,"",,,"",,,,"",,,"","","",,,"","",,,,,,"","","",,,,,,,,,"",,,"",,,"",,,"","","",,"","",,,,,,,,,,,,"",,,,,,,"","",,,,,"",,,"",,,"",,,"",,,,"",,,"","","",,,"","",,,,,"","","",,,,,,,,,"",,,,,"",,,"",,,"",,,"",,,"",,,,,,,"",,,"","",,,,,,,,"",,,42.31770833,2.5306,53.25520833,5.731,"space",5.3596,,"purple_gnome","bright_forest","yellow_basket",0,1,1,2,1,1,0,"",,,,,,,,,,,,
"","","",,"","","","","","","",,"","","","","","","",,"","","","","","","",,"","","","","","","",,"","","","","","","",,"","","","","","","",,"","","","","","","",,"","","","","","",88535,1,"2024-11-08_17h26.42.153","experiment","2023.2.3","Win32",60.60606061,"665dd746f5ea0c66ebd85edb","672ddd4f09d6fb6d26d998b2","672e49312ba62b1363744c47","",,,"",,,"",,,"",,,"",,,"",,,"",,,,,"",,,"",,,,"",,,"","","",,,"","",,,,,,"","","",,,,,,,,,"",,,"",,,"",,,"","","",,"","",,,,,,,,,,,,"",,,,,,,"","",,,,,"",,,"",,,"",,,"",,,,"",,,"","","",,,"","",,,,,"","","",,,,,,,,,"",,,,,"",,,"",,,"",,,"",,,"",,,,,,,"",,,"","",,,,,,,,"",,,47.78645833,4.0479,47.13541667,5.7209,"space",5.3479,,"pink_gnome","bright_forest","yellow_basket",0,2,2,4,1,2,0,"",,,,,,,,,,,,
"","","",,"","","","","","","",,"","","","","","","",,"","","","","","","",,"","","","","","","",,"","","","","","","",,"","","","","","","",,"","","","","","","",,"","","","","","",88535,1,"2024-11-08_17h26.42.153","experiment","2023.2.3","Win32",60.60606061,"665dd746f5ea0c66ebd85edb","672ddd4f09d6fb6d26d998b2","672e49312ba62b1363744c47","",,,"",,,"",,,"",,,"",,,"",,,"",,,,,"",,,"",,,,"",,,"","","",,,"","",,,,,,"","","",,,,,,,,,"",,,"",,,"",,,"","","",,"","",,,,,,,,,,,,"",,,,,,,"","",,,,,"",,,"",,,"",,,"",,,,"",,,"","","",,,"","",,,,,"","","",,,,,,,,,"",,,,,"",,,"",,,"",,,"",,,"",,,,,,,"",,,"","",,,,,,,,"",,,54.03645833,2.8739,52.21354167,4.8717,"space",4.5062,,"blue_gnome","bright_forest","yellow_basket",0,3,3,6,1,3,0,"",,,,,,,,,,,,
"","","",,"","","","","","","",,"","","","","","","",,"","","","","","","",,"","","","","","","",,"","","","","","","",,"","","","","","","",,"","","","","","","",,"","","","","","",88535,1,"2024-11-08_17h26.42.153","experiment","2023.2.3","Win32",60.60606061,"665dd746f5ea0c66ebd85edb","672ddd4f09d6fb6d26d998b2","672e49312ba62b1363744c47","",,,"",,,"",,,"",,,"",,,"",,,"",,,,,"",,,"",,,,"",,,"","","",,,"","",,,,,,"","","",,,,,,,,,"",,,"",,,"",,,"","","",,"","",,,,,,,,,,,,"",,,,,,,"","",,,,,"",,,"",,,"",,,"",,,,"",,,"","","",,,"","",,,,,"","","",,,,,,,,,"",,,,,"",,,"",,,"",,,"",,,"",,,,,,,"",,,"","",,,,,,,,"",,,56.90104167,2.798,55.98958333,4.3529,"space",3.9339,,"red_gnome","dark_forest","red_basket",0,4,4,11,1,5,1,"",,,,,,,,,,,,
"","","",,"","","","","","","",,"","","","","","","",,"","","","","","","",,"","","","","","","",,"","","","","","","",,"","","","","","","",,"","","","","","","",,"","","","","","",88535,1,"2024-11-08_17h26.42.153","experiment","2023.2.3","Win32",60.60606061,"665dd746f5ea0c66ebd85edb","672ddd4f09d6fb6d26d998b2","672e49312ba62b1363744c47","",,,"",,,"",,,"",,,"",,,"",,,"",,,,,"",,,"",,,,"",,,"","","",,,"","",,,,,,"","","",,,,,,,,,"",,,"",,,"",,,"","","",,"","",,,,,,,,,,,,"",,,,,,,"","",,,,,"",,,"",,,"",,,"",,,,"",,,"","","",,,"","",,,,,"","","",,,,,,,,,"",,,,,"",,,"",,,"",,,"",,,"",,,,,,,"",,,"","",,,,,,,,"",,,59.24479167,2.6084,51.953125,3.991,"space",4.0002,,"red_gnome","bright_forest","yellow_basket",0,5,5,10,1,5,0,"",,,,,,,,,,,,
"","","",,"","","","","","","",,"","","","","","","",,"","","","","","","",,"","","","","","","",,"","","","","","","",,"","","","","","","",,"","","","","","","",,"","","","","","",88535,1,"2024-11-08_17h26.42.153","experiment","2023.2.3","Win32",60.60606061,"665dd746f5ea0c66ebd85edb","672ddd4f09d6fb6d26d998b2","672e49312ba62b1363744c47","",,,"",,,"",,,"",,,"",,,"",,,"",,,,,"",,,"",,,,"",,,"","","",,,"","",,,,,,"","","",,,,,,,,,"",,,"",,,"",,,"","","",,"","",,,,,,,,,,,,"",,,,,,,"","",,,,,"",,,"",,,"",,,"",,,,"",,,"","","",,,"","",,,,,"","","",,,,,,,,,"",,,,,"",,,"",,,"",,,"",,,"",,,,,,,"",,,"","",,,,,,,,"",,,55.078125,2.4386,47.265625,3.6694,"space",3.4793,,"green_gnome","bright_forest","yellow_basket",0,6,6,8,1,4,0,"",,,,,,,,,,,,
"","","",,"","","","","","","",,"","","","","","","",,"","","","","","","",,"","","","","","","",,"","","","","","","",,"","","","","","","",,"","","","","","","",,"","","","","","",88535,1,"2024-11-08_17h26.42.153","experiment","2023.2.3","Win32",60.60606061,"665dd746f5ea0c66ebd85edb","672ddd4f09d6fb6d26d998b2","672e49312ba62b1363744c47","",,,"",,,"",,,"",,,"",,,"",,,"",,,,,"",,,"",,,,"",,,"","","",,,"","",,,,,,"","","",,,,,,,,,"",,,"",,,"",,,"","","",,"","",,,,,,,,,,,,"",,,,,,,"","",,,,,"",,,"",,,"",,,"",,,,"",,,"","","",,,"","",,,,,"","","",,,,,,,,,"",,,,,"",,,"",,,"",,,"",,,"",,,,,,,"",,,"","",,,,,,,,"",,,54.03645833,2.9404,55.33854167,4.3728,"space",4.1749,,"orange_gnome","bright_forest","yellow_basket",0,7,7,14,1,7,0,"",,,,,,,,,,,,
"","","",,"","","","","","","",,"","","","","","","",,"","","","","","","",,"","","","","","","",,"","","","","","","",,"","","","","","","",,"","","","","","","",,"","","","","","",88535,1,"2024-11-08_17h26.42.153","experiment","2023.2.3","Win32",60.60606061,"665dd746f5ea0c66ebd85edb","672ddd4f09d6fb6d26d998b2","672e49312ba62b1363744c47","",,,"",,,"",,,"",,,"",,,"",,,"",,,,,"",,,"",,,,"",,,"","","",,,"","",,,,,,"","","",,,,,,,,,"",,,"",,,"",,,"","","",,"","",,,,,,,,,,,,"",,,,,,,"","",,,,,"",,,"",,,"",,,"",,,,"",,,"","","",,,"","",,,,,"","","",,,,,,,,,"",,,,,"",,,"",,,"",,,"",,,"",,,,,,,"",,,"","",,,,,,,,"",,,54.55729167,2.4717,65.88541667,5.067,"space",4.8317,,"yellow_gnome","bright_forest","yellow_basket",0,8,8,12,1,6,0,"",,,,,,,,,,,,
"","","",,"","","","","","","",,"","","","","","","",,"","","","","","","",,"","","","","","","",,"","","","","","","",,"","","","","","","",,"","","","","","","",,"","","","","","",88535,1,"2024-11-08_17h26.42.153","experiment","2023.2.3","Win32",60.60606061,"665dd746f5ea0c66ebd85edb","672ddd4f09d6fb6d26d998b2","672e49312ba62b1363744c47","",,,"",,,"",,,"",,,"",,,"",,,"",,,,,"",,,"",,,,"",,,"","","",,,"","",,,,,,"","","",,,,,,,,,"",,,"",,,"",,,"","","",,"","",,,,,,,,,,,,"",,,,,,,"","",,,,,"",,,"",,,"",,,"",,,,"",,,"","","",,,"","",,,,,"","","",,,,,,,,,"",,,,,"",,,"",,,"",,,"",,,"",,,,,,,"",,,"","",,,,,,,,"",,,44.921875,4.788,52.34375,6.5361,"space",6.452,,"orange_gnome","dark_forest","red_basket",0,9,9,15,1,7,1,"",,,,,,,,,,,,
"","","",,"","","","","","","",,"","","","","","","",,"","","","","","","",,"","","","","","","",,"","","","","","","",,"","","","","","","",,"","","","","","","",,"","","","","","",88535,1,"2024-11-08_17h26.42.153","experiment","2023.2.3","Win32",60.60606061,"665dd746f5ea0c66ebd85edb","672ddd4f09d6fb6d26d998b2","672e49312ba62b1363744c47","",,,"",,,"",,,"",,,"",,,"",,,"",,,,,"",,,"",,,,"",,,"","","",,,"","",,,,,,"","","",,,,,,,,,"",,,"",,,"",,,"","","",,"","",,,,,,,,,,,,"",,,,,,,"","",,,,,"",,,"",,,"",,,"",,,,"",,,"","","",,,"","",,,,,"","","",,,,,,,,,"",,,,,"",,,"",,,"",,,"",,,"",,,,,,,"",,,"","",,,,,,,,"",,,55.72916667,4.2313,48.17708333,6.9259,"space",6.5982,,"brown_gnome","bright_forest","yellow_basket",0,10,10,0,1,0,0,"",,,,,,,,,,,,
"","","",,"","","","","","","",,"","","","","","","",,"","","","","","","",,"","","","","","","",,"","","","","","","",,"","","","","","","",,"","","","","","","",,"","","","","","",88535,1,"2024-11-08_17h26.42.153","experiment","2023.2.3","Win32",60.60606061,"665dd746f5ea0c66ebd85edb","672ddd4f09d6fb6d26d998b2","672e49312ba62b1363744c47","",,,"",,,"",,,"",,,"",,,"",,,"",,,,,"",,,"",,,,"",,,"","","",,,"","",,,,,,"","","",,,,,,,,,"",,,"",,,"",,,"","","",,"","",,,,,,,,,,,,"",,,,,,,"","",,,,,"",,,"",,,"",,,"",,,,"",,,"","","",,,"","",,,,,"","","",,,,,,,,,"",,,,,"",,,"",,,"",,,"",,,"",,,,,,,"",,,"","",,,,,,,,"",,,58.59375,2.8558,67.70833333,4.4692,"space",4.2008,,"pink_gnome","dark_forest","red_basket",0,11,11,5,1,2,1,"",,,,,,,,,,,,
"","","",,"","","","","","","",,"","","","","","","",,"","","","","","","",,"","","","","","","",,"","","","","","","",,"","","","","","","",,"","","","","","","",,"","","","","","",88535,1,"2024-11-08_17h26.42.153","experiment","2023.2.3","Win32",60.60606061,"665dd746f5ea0c66ebd85edb","672ddd4f09d6fb6d26d998b2","672e49312ba62b1363744c47","",,,"",,,"",,,"",,,"",,,"",,,"",,,,,"",,,"",,,,"",,,"","","",,,"","",,,,,,"","","",,,,,,,,,"",,,"",,,"",,,"","","",,"","",,,,,,,,,,,,"",,,,,,,"","",,,,,"",,,"",,,"",,,"",,,,"",,,"","","",,,"","",,,,,"","","",,,,,,,,,"",,,,,"",,,"",,,"",,,"",,,"",,,,,,,"",,,"","",,,,,,,,"",,,39.19270833,2.6047,44.53125,4.2353,"space",3.8478,,"yellow_gnome","dark_forest","red_basket",0,12,12,13,1,6,1,"",,,,,,,,,,,,
"","","",,"","","","","","","",,"","","","","","","",,"","","","","","","",,"","","","","","","",,"","","","","","","",,"","","","","","","",,"","","","","","","",,"","","","","","",88535,1,"2024-11-08_17h26.42.153","experiment","2023.2.3","Win32",60.60606061,"665dd746f5ea0c66ebd85edb","672ddd4f09d6fb6d26d998b2","672e49312ba62b1363744c47","",,,"",,,"",,,"",,,"",,,"",,,"",,,,,"",,,"",,,,"",,,"","","",,,"","",,,,,,"","","",,,,,,,,,"",,,"",,,"",,,"","","",,"","",,,,,,,,,,,,"",,,,,,,"","",,,,,"",,,"",,,"",,,"",,,,"",,,"","","",,,"","",,,,,"","","",,,,,,,,,"",,,,,"",,,"",,,"",,,"",,,"",,,,,,,"",,,"","",,,,,,,,"",,,59.63541667,2.698,58.984375,4.4404,"space",4.4053,,"purple_gnome","dark_forest","red_basket",0,13,13,3,1,1,1,"",,,,,,,,,,,,
"","","",,"","","","","","","",,"","","","","","","",,"","","","","","","",,"","","","","","","",,"","","","","","","",,"","","","","","","",,"","","","","","","",,"","","","","","",88535,1,"2024-11-08_17h26.42.153","experiment","2023.2.3","Win32",60.60606061,"665dd746f5ea0c66ebd85edb","672ddd4f09d6fb6d26d998b2","672e49312ba62b1363744c47","",,,"",,,"",,,"",,,"",,,"",,,"",,,,,"",,,"",,,,"",,,"","","",,,"","",,,,,,"","","",,,,,,,,,"",,,"",,,"",,,"","","",,"","",,,,,,,,,,,,"",,,,,,,"","",,,,,"",,,"",,,"",,,"",,,,"",,,"","","",,,"","",,,,,"","","",,,,,,,,,"",,,,,"",,,"",,,"",,,"",,,"",,,,,,,"",,,"","",,,,,,,,"",,,51.04166667,2.6873,50.78125,4.2846,"space",3.981,,"brown_gnome","dark_forest","red_basket",0,14,14,1,1,0,1,"",,,,,,,,,,,,
"","","",,"","","","","","","",,"","","","","","","",,"","","","","","","",,"","","","","","","",,"","","","","","","",,"","","","","","","",,"","","","","","","",,"","","","","","",88535,1,"2024-11-08_17h26.42.153","experiment","2023.2.3","Win32",60.60606061,"665dd746f5ea0c66ebd85edb","672ddd4f09d6fb6d26d998b2","672e49312ba62b1363744c47","",,,"",,,"",,,"",,,"",,,"",,,"",,,,,"",,,"",,,,"",,,"","","",,,"","",,,,,,"","","",,,,,,,,,"",,,"",,,"",,,"","","",,"","",,,,,,,,,,,,"",,,,,,,"","",,,,,"",,,"",,,"",,,"",,,,"",,,"","","",,,"","",,,,,"","","",,,,,,,,,"",,,,,"",,,"",,,"",,,"",,,"",,,,,,,"",,,"","",,,,,,,,"",,,63.80208333,2.8785,64.19270833,4.7268,"space",4.7282,,"blue_gnome","dark_forest","red_basket",0,15,15,7,1,3,1,"",,,,,,,,,,,,
"","","",,"","","","","","","",,"","","","","","","",,"","","","","","","",,"","","","","","","",,"","","","","","","",,"","","","","","","",,"","","","","","","",,"","","","","","",88535,1,"2024-11-08_17h26.42.153","experiment","2023.2.3","Win32",60.60606061,"665dd746f5ea0c66ebd85edb","672ddd4f09d6fb6d26d998b2","672e49312ba62b1363744c47","",,,"",,,"",,,"",,,"",,,"",,,"",,,,,"",,,"",,,,"",,,"","","",,,"","",,,,,,"","","",,,,,,,,,"",,,"",,,"",,,"","","",,"","",,,,,,,,,,,,"",,,,,,,"","",,,,,"",,,"",,,"",,,"",,,,"",,,"","","",,,"","",,,,,"","","",,,,,,,,,"",,,,,"",,,"",,,"",,,"",,,"",,,,,,,"",,,"","",,,,,,,,"",,,,,,,"",,,"","","",,,,,,,,"space",28.5156,,0,0,0,0,1,,,,,
"","","",,"","","","","","","",,"","","","","","","",,"","","","","","","",,"","","","","","","",,"","","","","","","",,"","","","","","","",,"","","","","","","",,"","","","","","",88535,1,"2024-11-08_17h26.42.153","experiment","2023.2.3","Win32",60.60606061,"665dd746f5ea0c66ebd85edb","672ddd4f09d6fb6d26d998b2","672e49312ba62b1363744c47","",,,"",,,"",,,"",,,"",,,"",,,"",,,,,"",,,"",,,,"",,,"","","",,,"","",,,,,,"","","",,,,,,,,,"",,,"",,,"",,,"","","",,"","",,,,,,,,,,,,"",,,,,,,"","",,,,,"",,,"",,,"",,,"",,,,"",,,"","","",,,"","",,,,,"","","",,,,,,,,,"",,,,,"",,,"",,,"",,,"",,,"",,,,,,,"",,,"","",,,,,,,,"",,,,,,,"",,,"","","",,,,,,,,"",,,,,,,,0,0,0,0,1
