version https://git-lfs.github.com/spec/v1
oid sha256:846827462ab3815721ed776459f18f5becca776db8d5f530cfe7de105160038b
size 2090
