"parent_PID","stim1_name","stim1_file","stim1_pair","stim1_deact_file","stim1_step2_name","stim1_step2_file","stim1_step2_basket_name","stim1_step2_basket_file","stim2_name","stim2_file","stim2_pair","stim2_deact_file","stim2_step2_name","stim2_step2_file","stim2_step2_basket_name","stim2_step2_basket_file","stim3_name","stim3_file","stim3_pair","stim3_deact_file","stim3_step2_name","stim3_step2_file","stim3_step2_basket_name","stim3_step2_basket_file","stim4_name","stim4_file","stim4_pair","stim4_deact_file","stim4_step2_name","stim4_step2_file","stim4_step2_basket_name","stim4_step2_basket_file","participant","session","date","expName","psychopyVersion","OS","frameRate","PROLIFIC_PID","STUDY_ID","SESSION_ID","consent_keyresp.keys","consent_keyresp.rt","consent_keyresp.duration","global_instructions1_key.keys","global_instructions1_key.rt","global_instructions1_key.duration","global_instructions2_key.keys","global_instructions2_key.rt","global_instructions2_key.duration","global_instructions3_key.keys","global_instructions3_key.rt","global_instructions3_key.duration","global_instructions4_key.keys","global_instructions4_key.rt","global_instructions4_key.duration","global_instructions5_key.keys","global_instructions5_key.rt","global_instructions5_key.duration","p_fixation_2.started","p_fixation_2.stopped","p_step1_keyresp.keys","p_step1_keyresp.rt","p_step1_keyresp.duration","p_step2_keyresp.keys","p_failStep2_keyresp.keys","p_failStep2_keyresp.rt","p_failStep2_keyresp.duration","p_step1_pair_index","p_step1_stimLeft_name","p_step1_stimLeft_pair","p_step1_stimLeft_reward","p_step1_stimLeft_step2Stim","p_step1_stimLeft_step2Basket","p_step1_stimRight_name","p_step1_stimRight_pair","p_step1_stimRight_reward","p_step1_stimRight_step2Stim","p_step1_stimRight_step2Basket","p_points","p_fail_step1","p_fail_step2","p_reward_flag","p_step1_choice","p_step2_stim","p_step2_basket","p_score","practice.thisRepN","practice.thisTrialN","practice.thisN","practice.thisIndex","practice.ran","pair_index","p_failStep1_keyresp.keys","p_failStep1_keyresp.rt","p_failStep1_keyresp.duration","p_step2_keyresp.rt","p_step2_keyresp.duration","t_instructions_keyresp.keys","t_instructions_keyresp.rt","t_instructions_keyresp.duration","t_advice_reading.started","t_advice_reading.stopped","t_advice_mouse.x","t_advice_mouse.y","t_advice_mouse.leftButton","t_advice_mouse.midButton","t_advice_mouse.rightButton","t_advice_mouse.time","t_advice_mouse.clicked_name","t_instructions_2_keyresp.keys","t_instructions_2_keyresp.rt","t_instructions_2_keyresp.duration","t_start.started","t_start.stopped","t_step1_keyresp.keys","t_step1_keyresp.rt","t_step1_keyresp.duration","t_step2_keyresp.keys","t_step1_pair_index","t_step1_stimLeft_name","t_step1_stimLeft_pair","t_step1_stimLeft_reward","t_step1_stimLeft_step2Stim","t_step1_stimLeft_step2Basket","t_step1_stimRight_name","t_step1_stimRight_pair","t_step1_stimRight_reward","t_step1_stimRight_step2Stim","t_step1_stimRight_step2Basket","t_points","t_fail_step1","t_fail_step2","t_reward_flag","t_step1_choice","t_step2_stim","t_step2_basket","globa_score","t_data_stimWalk0","t_data_stimWalk1","trials.thisRepN","trials.thisTrialN","trials.thisN","trials.thisIndex","trials.ran","t_step2_keyresp.rt","t_step2_keyresp.duration","pl_global_instructions_keyresp.keys","pl_global_instructions_keyresp.rt","pl_global_instructions_keyresp.duration","vb_instructions_keyresp.keys","vb_instructions_keyresp.rt","vb_instructions_keyresp.duration","vb_instructions_2_keyresp.keys","vb_instructions_2_keyresp.rt","vb_instructions_2_keyresp.duration","vb_textbox.text","vb_mouse.x","vb_mouse.y","vb_mouse.leftButton","vb_mouse.midButton","vb_mouse.rightButton","vb_mouse.time","vb_mouse.clicked_name","pl1_instructions1_keyresp.keys","pl1_instructions1_keyresp.rt","pl1_instructions1_keyresp.duration","pl1_instructions2_keyresp.keys","pl1_instructions2_keyresp.rt","pl1_instructions2_keyresp.duration","pl1_instructions3_keyresp.keys","pl1_instructions3_keyresp.rt","pl1_instructions3_keyresp.duration","pl1_instructions4_keyresp.keys","pl1_instructions4_keyresp.rt","pl1_instructions4_keyresp.duration","pl1_task_lickert.response","pl1_task_lickert.rt","pl1_task_confidence_lickert.response","pl1_task_confidence_lickert.rt","pl1_task_keyresp.keys","pl1_task_keyresp.rt","pl1_task_keyresp.duration","pl1_task_stimLeft","pl1_task_stimRight","pl1_loop.thisRepN","pl1_loop.thisTrialN","pl1_loop.thisN","pl1_loop.thisIndex","pl1_loop.ran","stimLeft_index","stimRight_index","pl2_instructions_keyresp.keys","pl2_instructions_keyresp.rt","pl2_instructions_keyresp.duration","pl2_task_lickert.response","pl2_task_lickert.rt","pl2_task_confidence_lickert.response","pl2_task_confidence_lickert.rt","pl2_task_keyresp.keys","pl2_task_keyresp.rt","pl2_task_keyresp.duration","pl2_task_gnome","pl2_task_forest","pl2_task_basket","pl2_loop.thisRepN","pl2_loop.thisTrialN","pl2_loop.thisN","pl2_loop.thisIndex","pl2_loop.ran","gnome_id","forest_id","pl3_instructions_keyresp.keys","pl3_instructions_keyresp.rt","pl3_instructions_keyresp.duration","pl3_task_lickert.response","pl3_task_lickert.rt","pl3_task_keyresp.keys","pl3_task_keyresp.rt","pl3_task_keyresp.duration","pl3_task_confidence_lickert.response","pl3_task_confidence_lickert.rt","pl3_task_stimLeftBg","pl3_task_stimRightBg","pl3_task_stimLeft","pl3_task_stimRight","pl3_loop.thisRepN","pl3_loop.thisTrialN","pl3_loop.thisN","pl3_loop.thisIndex","pl3_loop.ran","pl4_instructions_keyresp.keys","pl4_instructions_keyresp.rt","pl4_instructions_keyresp.duration","pl4_task_lickert.response","pl4_task_lickert.rt","pl4_task_keyresp.keys","pl4_task_keyresp.rt","pl4_task_keyresp.duration","pl4_task_confidence_lickert.response","pl4_task_confidence_lickert.rt","pl4_task_stimLeft","pl4_task_stimRight","pl4_loop.thisRepN","pl4_loop.thisTrialN","pl4_loop.thisN","pl4_loop.thisIndex","pl4_loop.ran","end_keyresp.keys","end_keyresp.rt","end_keyresp.duration","show_trials.thisRepN","show_trials.thisTrialN","show_trials.thisN","show_trials.thisIndex","show_trials.ran"
"5c509355b65d46000189ada6","brown_gnomes","ressources/step1_stim1.png",1,"ressources/step1_stim1_deact.png","dark_forest","ressources/step2_background2.png","red_basket","ressources/step2_stim2.png","purple_gnome","ressources/step1_stim2.png",1,"ressources/step1_stim2_deact.png","bright_forest","ressources/step2_background1.png","yellow_basket","ressources/step2_stim1.png","red_gnome","ressources/step1_stim3.png",2,"ressources/step1_stim3_deact.png","dark_forest","ressources/step2_background2.png","red_basket","ressources/step2_stim2.png","green_gnome","ressources/step1_stim4.png",2,"ressources/step1_stim4_deact.png","bright_forest","ressources/step2_background1.png","yellow_basket","ressources/step2_stim1.png",699060,1,"2024-02-22_16h18.37.418","experiment","2023.2.3","Linux x86_64",59.88023952,"640ddabdcf41c28cc4a9ec2e","65d6198c9820d372ff6c9d7f","65d773b5444cff52c32152ba","",,,"",,,"",,,"",,,"",,,"",,,,,"",,,"","",,,,"",,,"","","",,,"","",,,,,"","","",,,,,,,,"",,,,,"",,,,,,,,,,,"","",,,,,"",,,"",,"",,,"","","",,,"","",,,,,"","","",,,,,,,,,,,"",,,"",,,"",,,"",,,,,,,"","",,,"",,,"",,,"",,,,,,,"",,,"","",,,,,,,,"",,,,,,,"",,,"","","",,,,,,,,"",,,,,"",,,,,"","","","",,,,,,"",,,,,"",,,,,"","",,,,,,"",,,,,,,
"","","",,"","","","","","","",,"","","","","","","",,"","","","","","","",,"","","","","",699060,1,"2024-02-22_16h18.37.418","experiment","2023.2.3","Linux x86_64",59.88023952,"640ddabdcf41c28cc4a9ec2e","65d6198c9820d372ff6c9d7f","65d773b5444cff52c32152ba","y",10.0214,,"",,,"",,,"",,,"",,,"",,,,,"",,,"","",,,,"",,,"","","",,,"","",,,,,"","","",,,,,,,,"",,,,,"",,,,,,,,,,,"","",,,,,"",,,"",,"",,,"","","",,,"","",,,,,"","","",,,,,,,,,,,"",,,"",,,"",,,"",,,,,,,"","",,,"",,,"",,,"",,,,,,,"",,,"","",,,,,,,,"",,,,,,,"",,,"","","",,,,,,,,"",,,,,"",,,,,"","","","",,,,,,"",,,,,"",,,,,"","",,,,,,"",,,,,,,
"","","",,"","","","","","","",,"","","","","","","",,"","","","","","","",,"","","","","",699060,1,"2024-02-22_16h18.37.418","experiment","2023.2.3","Linux x86_64",59.88023952,"640ddabdcf41c28cc4a9ec2e","65d6198c9820d372ff6c9d7f","65d773b5444cff52c32152ba","",,,"space",5.7812,,"space",13.5776,,"space",16.9666,,"space",79.0419,,"space",14.4349,,141.4166,141.9333,"s",0.9979,,"","space",0.5532,,1,"p_orange_gnome",1,0,"p_green_forest","p_green_basket","p_blue_gnome",1,5,"p_yellow_forest","p_blue_basket",0,0,1,0,"p_orange_gnome","p_green_forest","p_green_basket",0,0,0,0,0,1,1,"",,,,,"",,,,,,,,,,,"","",,,,,"",,,"",,"",,,"","","",,,"","",,,,,"","","",,,,,,,,,,,"",,,"",,,"",,,"",,,,,,,"","",,,"",,,"",,,"",,,,,,,"",,,"","",,,,,,,,"",,,,,,,"",,,"","","",,,,,,,,"",,,,,"",,,,,"","","","",,,,,,"",,,,,"",,,,,"","",,,,,,"",,,,,,,
"","","",,"","","","","","","",,"","","","","","","",,"","","","","","","",,"","","","","",699060,1,"2024-02-22_16h18.37.418","experiment","2023.2.3","Linux x86_64",59.88023952,"640ddabdcf41c28cc4a9ec2e","65d6198c9820d372ff6c9d7f","65d773b5444cff52c32152ba","",,,"",,,"",,,"",,,"",,,"",,,145.5375,146.0443,"",,,"","",,,1,"p_orange_gnome",1,0,"p_green_forest","p_green_basket","p_blue_gnome",1,5,"p_yellow_forest","p_blue_basket",0,1,0,0,"p_orange_gnome","p_green_forest","p_green_basket",0,0,1,1,0,1,1,"space",0.7428,,,,"",,,,,,,,,,,"","",,,,,"",,,"",,"",,,"","","",,,"","",,,,,"","","",,,,,,,,,,,"",,,"",,,"",,,"",,,,,,,"","",,,"",,,"",,,"",,,,,,,"",,,"","",,,,,,,,"",,,,,,,"",,,"","","",,,,,,,,"",,,,,"",,,,,"","","","",,,,,,"",,,,,"",,,,,"","",,,,,,"",,,,,,,
"","","",,"","","","","","","",,"","","","","","","",,"","","","","","","",,"","","","","",699060,1,"2024-02-22_16h18.37.418","experiment","2023.2.3","Linux x86_64",59.88023952,"640ddabdcf41c28cc4a9ec2e","65d6198c9820d372ff6c9d7f","65d773b5444cff52c32152ba","",,,"",,,"",,,"",,,"",,,"",,,148.3286,148.8349,"s",0.6981,,"space","",,,2,"p_green_gnome",2,6,"p_yellow_forest","p_blue_basket","p_pink_gnome",2,1,"p_green_forest","p_green_basket",6,0,0,1,"p_green_gnome","p_yellow_forest","p_blue_basket",6,1,0,2,1,1,2,"",,,0.519,,"",,,,,,,,,,,"","",,,,,"",,,"",,"",,,"","","",,,"","",,,,,"","","",,,,,,,,,,,"",,,"",,,"",,,"",,,,,,,"","",,,"",,,"",,,"",,,,,,,"",,,"","",,,,,,,,"",,,,,,,"",,,"","","",,,,,,,,"",,,,,"",,,,,"","","","",,,,,,"",,,,,"",,,,,"","",,,,,,"",,,,,,,
"","","",,"","","","","","","",,"","","","","","","",,"","","","","","","",,"","","","","",699060,1,"2024-02-22_16h18.37.418","experiment","2023.2.3","Linux x86_64",59.88023952,"640ddabdcf41c28cc4a9ec2e","65d6198c9820d372ff6c9d7f","65d773b5444cff52c32152ba","",,,"",,,"",,,"",,,"",,,"",,,153.8604,154.3674,"k",0.6227,,"space","",,,2,"p_pink_gnome",2,1,"p_green_forest","p_green_basket","p_green_gnome",2,6,"p_yellow_forest","p_blue_basket",6,0,0,1,"p_green_gnome","p_yellow_forest","p_blue_basket",12,1,1,3,1,1,2,"",,,0.7237,,"",,,,,,,,,,,"","",,,,,"",,,"",,"",,,"","","",,,"","",,,,,"","","",,,,,,,,,,,"",,,"",,,"",,,"",,,,,,,"","",,,"",,,"",,,"",,,,,,,"",,,"","",,,,,,,,"",,,,,,,"",,,"","","",,,,,,,,"",,,,,"",,,,,"","","","",,,,,,"",,,,,"",,,,,"","",,,,,,"",,,,,,,
"","","",,"","","","","","","",,"","","","","","","",,"","","","","","","",,"","","","","",699060,1,"2024-02-22_16h18.37.418","experiment","2023.2.3","Linux x86_64",59.88023952,"640ddabdcf41c28cc4a9ec2e","65d6198c9820d372ff6c9d7f","65d773b5444cff52c32152ba","",,,"",,,"",,,"",,,"",,,"",,,159.3923,159.8996,"s",0.5391,,"space","",,,1,"p_orange_gnome",1,2,"p_green_forest","p_green_basket","p_blue_gnome",1,7,"p_yellow_forest","p_blue_basket",2,0,0,1,"p_orange_gnome","p_green_forest","p_green_basket",14,2,0,4,0,1,1,"",,,0.8779,,"",,,,,,,,,,,"","",,,,,"",,,"",,"",,,"","","",,,"","",,,,,"","","",,,,,,,,,,,"",,,"",,,"",,,"",,,,,,,"","",,,"",,,"",,,"",,,,,,,"",,,"","",,,,,,,,"",,,,,,,"",,,"","","",,,,,,,,"",,,,,"",,,,,"","","","",,,,,,"",,,,,"",,,,,"","",,,,,,"",,,,,,,
"","","",,"","","","","","","",,"","","","","","","",,"","","","","","","",,"","","","","",699060,1,"2024-02-22_16h18.37.418","experiment","2023.2.3","Linux x86_64",59.88023952,"640ddabdcf41c28cc4a9ec2e","65d6198c9820d372ff6c9d7f","65d773b5444cff52c32152ba","",,,"",,,"",,,"",,,"",,,"",,,164.9431,165.448,"k",0.608,,"space","",,,2,"p_green_gnome",2,7,"p_yellow_forest","p_blue_basket","p_pink_gnome",2,2,"p_green_forest","p_green_basket",2,0,0,1,"p_pink_gnome","p_green_forest","p_green_basket",16,2,1,5,1,1,2,"",,,0.9125,,"",,,,,,,,,,,"","",,,,,"",,,"",,"",,,"","","",,,"","",,,,,"","","",,,,,,,,,,,"",,,"",,,"",,,"",,,,,,,"","",,,"",,,"",,,"",,,,,,,"",,,"","",,,,,,,,"",,,,,,,"",,,"","","",,,,,,,,"",,,,,"",,,,,"","","","",,,,,,"",,,,,"",,,,,"","",,,,,,"",,,,,,,
"","","",,"","","","","","","",,"","","","","","","",,"","","","","","","",,"","","","","",699060,1,"2024-02-22_16h18.37.418","experiment","2023.2.3","Linux x86_64",59.88023952,"640ddabdcf41c28cc4a9ec2e","65d6198c9820d372ff6c9d7f","65d773b5444cff52c32152ba","",,,"",,,"",,,"",,,"",,,"",,,170.4742,170.9796,"k",0.4908,,"space","",,,2,"p_green_gnome",2,8,"p_yellow_forest","p_blue_basket","p_pink_gnome",2,3,"p_green_forest","p_green_basket",3,0,0,1,"p_pink_gnome","p_green_forest","p_green_basket",19,3,0,6,1,1,2,"",,,0.739,,"",,,,,,,,,,,"","",,,,,"",,,"",,"",,,"","","",,,"","",,,,,"","","",,,,,,,,,,,"",,,"",,,"",,,"",,,,,,,"","",,,"",,,"",,,"",,,,,,,"",,,"","",,,,,,,,"",,,,,,,"",,,"","","",,,,,,,,"",,,,,"",,,,,"","","","",,,,,,"",,,,,"",,,,,"","",,,,,,"",,,,,,,
"","","",,"","","","","","","",,"","","","","","","",,"","","","","","","",,"","","","","",699060,1,"2024-02-22_16h18.37.418","experiment","2023.2.3","Linux x86_64",59.88023952,"640ddabdcf41c28cc4a9ec2e","65d6198c9820d372ff6c9d7f","65d773b5444cff52c32152ba","",,,"",,,"",,,"",,,"",,,"",,,176.0241,176.5284,"",,,"","",,,1,"p_orange_gnome",1,3,"p_green_forest","p_green_basket","p_blue_gnome",1,8,"p_yellow_forest","p_blue_basket",0,1,0,0,"p_pink_gnome","p_green_forest","p_green_basket",19,3,1,7,0,1,1,"space",1.1829,,,,"",,,,,,,,,,,"","",,,,,"",,,"",,"",,,"","","",,,"","",,,,,"","","",,,,,,,,,,,"",,,"",,,"",,,"",,,,,,,"","",,,"",,,"",,,"",,,,,,,"",,,"","",,,,,,,,"",,,,,,,"",,,"","","",,,,,,,,"",,,,,"",,,,,"","","","",,,,,,"",,,,,"",,,,,"","",,,,,,"",,,,,,,
"","","",,"","","","","","","",,"","","","","","","",,"","","","","","","",,"","","","","",699060,1,"2024-02-22_16h18.37.418","experiment","2023.2.3","Linux x86_64",59.88023952,"640ddabdcf41c28cc4a9ec2e","65d6198c9820d372ff6c9d7f","65d773b5444cff52c32152ba","",,,"",,,"",,,"",,,"",,,"",,,179.2479,179.7542,"s",0.0861,,"","space",1.5308,,1,"p_orange_gnome",1,4,"p_green_forest","p_green_basket","p_blue_gnome",1,9,"p_yellow_forest","p_blue_basket",0,0,1,0,"p_orange_gnome","p_green_forest","p_green_basket",19,4,0,8,0,1,1,"",,,,,"",,,,,,,,,,,"","",,,,,"",,,"",,"",,,"","","",,,"","",,,,,"","","",,,,,,,,,,,"",,,"",,,"",,,"",,,,,,,"","",,,"",,,"",,,"",,,,,,,"",,,"","",,,,,,,,"",,,,,,,"",,,"","","",,,,,,,,"",,,,,"",,,,,"","","","",,,,,,"",,,,,"",,,,,"","",,,,,,"",,,,,,,
"","","",,"","","","","","","",,"","","","","","","",,"","","","","","","",,"","","","","",699060,1,"2024-02-22_16h18.37.418","experiment","2023.2.3","Linux x86_64",59.88023952,"640ddabdcf41c28cc4a9ec2e","65d6198c9820d372ff6c9d7f","65d773b5444cff52c32152ba","",,,"",,,"",,,"",,,"",,,"",,,184.3104,184.8179,"s",0.6647,,"","space",0.3438,,2,"p_green_gnome",2,9,"p_yellow_forest","p_blue_basket","p_pink_gnome",2,4,"p_green_forest","p_green_basket",0,0,1,0,"p_green_gnome","p_yellow_forest","p_blue_basket",19,4,1,9,1,1,2,"",,,,,"",,,,,,,,,,,"","",,,,,"",,,"",,"",,,"","","",,,"","",,,,,"","","",,,,,,,,,,,"",,,"",,,"",,,"",,,,,,,"","",,,"",,,"",,,"",,,,,,,"",,,"","",,,,,,,,"",,,,,,,"",,,"","","",,,,,,,,"",,,,,"",,,,,"","","","",,,,,,"",,,,,"",,,,,"","",,,,,,"",,,,,,,
"","","",,"","","","","","","",,"","","","","","","",,"","","","","","","",,"","","","","",699060,1,"2024-02-22_16h18.37.418","experiment","2023.2.3","Linux x86_64",59.88023952,"640ddabdcf41c28cc4a9ec2e","65d6198c9820d372ff6c9d7f","65d773b5444cff52c32152ba","",,,"",,,"",,,"",,,"",,,"",,,,,"",,,"","",,,,"",,,"","","",,,"","",,,,,"","","",,,,,,,1,"",,,,,"space",15.4988,,203.7558,230.5656,0.665364583,-0.305989583,1,0,0,26.7876,"t_advice_finished_typing_rect","space",10.2381,,242.311,242.3113,"s",0.5886,,"",1,"purple_gnome",1,2,"bright_forest","yellow_basket","brown_gnomes",1,6,"dark_forest","red_basket",0,0,1,0,"purple_gnome","bright_forest","yellow_basket",0,1,2,0,0,0,0,1,,,"",,,"",,,"",,,"",,,,,,,"","",,,"",,,"",,,"",,,,,,,"",,,"","",,,,,,,,"",,,,,,,"",,,"","","",,,,,,,,"",,,,,"",,,,,"","","","",,,,,,"",,,,,"",,,,,"","",,,,,,"",,,,,,,
"","","",,"","","","","","","",,"","","","","","","",,"","","","","","","",,"","","","","",699060,1,"2024-02-22_16h18.37.418","experiment","2023.2.3","Linux x86_64",59.88023952,"640ddabdcf41c28cc4a9ec2e","65d6198c9820d372ff6c9d7f","65d773b5444cff52c32152ba","",,,"",,,"",,,"",,,"",,,"",,,,,"",,,"","",,,,"",,,"","","",,,"","",,,,,"","","",,,,,,,2,"",,,,,"",,,,,,,,,,,"","",,,,,"k",0.9384,,"space",2,"green_gnome",2,3,"bright_forest","yellow_basket","red_gnome",2,8,"dark_forest","red_basket",8,0,0,1,"red_gnome","dark_forest","red_basket",8,3,2,0,1,1,1,1,0.4638,,"",,,"",,,"",,,"",,,,,,,"","",,,"",,,"",,,"",,,,,,,"",,,"","",,,,,,,,"",,,,,,,"",,,"","","",,,,,,,,"",,,,,"",,,,,"","","","",,,,,,"",,,,,"",,,,,"","",,,,,,"",,,,,,,
"","","",,"","","","","","","",,"","","","","","","",,"","","","","","","",,"","","","","",699060,1,"2024-02-22_16h18.37.418","experiment","2023.2.3","Linux x86_64",59.88023952,"640ddabdcf41c28cc4a9ec2e","65d6198c9820d372ff6c9d7f","65d773b5444cff52c32152ba","",,,"",,,"",,,"",,,"",,,"",,,,,"",,,"","",,,,"",,,"","","",,,"","",,,,,"","","",,,,,,,2,"",,,,,"",,,,,,,,,,,"","",,,,,"k",0.6011,,"space",2,"green_gnome",2,6,"bright_forest","yellow_basket","red_gnome",2,8,"dark_forest","red_basket",8,0,0,1,"red_gnome","dark_forest","red_basket",16,1,1,1,0,2,1,1,0.4028,,"",,,"",,,"",,,"",,,,,,,"","",,,"",,,"",,,"",,,,,,,"",,,"","",,,,,,,,"",,,,,,,"",,,"","","",,,,,,,,"",,,,,"",,,,,"","","","",,,,,,"",,,,,"",,,,,"","",,,,,,"",,,,,,,
"","","",,"","","","","","","",,"","","","","","","",,"","","","","","","",,"","","","","",699060,1,"2024-02-22_16h18.37.418","experiment","2023.2.3","Linux x86_64",59.88023952,"640ddabdcf41c28cc4a9ec2e","65d6198c9820d372ff6c9d7f","65d773b5444cff52c32152ba","",,,"",,,"",,,"",,,"",,,"",,,,,"",,,"","",,,,"",,,"","","",,,"","",,,,,"","","",,,,,,,1,"",,,,,"",,,,,,,,,,,"","",,,,,"s",1.0414,,"space",1,"brown_gnomes",1,9,"dark_forest","red_basket","purple_gnome",1,7,"bright_forest","yellow_basket",9,0,0,1,"brown_gnomes","dark_forest","red_basket",25,2,1,1,1,3,0,1,0.9615,,"",,,"",,,"",,,"",,,,,,,"","",,,"",,,"",,,"",,,,,,,"",,,"","",,,,,,,,"",,,,,,,"",,,"","","",,,,,,,,"",,,,,"",,,,,"","","","",,,,,,"",,,,,"",,,,,"","",,,,,,"",,,,,,,
"","","",,"","","","","","","",,"","","","","","","",,"","","","","","","",,"","","","","",699060,1,"2024-02-22_16h18.37.418","experiment","2023.2.3","Linux x86_64",59.88023952,"640ddabdcf41c28cc4a9ec2e","65d6198c9820d372ff6c9d7f","65d773b5444cff52c32152ba","",,,"",,,"",,,"",,,"",,,"",,,,,"",,,"","",,,,"",,,"","","",,,"","",,,,,"","","",,,,,,,2,"",,,,,"",,,,,,,,,,,"","",,,,,"s",0.9925,,"space",2,"red_gnome",2,8,"dark_forest","red_basket","green_gnome",2,9,"bright_forest","yellow_basket",8,0,0,1,"red_gnome","dark_forest","red_basket",33,1,2,2,0,4,1,1,0.6984,,"",,,"",,,"",,,"",,,,,,,"","",,,"",,,"",,,"",,,,,,,"",,,"","",,,,,,,,"",,,,,,,"",,,"","","",,,,,,,,"",,,,,"",,,,,"","","","",,,,,,"",,,,,"",,,,,"","",,,,,,"",,,,,,,
"","","",,"","","","","","","",,"","","","","","","",,"","","","","","","",,"","","","","",699060,1,"2024-02-22_16h18.37.418","experiment","2023.2.3","Linux x86_64",59.88023952,"640ddabdcf41c28cc4a9ec2e","65d6198c9820d372ff6c9d7f","65d773b5444cff52c32152ba","",,,"",,,"",,,"",,,"",,,"",,,,,"",,,"","",,,,"",,,"","","",,,"","",,,,,"","","",,,,,,,1,"",,,,,"",,,,,,,,,,,"","",,,,,"k",0.9052,,"space",1,"purple_gnome",1,8,"bright_forest","yellow_basket","brown_gnomes",1,8,"dark_forest","red_basket",8,0,0,1,"brown_gnomes","dark_forest","red_basket",41,-1,1,2,1,5,0,1,0.4745,,"",,,"",,,"",,,"",,,,,,,"","",,,"",,,"",,,"",,,,,,,"",,,"","",,,,,,,,"",,,,,,,"",,,"","","",,,,,,,,"",,,,,"",,,,,"","","","",,,,,,"",,,,,"",,,,,"","",,,,,,"",,,,,,,
"","","",,"","","","","","","",,"","","","","","","",,"","","","","","","",,"","","","","",699060,1,"2024-02-22_16h18.37.418","experiment","2023.2.3","Linux x86_64",59.88023952,"640ddabdcf41c28cc4a9ec2e","65d6198c9820d372ff6c9d7f","65d773b5444cff52c32152ba","",,,"",,,"",,,"",,,"",,,"",,,,,"",,,"","",,,,"",,,"","","",,,"","",,,,,"","","",,,,,,,1,"",,,,,"",,,,,,,,,,,"","",,,,,"s",0.6158,,"space",1,"brown_gnomes",1,9,"dark_forest","red_basket","purple_gnome",1,7,"bright_forest","yellow_basket",9,0,0,1,"brown_gnomes","dark_forest","red_basket",50,1,1,3,0,6,0,1,0.8094,,"",,,"",,,"",,,"",,,,,,,"","",,,"",,,"",,,"",,,,,,,"",,,"","",,,,,,,,"",,,,,,,"",,,"","","",,,,,,,,"",,,,,"",,,,,"","","","",,,,,,"",,,,,"",,,,,"","",,,,,,"",,,,,,,
"","","",,"","","","","","","",,"","","","","","","",,"","","","","","","",,"","","","","",699060,1,"2024-02-22_16h18.37.418","experiment","2023.2.3","Linux x86_64",59.88023952,"640ddabdcf41c28cc4a9ec2e","65d6198c9820d372ff6c9d7f","65d773b5444cff52c32152ba","",,,"",,,"",,,"",,,"",,,"",,,,,"",,,"","",,,,"",,,"","","",,,"","",,,,,"","","",,,,,,,1,"",,,,,"",,,,,,,,,,,"","",,,,,"k",1.009,,"",1,"purple_gnome",1,8,"bright_forest","yellow_basket","brown_gnomes",1,8,"dark_forest","red_basket",0,0,1,0,"brown_gnomes","dark_forest","red_basket",50,0,3,3,1,7,0,1,,,"",,,"",,,"",,,"",,,,,,,"","",,,"",,,"",,,"",,,,,,,"",,,"","",,,,,,,,"",,,,,,,"",,,"","","",,,,,,,,"",,,,,"",,,,,"","","","",,,,,,"",,,,,"",,,,,"","",,,,,,"",,,,,,,
"","","",,"","","","","","","",,"","","","","","","",,"","","","","","","",,"","","","","",699060,1,"2024-02-22_16h18.37.418","experiment","2023.2.3","Linux x86_64",59.88023952,"640ddabdcf41c28cc4a9ec2e","65d6198c9820d372ff6c9d7f","65d773b5444cff52c32152ba","",,,"",,,"",,,"",,,"",,,"",,,,,"",,,"","",,,,"",,,"","","",,,"","",,,,,"","","",,,,,,,1,"",,,,,"",,,,,,,,,,,"","",,,,,"k",0.6788,,"space",1,"brown_gnomes",1,7,"dark_forest","red_basket","purple_gnome",1,8,"bright_forest","yellow_basket",8,0,0,1,"purple_gnome","bright_forest","yellow_basket",58,-1,4,4,0,8,0,1,1.2273,,"",,,"",,,"",,,"",,,,,,,"","",,,"",,,"",,,"",,,,,,,"",,,"","",,,,,,,,"",,,,,,,"",,,"","","",,,,,,,,"",,,,,"",,,,,"","","","",,,,,,"",,,,,"",,,,,"","",,,,,,"",,,,,,,
"","","",,"","","","","","","",,"","","","","","","",,"","","","","","","",,"","","","","",699060,1,"2024-02-22_16h18.37.418","experiment","2023.2.3","Linux x86_64",59.88023952,"640ddabdcf41c28cc4a9ec2e","65d6198c9820d372ff6c9d7f","65d773b5444cff52c32152ba","",,,"",,,"",,,"",,,"",,,"",,,,,"",,,"","",,,,"",,,"","","",,,"","",,,,,"","","",,,,,,,1,"",,,,,"",,,,,,,,,,,"","",,,,,"s",0.9284,,"space",1,"purple_gnome",1,7,"bright_forest","yellow_basket","brown_gnomes",1,7,"dark_forest","red_basket",7,0,0,1,"purple_gnome","bright_forest","yellow_basket",65,0,-1,4,1,9,0,1,1.0817,,"",,,"",,,"",,,"",,,,,,,"","",,,"",,,"",,,"",,,,,,,"",,,"","",,,,,,,,"",,,,,,,"",,,"","","",,,,,,,,"",,,,,"",,,,,"","","","",,,,,,"",,,,,"",,,,,"","",,,,,,"",,,,,,,
"","","",,"","","","","","","",,"","","","","","","",,"","","","","","","",,"","","","","",699060,1,"2024-02-22_16h18.37.418","experiment","2023.2.3","Linux x86_64",59.88023952,"640ddabdcf41c28cc4a9ec2e","65d6198c9820d372ff6c9d7f","65d773b5444cff52c32152ba","",,,"",,,"",,,"",,,"",,,"",,,,,"",,,"","",,,,"",,,"","","",,,"","",,,,,"","","",,,,,,,1,"",,,,,"",,,,,,,,,,,"","",,,,,"s",0.7247,,"space",1,"brown_gnomes",1,6,"dark_forest","red_basket","purple_gnome",1,7,"bright_forest","yellow_basket",6,0,0,1,"brown_gnomes","dark_forest","red_basket",71,0,0,5,0,10,0,1,0.9192,,"",,,"",,,"",,,"",,,,,,,"","",,,"",,,"",,,"",,,,,,,"",,,"","",,,,,,,,"",,,,,,,"",,,"","","",,,,,,,,"",,,,,"",,,,,"","","","",,,,,,"",,,,,"",,,,,"","",,,,,,"",,,,,,,
"","","",,"","","","","","","",,"","","","","","","",,"","","","","","","",,"","","","","",699060,1,"2024-02-22_16h18.37.418","experiment","2023.2.3","Linux x86_64",59.88023952,"640ddabdcf41c28cc4a9ec2e","65d6198c9820d372ff6c9d7f","65d773b5444cff52c32152ba","",,,"",,,"",,,"",,,"",,,"",,,,,"",,,"","",,,,"",,,"","","",,,"","",,,,,"","","",,,,,,,2,"",,,,,"",,,,,,,,,,,"","",,,,,"k",1.101,,"space",2,"red_gnome",2,6,"dark_forest","red_basket","green_gnome",2,7,"bright_forest","yellow_basket",7,0,0,1,"green_gnome","bright_forest","yellow_basket",78,0,-2,5,1,11,1,1,0.9376,,"",,,"",,,"",,,"",,,,,,,"","",,,"",,,"",,,"",,,,,,,"",,,"","",,,,,,,,"",,,,,,,"",,,"","","",,,,,,,,"",,,,,"",,,,,"","","","",,,,,,"",,,,,"",,,,,"","",,,,,,"",,,,,,,
"","","",,"","","","","","","",,"","","","","","","",,"","","","","","","",,"","","","","",699060,1,"2024-02-22_16h18.37.418","experiment","2023.2.3","Linux x86_64",59.88023952,"640ddabdcf41c28cc4a9ec2e","65d6198c9820d372ff6c9d7f","65d773b5444cff52c32152ba","",,,"",,,"",,,"",,,"",,,"",,,,,"",,,"","",,,,"",,,"","","",,,"","",,,,,"","","",,,,,,,2,"",,,,,"",,,,,,,,,,,"","",,,,,"k",0.7592,,"space",2,"green_gnome",2,7,"bright_forest","yellow_basket","red_gnome",2,4,"dark_forest","red_basket",4,0,0,1,"red_gnome","dark_forest","red_basket",82,-2,1,6,0,12,1,1,0.3702,,"",,,"",,,"",,,"",,,,,,,"","",,,"",,,"",,,"",,,,,,,"",,,"","",,,,,,,,"",,,,,,,"",,,"","","",,,,,,,,"",,,,,"",,,,,"","","","",,,,,,"",,,,,"",,,,,"","",,,,,,"",,,,,,,
"","","",,"","","","","","","",,"","","","","","","",,"","","","","","","",,"","","","","",699060,1,"2024-02-22_16h18.37.418","experiment","2023.2.3","Linux x86_64",59.88023952,"640ddabdcf41c28cc4a9ec2e","65d6198c9820d372ff6c9d7f","65d773b5444cff52c32152ba","",,,"",,,"",,,"",,,"",,,"",,,,,"",,,"","",,,,"",,,"","","",,,"","",,,,,"","","",,,,,,,1,"",,,,,"",,,,,,,,,,,"","",,,,,"k",0.928,,"space",1,"brown_gnomes",1,5,"dark_forest","red_basket","purple_gnome",1,5,"bright_forest","yellow_basket",5,0,0,1,"purple_gnome","bright_forest","yellow_basket",87,2,-2,6,1,13,0,1,1.0186,,"",,,"",,,"",,,"",,,,,,,"","",,,"",,,"",,,"",,,,,,,"",,,"","",,,,,,,,"",,,,,,,"",,,"","","",,,,,,,,"",,,,,"",,,,,"","","","",,,,,,"",,,,,"",,,,,"","",,,,,,"",,,,,,,
"","","",,"","","","","","","",,"","","","","","","",,"","","","","","","",,"","","","","",699060,1,"2024-02-22_16h18.37.418","experiment","2023.2.3","Linux x86_64",59.88023952,"640ddabdcf41c28cc4a9ec2e","65d6198c9820d372ff6c9d7f","65d773b5444cff52c32152ba","",,,"",,,"",,,"",,,"",,,"",,,,,"",,,"","",,,,"",,,"","","",,,"","",,,,,"","","",,,,,,,1,"",,,,,"",,,,,,,,,,,"","",,,,,"k",0.7465,,"space",1,"purple_gnome",1,7,"bright_forest","yellow_basket","brown_gnomes",1,3,"dark_forest","red_basket",3,0,0,1,"brown_gnomes","dark_forest","red_basket",90,-2,1,7,0,14,0,1,0.2254,,"",,,"",,,"",,,"",,,,,,,"","",,,"",,,"",,,"",,,,,,,"",,,"","",,,,,,,,"",,,,,,,"",,,"","","",,,,,,,,"",,,,,"",,,,,"","","","",,,,,,"",,,,,"",,,,,"","",,,,,,"",,,,,,,
"","","",,"","","","","","","",,"","","","","","","",,"","","","","","","",,"","","","","",699060,1,"2024-02-22_16h18.37.418","experiment","2023.2.3","Linux x86_64",59.88023952,"640ddabdcf41c28cc4a9ec2e","65d6198c9820d372ff6c9d7f","65d773b5444cff52c32152ba","",,,"",,,"",,,"",,,"",,,"",,,,,"",,,"","",,,,"",,,"","","",,,"","",,,,,"","","",,,,,,,1,"",,,,,"",,,,,,,,,,,"","",,,,,"s",1.4798,,"space",1,"purple_gnome",1,5,"bright_forest","yellow_basket","brown_gnomes",1,4,"dark_forest","red_basket",5,0,0,1,"purple_gnome","bright_forest","yellow_basket",95,-1,-1,7,1,15,0,1,1.1336,,"",,,"",,,"",,,"",,,,,,,"","",,,"",,,"",,,"",,,,,,,"",,,"","",,,,,,,,"",,,,,,,"",,,"","","",,,,,,,,"",,,,,"",,,,,"","","","",,,,,,"",,,,,"",,,,,"","",,,,,,"",,,,,,,
"","","",,"","","","","","","",,"","","","","","","",,"","","","","","","",,"","","","","",699060,1,"2024-02-22_16h18.37.418","experiment","2023.2.3","Linux x86_64",59.88023952,"640ddabdcf41c28cc4a9ec2e","65d6198c9820d372ff6c9d7f","65d773b5444cff52c32152ba","",,,"",,,"",,,"",,,"",,,"",,,,,"",,,"","",,,,"",,,"","","",,,"","",,,,,"","","",,,,,,,2,"",,,,,"",,,,,,,,,,,"","",,,,,"s",0.8495,,"space",2,"green_gnome",2,4,"bright_forest","yellow_basket","red_gnome",2,3,"dark_forest","red_basket",4,0,0,1,"green_gnome","bright_forest","yellow_basket",99,2,-1,8,0,16,1,1,0.935,,"",,,"",,,"",,,"",,,,,,,"","",,,"",,,"",,,"",,,,,,,"",,,"","",,,,,,,,"",,,,,,,"",,,"","","",,,,,,,,"",,,,,"",,,,,"","","","",,,,,,"",,,,,"",,,,,"","",,,,,,"",,,,,,,
"","","",,"","","","","","","",,"","","","","","","",,"","","","","","","",,"","","","","",699060,1,"2024-02-22_16h18.37.418","experiment","2023.2.3","Linux x86_64",59.88023952,"640ddabdcf41c28cc4a9ec2e","65d6198c9820d372ff6c9d7f","65d773b5444cff52c32152ba","",,,"",,,"",,,"",,,"",,,"",,,,,"",,,"","",,,,"",,,"","","",,,"","",,,,,"","","",,,,,,,2,"",,,,,"",,,,,,,,,,,"","",,,,,"s",1.0126,,"space",2,"red_gnome",2,2,"dark_forest","red_basket","green_gnome",2,6,"bright_forest","yellow_basket",2,0,0,1,"red_gnome","dark_forest","red_basket",101,2,-1,8,1,17,1,1,0.3657,,"",,,"",,,"",,,"",,,,,,,"","",,,"",,,"",,,"",,,,,,,"",,,"","",,,,,,,,"",,,,,,,"",,,"","","",,,,,,,,"",,,,,"",,,,,"","","","",,,,,,"",,,,,"",,,,,"","",,,,,,"",,,,,,,
"","","",,"","","","","","","",,"","","","","","","",,"","","","","","","",,"","","","","",699060,1,"2024-02-22_16h18.37.418","experiment","2023.2.3","Linux x86_64",59.88023952,"640ddabdcf41c28cc4a9ec2e","65d6198c9820d372ff6c9d7f","65d773b5444cff52c32152ba","",,,"",,,"",,,"",,,"",,,"",,,,,"",,,"","",,,,"",,,"","","",,,"","",,,,,"","","",,,,,,,2,"",,,,,"",,,,,,,,,,,"","",,,,,"k",0.793,,"space",2,"red_gnome",2,1,"dark_forest","red_basket","green_gnome",2,8,"bright_forest","yellow_basket",8,0,0,1,"green_gnome","bright_forest","yellow_basket",109,1,-1,9,0,18,1,1,0.1292,,"",,,"",,,"",,,"",,,,,,,"","",,,"",,,"",,,"",,,,,,,"",,,"","",,,,,,,,"",,,,,,,"",,,"","","",,,,,,,,"",,,,,"",,,,,"","","","",,,,,,"",,,,,"",,,,,"","",,,,,,"",,,,,,,
"","","",,"","","","","","","",,"","","","","","","",,"","","","","","","",,"","","","","",699060,1,"2024-02-22_16h18.37.418","experiment","2023.2.3","Linux x86_64",59.88023952,"640ddabdcf41c28cc4a9ec2e","65d6198c9820d372ff6c9d7f","65d773b5444cff52c32152ba","",,,"",,,"",,,"",,,"",,,"",,,,,"",,,"","",,,,"",,,"","","",,,"","",,,,,"","","",,,,,,,1,"",,,,,"",,,,,,,,,,,"","",,,,,"k",0.6139,,"space",1,"brown_gnomes",1,0,"dark_forest","red_basket","purple_gnome",1,9,"bright_forest","yellow_basket",9,0,0,1,"purple_gnome","bright_forest","yellow_basket",118,2,-1,9,1,19,0,1,0.1453,,"",,,"",,,"",,,"",,,,,,,"","",,,"",,,"",,,"",,,,,,,"",,,"","",,,,,,,,"",,,,,,,"",,,"","","",,,,,,,,"",,,,,"",,,,,"","","","",,,,,,"",,,,,"",,,,,"","",,,,,,"",,,,,,,
"","","",,"","","","","","","",,"","","","","","","",,"","","","","","","",,"","","","","",699060,1,"2024-02-22_16h18.37.418","experiment","2023.2.3","Linux x86_64",59.88023952,"640ddabdcf41c28cc4a9ec2e","65d6198c9820d372ff6c9d7f","65d773b5444cff52c32152ba","",,,"",,,"",,,"",,,"",,,"",,,,,"",,,"","",,,,"",,,"","","",,,"","",,,,,"","","",,,,,,,1,"",,,,,"",,,,,,,,,,,"","",,,,,"k",1.1929,,"space",1,"brown_gnomes",1,1,"dark_forest","red_basket","purple_gnome",1,7,"bright_forest","yellow_basket",7,0,0,1,"purple_gnome","bright_forest","yellow_basket",125,-1,-1,10,0,20,0,1,0.5379,,"",,,"",,,"",,,"",,,,,,,"","",,,"",,,"",,,"",,,,,,,"",,,"","",,,,,,,,"",,,,,,,"",,,"","","",,,,,,,,"",,,,,"",,,,,"","","","",,,,,,"",,,,,"",,,,,"","",,,,,,"",,,,,,,
"","","",,"","","","","","","",,"","","","","","","",,"","","","","","","",,"","","","","",699060,1,"2024-02-22_16h18.37.418","experiment","2023.2.3","Linux x86_64",59.88023952,"640ddabdcf41c28cc4a9ec2e","65d6198c9820d372ff6c9d7f","65d773b5444cff52c32152ba","",,,"",,,"",,,"",,,"",,,"",,,,,"",,,"","",,,,"",,,"","","",,,"","",,,,,"","","",,,,,,,2,"",,,,,"",,,,,,,,,,,"","",,,,,"k",0.7823,,"space",2,"red_gnome",2,0,"dark_forest","red_basket","green_gnome",2,6,"bright_forest","yellow_basket",6,0,0,1,"green_gnome","bright_forest","yellow_basket",131,0,1,10,1,21,1,1,0.0471,,"",,,"",,,"",,,"",,,,,,,"","",,,"",,,"",,,"",,,,,,,"",,,"","",,,,,,,,"",,,,,,,"",,,"","","",,,,,,,,"",,,,,"",,,,,"","","","",,,,,,"",,,,,"",,,,,"","",,,,,,"",,,,,,,
"","","",,"","","","","","","",,"","","","","","","",,"","","","","","","",,"","","","","",699060,1,"2024-02-22_16h18.37.418","experiment","2023.2.3","Linux x86_64",59.88023952,"640ddabdcf41c28cc4a9ec2e","65d6198c9820d372ff6c9d7f","65d773b5444cff52c32152ba","",,,"",,,"",,,"",,,"",,,"",,,,,"",,,"","",,,,"",,,"","","",,,"","",,,,,"","","",,,,,,,1,"",,,,,"",,,,,,,,,,,"","",,,,,"k",1.3769,,"space",1,"purple_gnome",1,6,"bright_forest","yellow_basket","brown_gnomes",1,1,"dark_forest","red_basket",1,0,0,1,"brown_gnomes","dark_forest","red_basket",132,5,0,11,0,22,0,1,0.6123,,"",,,"",,,"",,,"",,,,,,,"","",,,"",,,"",,,"",,,,,,,"",,,"","",,,,,,,,"",,,,,,,"",,,"","","",,,,,,,,"",,,,,"",,,,,"","","","",,,,,,"",,,,,"",,,,,"","",,,,,,"",,,,,,,
"","","",,"","","","","","","",,"","","","","","","",,"","","","","","","",,"","","","","",699060,1,"2024-02-22_16h18.37.418","experiment","2023.2.3","Linux x86_64",59.88023952,"640ddabdcf41c28cc4a9ec2e","65d6198c9820d372ff6c9d7f","65d773b5444cff52c32152ba","",,,"",,,"",,,"",,,"",,,"",,,,,"",,,"","",,,,"",,,"","","",,,"","",,,,,"","","",,,,,,,1,"",,,,,"",,,,,,,,,,,"","",,,,,"s",0.7089,,"space",1,"purple_gnome",1,7,"bright_forest","yellow_basket","brown_gnomes",1,1,"dark_forest","red_basket",7,0,0,1,"purple_gnome","bright_forest","yellow_basket",139,0,-1,11,1,23,0,1,0.0606,,"",,,"",,,"",,,"",,,,,,,"","",,,"",,,"",,,"",,,,,,,"",,,"","",,,,,,,,"",,,,,,,"",,,"","","",,,,,,,,"",,,,,"",,,,,"","","","",,,,,,"",,,,,"",,,,,"","",,,,,,"",,,,,,,
"","","",,"","","","","","","",,"","","","","","","",,"","","","","","","",,"","","","","",699060,1,"2024-02-22_16h18.37.418","experiment","2023.2.3","Linux x86_64",59.88023952,"640ddabdcf41c28cc4a9ec2e","65d6198c9820d372ff6c9d7f","65d773b5444cff52c32152ba","",,,"",,,"",,,"",,,"",,,"",,,,,"",,,"","",,,,"",,,"","","",,,"","",,,,,"","","",,,,,,,2,"",,,,,"",,,,,,,,,,,"","",,,,,"k",0.6586,,"space",2,"red_gnome",2,0,"dark_forest","red_basket","green_gnome",2,7,"bright_forest","yellow_basket",7,0,0,1,"green_gnome","bright_forest","yellow_basket",146,-1,1,12,0,24,1,1,0.2794,,"",,,"",,,"",,,"",,,,,,,"","",,,"",,,"",,,"",,,,,,,"",,,"","",,,,,,,,"",,,,,,,"",,,"","","",,,,,,,,"",,,,,"",,,,,"","","","",,,,,,"",,,,,"",,,,,"","",,,,,,"",,,,,,,
"","","",,"","","","","","","",,"","","","","","","",,"","","","","","","",,"","","","","",699060,1,"2024-02-22_16h18.37.418","experiment","2023.2.3","Linux x86_64",59.88023952,"640ddabdcf41c28cc4a9ec2e","65d6198c9820d372ff6c9d7f","65d773b5444cff52c32152ba","",,,"",,,"",,,"",,,"",,,"",,,,,"",,,"","",,,,"",,,"","","",,,"","",,,,,"","","",,,,,,,2,"",,,,,"",,,,,,,,,,,"","",,,,,"k",1.0382,,"space",2,"red_gnome",2,1,"dark_forest","red_basket","green_gnome",2,6,"bright_forest","yellow_basket",6,0,0,1,"green_gnome","bright_forest","yellow_basket",152,-2,0,12,1,25,1,1,0.178,,"",,,"",,,"",,,"",,,,,,,"","",,,"",,,"",,,"",,,,,,,"",,,"","",,,,,,,,"",,,,,,,"",,,"","","",,,,,,,,"",,,,,"",,,,,"","","","",,,,,,"",,,,,"",,,,,"","",,,,,,"",,,,,,,
"","","",,"","","","","","","",,"","","","","","","",,"","","","","","","",,"","","","","",699060,1,"2024-02-22_16h18.37.418","experiment","2023.2.3","Linux x86_64",59.88023952,"640ddabdcf41c28cc4a9ec2e","65d6198c9820d372ff6c9d7f","65d773b5444cff52c32152ba","",,,"",,,"",,,"",,,"",,,"",,,,,"",,,"","",,,,"",,,"","","",,,"","",,,,,"","","",,,,,,,1,"",,,,,"",,,,,,,,,,,"","",,,,,"",,,"",1,"purple_gnome",1,4,"bright_forest","yellow_basket","brown_gnomes",1,1,"dark_forest","red_basket",0,1,0,0,"","bright_forest","yellow_basket",152,3,0,13,0,26,0,1,,,"",,,"",,,"",,,"",,,,,,,"","",,,"",,,"",,,"",,,,,,,"",,,"","",,,,,,,,"",,,,,,,"",,,"","","",,,,,,,,"",,,,,"",,,,,"","","","",,,,,,"",,,,,"",,,,,"","",,,,,,"",,,,,,,
"","","",,"","","","","","","",,"","","","","","","",,"","","","","","","",,"","","","","",699060,1,"2024-02-22_16h18.37.418","experiment","2023.2.3","Linux x86_64",59.88023952,"640ddabdcf41c28cc4a9ec2e","65d6198c9820d372ff6c9d7f","65d773b5444cff52c32152ba","",,,"",,,"",,,"",,,"",,,"",,,,,"",,,"","",,,,"",,,"","","",,,"","",,,,,"","","",,,,,,,1,"",,,,,"",,,,,,,,,,,"","",,,,,"s",1.0765,,"space",1,"purple_gnome",1,7,"bright_forest","yellow_basket","brown_gnomes",1,1,"dark_forest","red_basket",7,0,0,1,"purple_gnome","bright_forest","yellow_basket",159,2,1,13,1,27,0,1,0.4587,,"",,,"",,,"",,,"",,,,,,,"","",,,"",,,"",,,"",,,,,,,"",,,"","",,,,,,,,"",,,,,,,"",,,"","","",,,,,,,,"",,,,,"",,,,,"","","","",,,,,,"",,,,,"",,,,,"","",,,,,,"",,,,,,,
"","","",,"","","","","","","",,"","","","","","","",,"","","","","","","",,"","","","","",699060,1,"2024-02-22_16h18.37.418","experiment","2023.2.3","Linux x86_64",59.88023952,"640ddabdcf41c28cc4a9ec2e","65d6198c9820d372ff6c9d7f","65d773b5444cff52c32152ba","",,,"",,,"",,,"",,,"",,,"",,,,,"",,,"","",,,,"",,,"","","",,,"","",,,,,"","","",,,,,,,1,"",,,,,"",,,,,,,,,,,"","",,,,,"k",1.0165,,"space",1,"brown_gnomes",1,2,"dark_forest","red_basket","purple_gnome",1,9,"bright_forest","yellow_basket",9,0,0,1,"purple_gnome","bright_forest","yellow_basket",168,3,-3,14,0,28,0,1,0.4411,,"",,,"",,,"",,,"",,,,,,,"","",,,"",,,"",,,"",,,,,,,"",,,"","",,,,,,,,"",,,,,,,"",,,"","","",,,,,,,,"",,,,,"",,,,,"","","","",,,,,,"",,,,,"",,,,,"","",,,,,,"",,,,,,,
"","","",,"","","","","","","",,"","","","","","","",,"","","","","","","",,"","","","","",699060,1,"2024-02-22_16h18.37.418","experiment","2023.2.3","Linux x86_64",59.88023952,"640ddabdcf41c28cc4a9ec2e","65d6198c9820d372ff6c9d7f","65d773b5444cff52c32152ba","",,,"",,,"",,,"",,,"",,,"",,,,,"",,,"","",,,,"",,,"","","",,,"","",,,,,"","","",,,,,,,1,"",,,,,"",,,,,,,,,,,"","",,,,,"k",0.8429,,"space",1,"brown_gnomes",1,1,"dark_forest","red_basket","purple_gnome",1,6,"bright_forest","yellow_basket",6,0,0,1,"purple_gnome","bright_forest","yellow_basket",174,2,-2,14,1,29,0,1,0.0453,,"",,,"",,,"",,,"",,,,,,,"","",,,"",,,"",,,"",,,,,,,"",,,"","",,,,,,,,"",,,,,,,"",,,"","","",,,,,,,,"",,,,,"",,,,,"","","","",,,,,,"",,,,,"",,,,,"","",,,,,,"",,,,,,,
"","","",,"","","","","","","",,"","","","","","","",,"","","","","","","",,"","","","","",699060,1,"2024-02-22_16h18.37.418","experiment","2023.2.3","Linux x86_64",59.88023952,"640ddabdcf41c28cc4a9ec2e","65d6198c9820d372ff6c9d7f","65d773b5444cff52c32152ba","",,,"",,,"",,,"",,,"",,,"",,,,,"",,,"","",,,,"",,,"","","",,,"","",,,,,"","","",,,,,,,1,"",,,,,"",,,,,,,,,,,"","",,,,,"s",0.7759,,"space",1,"purple_gnome",1,8,"bright_forest","yellow_basket","brown_gnomes",1,1,"dark_forest","red_basket",8,0,0,1,"purple_gnome","bright_forest","yellow_basket",182,2,1,15,0,30,0,1,0.7538,,"",,,"",,,"",,,"",,,,,,,"","",,,"",,,"",,,"",,,,,,,"",,,"","",,,,,,,,"",,,,,,,"",,,"","","",,,,,,,,"",,,,,"",,,,,"","","","",,,,,,"",,,,,"",,,,,"","",,,,,,"",,,,,,,
"","","",,"","","","","","","",,"","","","","","","",,"","","","","","","",,"","","","","",699060,1,"2024-02-22_16h18.37.418","experiment","2023.2.3","Linux x86_64",59.88023952,"640ddabdcf41c28cc4a9ec2e","65d6198c9820d372ff6c9d7f","65d773b5444cff52c32152ba","",,,"",,,"",,,"",,,"",,,"",,,,,"",,,"","",,,,"",,,"","","",,,"","",,,,,"","","",,,,,,,2,"",,,,,"",,,,,,,,,,,"","",,,,,"k",1.4095,,"space",2,"red_gnome",2,2,"dark_forest","red_basket","green_gnome",2,8,"bright_forest","yellow_basket",8,0,0,1,"green_gnome","bright_forest","yellow_basket",190,-1,-1,15,1,31,1,1,0.2836,,"",,,"",,,"",,,"",,,,,,,"","",,,"",,,"",,,"",,,,,,,"",,,"","",,,,,,,,"",,,,,,,"",,,"","","",,,,,,,,"",,,,,"",,,,,"","","","",,,,,,"",,,,,"",,,,,"","",,,,,,"",,,,,,,
"","","",,"","","","","","","",,"","","","","","","",,"","","","","","","",,"","","","","",699060,1,"2024-02-22_16h18.37.418","experiment","2023.2.3","Linux x86_64",59.88023952,"640ddabdcf41c28cc4a9ec2e","65d6198c9820d372ff6c9d7f","65d773b5444cff52c32152ba","",,,"",,,"",,,"",,,"",,,"",,,,,"",,,"","",,,,"",,,"","","",,,"","",,,,,"","","",,,,,,,1,"",,,,,"",,,,,,,,,,,"","",,,,,"s",1.4598,,"space",1,"purple_gnome",1,7,"bright_forest","yellow_basket","brown_gnomes",1,1,"dark_forest","red_basket",7,0,0,1,"purple_gnome","bright_forest","yellow_basket",197,-1,1,16,0,32,0,1,0.6124,,"",,,"",,,"",,,"",,,,,,,"","",,,"",,,"",,,"",,,,,,,"",,,"","",,,,,,,,"",,,,,,,"",,,"","","",,,,,,,,"",,,,,"",,,,,"","","","",,,,,,"",,,,,"",,,,,"","",,,,,,"",,,,,,,
"","","",,"","","","","","","",,"","","","","","","",,"","","","","","","",,"","","","","",699060,1,"2024-02-22_16h18.37.418","experiment","2023.2.3","Linux x86_64",59.88023952,"640ddabdcf41c28cc4a9ec2e","65d6198c9820d372ff6c9d7f","65d773b5444cff52c32152ba","",,,"",,,"",,,"",,,"",,,"",,,,,"",,,"","",,,,"",,,"","","",,,"","",,,,,"","","",,,,,,,2,"",,,,,"",,,,,,,,,,,"","",,,,,"k",0.7885,,"space",2,"red_gnome",2,2,"dark_forest","red_basket","green_gnome",2,6,"bright_forest","yellow_basket",6,0,0,1,"green_gnome","bright_forest","yellow_basket",203,0,1,16,1,33,1,1,0.3845,,"",,,"",,,"",,,"",,,,,,,"","",,,"",,,"",,,"",,,,,,,"",,,"","",,,,,,,,"",,,,,,,"",,,"","","",,,,,,,,"",,,,,"",,,,,"","","","",,,,,,"",,,,,"",,,,,"","",,,,,,"",,,,,,,
"","","",,"","","","","","","",,"","","","","","","",,"","","","","","","",,"","","","","",699060,1,"2024-02-22_16h18.37.418","experiment","2023.2.3","Linux x86_64",59.88023952,"640ddabdcf41c28cc4a9ec2e","65d6198c9820d372ff6c9d7f","65d773b5444cff52c32152ba","",,,"",,,"",,,"",,,"",,,"",,,,,"",,,"","",,,,"",,,"","","",,,"","",,,,,"","","",,,,,,,2,"",,,,,"",,,,,,,,,,,"","",,,,,"s",0.6729,,"space",2,"green_gnome",2,6,"bright_forest","yellow_basket","red_gnome",2,3,"dark_forest","red_basket",6,0,0,1,"green_gnome","bright_forest","yellow_basket",209,1,0,17,0,34,1,1,0.4268,,"",,,"",,,"",,,"",,,,,,,"","",,,"",,,"",,,"",,,,,,,"",,,"","",,,,,,,,"",,,,,,,"",,,"","","",,,,,,,,"",,,,,"",,,,,"","","","",,,,,,"",,,,,"",,,,,"","",,,,,,"",,,,,,,
"","","",,"","","","","","","",,"","","","","","","",,"","","","","","","",,"","","","","",699060,1,"2024-02-22_16h18.37.418","experiment","2023.2.3","Linux x86_64",59.88023952,"640ddabdcf41c28cc4a9ec2e","65d6198c9820d372ff6c9d7f","65d773b5444cff52c32152ba","",,,"",,,"",,,"",,,"",,,"",,,,,"",,,"","",,,,"",,,"","","",,,"","",,,,,"","","",,,,,,,2,"",,,,,"",,,,,,,,,,,"","",,,,,"k",0.8233,,"space",2,"red_gnome",2,3,"dark_forest","red_basket","green_gnome",2,7,"bright_forest","yellow_basket",7,0,0,1,"green_gnome","bright_forest","yellow_basket",216,-1,2,17,1,35,1,1,0.7627,,"",,,"",,,"",,,"",,,,,,,"","",,,"",,,"",,,"",,,,,,,"",,,"","",,,,,,,,"",,,,,,,"",,,"","","",,,,,,,,"",,,,,"",,,,,"","","","",,,,,,"",,,,,"",,,,,"","",,,,,,"",,,,,,,
"","","",,"","","","","","","",,"","","","","","","",,"","","","","","","",,"","","","","",699060,1,"2024-02-22_16h18.37.418","experiment","2023.2.3","Linux x86_64",59.88023952,"640ddabdcf41c28cc4a9ec2e","65d6198c9820d372ff6c9d7f","65d773b5444cff52c32152ba","",,,"",,,"",,,"",,,"",,,"",,,,,"",,,"","",,,,"",,,"","","",,,"","",,,,,"","","",,,,,,,2,"",,,,,"",,,,,,,,,,,"","",,,,,"k",0.9054,,"",2,"red_gnome",2,5,"dark_forest","red_basket","green_gnome",2,6,"bright_forest","yellow_basket",0,0,1,0,"green_gnome","bright_forest","yellow_basket",216,2,-4,18,0,36,1,1,,,"",,,"",,,"",,,"",,,,,,,"","",,,"",,,"",,,"",,,,,,,"",,,"","",,,,,,,,"",,,,,,,"",,,"","","",,,,,,,,"",,,,,"",,,,,"","","","",,,,,,"",,,,,"",,,,,"","",,,,,,"",,,,,,,
"","","",,"","","","","","","",,"","","","","","","",,"","","","","","","",,"","","","","",699060,1,"2024-02-22_16h18.37.418","experiment","2023.2.3","Linux x86_64",59.88023952,"640ddabdcf41c28cc4a9ec2e","65d6198c9820d372ff6c9d7f","65d773b5444cff52c32152ba","",,,"",,,"",,,"",,,"",,,"",,,,,"",,,"","",,,,"",,,"","","",,,"","",,,,,"","","",,,,,,,2,"",,,,,"",,,,,,,,,,,"","",,,,,"k",0.8225,,"space",2,"red_gnome",2,1,"dark_forest","red_basket","green_gnome",2,8,"bright_forest","yellow_basket",8,0,0,1,"green_gnome","bright_forest","yellow_basket",224,1,-3,18,1,37,1,1,0.0404,,"",,,"",,,"",,,"",,,,,,,"","",,,"",,,"",,,"",,,,,,,"",,,"","",,,,,,,,"",,,,,,,"",,,"","","",,,,,,,,"",,,,,"",,,,,"","","","",,,,,,"",,,,,"",,,,,"","",,,,,,"",,,,,,,
"","","",,"","","","","","","",,"","","","","","","",,"","","","","","","",,"","","","","",699060,1,"2024-02-22_16h18.37.418","experiment","2023.2.3","Linux x86_64",59.88023952,"640ddabdcf41c28cc4a9ec2e","65d6198c9820d372ff6c9d7f","65d773b5444cff52c32152ba","",,,"",,,"",,,"",,,"",,,"",,,,,"",,,"","",,,,"",,,"","","",,,"","",,,,,"","","",,,,,,,2,"",,,,,"",,,,,,,,,,,"","",,,,,"s",0.7089,,"space",2,"green_gnome",2,9,"bright_forest","yellow_basket","red_gnome",2,2,"dark_forest","red_basket",9,0,0,1,"green_gnome","bright_forest","yellow_basket",233,0,0,19,0,38,1,1,0.7019,,"",,,"",,,"",,,"",,,,,,,"","",,,"",,,"",,,"",,,,,,,"",,,"","",,,,,,,,"",,,,,,,"",,,"","","",,,,,,,,"",,,,,"",,,,,"","","","",,,,,,"",,,,,"",,,,,"","",,,,,,"",,,,,,,
"","","",,"","","","","","","",,"","","","","","","",,"","","","","","","",,"","","","","",699060,1,"2024-02-22_16h18.37.418","experiment","2023.2.3","Linux x86_64",59.88023952,"640ddabdcf41c28cc4a9ec2e","65d6198c9820d372ff6c9d7f","65d773b5444cff52c32152ba","",,,"",,,"",,,"",,,"",,,"",,,,,"",,,"","",,,,"",,,"","","",,,"","",,,,,"","","",,,,,,,2,"",,,,,"",,,,,,,,,,,"","",,,,,"s",0.6435,,"space",2,"red_gnome",2,2,"dark_forest","red_basket","green_gnome",2,9,"bright_forest","yellow_basket",2,0,0,1,"red_gnome","dark_forest","red_basket",235,0,-3,19,1,39,1,1,0.3651,,"",,,"",,,"",,,"",,,,,,,"","",,,"",,,"",,,"",,,,,,,"",,,"","",,,,,,,,"",,,,,,,"",,,"","","",,,,,,,,"",,,,,"",,,,,"","","","",,,,,,"",,,,,"",,,,,"","",,,,,,"",,,,,,,
"","","",,"","","","","","","",,"","","","","","","",,"","","","","","","",,"","","","","",699060,1,"2024-02-22_16h18.37.418","experiment","2023.2.3","Linux x86_64",59.88023952,"640ddabdcf41c28cc4a9ec2e","65d6198c9820d372ff6c9d7f","65d773b5444cff52c32152ba","",,,"",,,"",,,"",,,"",,,"",,,,,"",,,"","",,,,"",,,"","","",,,"","",,,,,"","","",,,,,,,2,"",,,,,"",,,,,,,,,,,"","",,,,,"k",0.5571,,"space",2,"red_gnome",2,1,"dark_forest","red_basket","green_gnome",2,9,"bright_forest","yellow_basket",9,0,0,1,"green_gnome","bright_forest","yellow_basket",244,-2,-1,20,0,40,1,1,0.039,,"",,,"",,,"",,,"",,,,,,,"","",,,"",,,"",,,"",,,,,,,"",,,"","",,,,,,,,"",,,,,,,"",,,"","","",,,,,,,,"",,,,,"",,,,,"","","","",,,,,,"",,,,,"",,,,,"","",,,,,,"",,,,,,,
"","","",,"","","","","","","",,"","","","","","","",,"","","","","","","",,"","","","","",699060,1,"2024-02-22_16h18.37.418","experiment","2023.2.3","Linux x86_64",59.88023952,"640ddabdcf41c28cc4a9ec2e","65d6198c9820d372ff6c9d7f","65d773b5444cff52c32152ba","",,,"",,,"",,,"",,,"",,,"",,,,,"",,,"","",,,,"",,,"","","",,,"","",,,,,"","","",,,,,,,1,"",,,,,"",,,,,,,,,,,"","",,,,,"",,,"",1,"purple_gnome",1,7,"bright_forest","yellow_basket","brown_gnomes",1,0,"dark_forest","red_basket",0,1,0,0,"","bright_forest","yellow_basket",244,2,1,20,1,41,0,1,,,"",,,"",,,"",,,"",,,,,,,"","",,,"",,,"",,,"",,,,,,,"",,,"","",,,,,,,,"",,,,,,,"",,,"","","",,,,,,,,"",,,,,"",,,,,"","","","",,,,,,"",,,,,"",,,,,"","",,,,,,"",,,,,,,
"","","",,"","","","","","","",,"","","","","","","",,"","","","","","","",,"","","","","",699060,1,"2024-02-22_16h18.37.418","experiment","2023.2.3","Linux x86_64",59.88023952,"640ddabdcf41c28cc4a9ec2e","65d6198c9820d372ff6c9d7f","65d773b5444cff52c32152ba","",,,"",,,"",,,"",,,"",,,"",,,,,"",,,"","",,,,"",,,"","","",,,"","",,,,,"","","",,,,,,,1,"",,,,,"",,,,,,,,,,,"","",,,,,"s",0.564,,"space",1,"purple_gnome",1,9,"bright_forest","yellow_basket","brown_gnomes",1,1,"dark_forest","red_basket",9,0,0,1,"purple_gnome","bright_forest","yellow_basket",253,1,2,21,0,42,0,1,0.0901,,"",,,"",,,"",,,"",,,,,,,"","",,,"",,,"",,,"",,,,,,,"",,,"","",,,,,,,,"",,,,,,,"",,,"","","",,,,,,,,"",,,,,"",,,,,"","","","",,,,,,"",,,,,"",,,,,"","",,,,,,"",,,,,,,
"","","",,"","","","","","","",,"","","","","","","",,"","","","","","","",,"","","","","",699060,1,"2024-02-22_16h18.37.418","experiment","2023.2.3","Linux x86_64",59.88023952,"640ddabdcf41c28cc4a9ec2e","65d6198c9820d372ff6c9d7f","65d773b5444cff52c32152ba","",,,"",,,"",,,"",,,"",,,"",,,,,"",,,"","",,,,"",,,"","","",,,"","",,,,,"","","",,,,,,,1,"",,,,,"",,,,,,,,,,,"","",,,,,"k",1.0117,,"space",1,"brown_gnomes",1,3,"dark_forest","red_basket","purple_gnome",1,8,"bright_forest","yellow_basket",8,0,0,1,"purple_gnome","bright_forest","yellow_basket",261,2,2,21,1,43,0,1,0.4998,,"",,,"",,,"",,,"",,,,,,,"","",,,"",,,"",,,"",,,,,,,"",,,"","",,,,,,,,"",,,,,,,"",,,"","","",,,,,,,,"",,,,,"",,,,,"","","","",,,,,,"",,,,,"",,,,,"","",,,,,,"",,,,,,,
"","","",,"","","","","","","",,"","","","","","","",,"","","","","","","",,"","","","","",699060,1,"2024-02-22_16h18.37.418","experiment","2023.2.3","Linux x86_64",59.88023952,"640ddabdcf41c28cc4a9ec2e","65d6198c9820d372ff6c9d7f","65d773b5444cff52c32152ba","",,,"",,,"",,,"",,,"",,,"",,,,,"",,,"","",,,,"",,,"","","",,,"","",,,,,"","","",,,,,,,2,"",,,,,"",,,,,,,,,,,"","",,,,,"k",0.883,,"space",2,"red_gnome",2,5,"dark_forest","red_basket","green_gnome",2,8,"bright_forest","yellow_basket",8,0,0,1,"green_gnome","bright_forest","yellow_basket",269,3,0,22,0,44,1,1,0.1341,,"",,,"",,,"",,,"",,,,,,,"","",,,"",,,"",,,"",,,,,,,"",,,"","",,,,,,,,"",,,,,,,"",,,"","","",,,,,,,,"",,,,,"",,,,,"","","","",,,,,,"",,,,,"",,,,,"","",,,,,,"",,,,,,,
"","","",,"","","","","","","",,"","","","","","","",,"","","","","","","",,"","","","","",699060,1,"2024-02-22_16h18.37.418","experiment","2023.2.3","Linux x86_64",59.88023952,"640ddabdcf41c28cc4a9ec2e","65d6198c9820d372ff6c9d7f","65d773b5444cff52c32152ba","",,,"",,,"",,,"",,,"",,,"",,,,,"",,,"","",,,,"",,,"","","",,,"","",,,,,"","","",,,,,,,2,"",,,,,"",,,,,,,,,,,"","",,,,,"s",0.9258,,"space",2,"green_gnome",2,7,"bright_forest","yellow_basket","red_gnome",2,5,"dark_forest","red_basket",7,0,0,1,"green_gnome","bright_forest","yellow_basket",276,-1,0,22,1,45,1,1,0.1768,,"",,,"",,,"",,,"",,,,,,,"","",,,"",,,"",,,"",,,,,,,"",,,"","",,,,,,,,"",,,,,,,"",,,"","","",,,,,,,,"",,,,,"",,,,,"","","","",,,,,,"",,,,,"",,,,,"","",,,,,,"",,,,,,,
"","","",,"","","","","","","",,"","","","","","","",,"","","","","","","",,"","","","","",699060,1,"2024-02-22_16h18.37.418","experiment","2023.2.3","Linux x86_64",59.88023952,"640ddabdcf41c28cc4a9ec2e","65d6198c9820d372ff6c9d7f","65d773b5444cff52c32152ba","",,,"",,,"",,,"",,,"",,,"",,,,,"",,,"","",,,,"",,,"","","",,,"","",,,,,"","","",,,,,,,1,"",,,,,"",,,,,,,,,,,"","",,,,,"k",1.2313,,"",1,"brown_gnomes",1,5,"dark_forest","red_basket","purple_gnome",1,6,"bright_forest","yellow_basket",0,0,1,0,"purple_gnome","bright_forest","yellow_basket",276,-4,2,23,0,46,0,1,,,"",,,"",,,"",,,"",,,,,,,"","",,,"",,,"",,,"",,,,,,,"",,,"","",,,,,,,,"",,,,,,,"",,,"","","",,,,,,,,"",,,,,"",,,,,"","","","",,,,,,"",,,,,"",,,,,"","",,,,,,"",,,,,,,
"","","",,"","","","","","","",,"","","","","","","",,"","","","","","","",,"","","","","",699060,1,"2024-02-22_16h18.37.418","experiment","2023.2.3","Linux x86_64",59.88023952,"640ddabdcf41c28cc4a9ec2e","65d6198c9820d372ff6c9d7f","65d773b5444cff52c32152ba","",,,"",,,"",,,"",,,"",,,"",,,,,"",,,"","",,,,"",,,"","","",,,"","",,,,,"","","",,,,,,,2,"",,,,,"",,,,,,,,,,,"","",,,,,"k",0.8918,,"space",2,"red_gnome",2,7,"dark_forest","red_basket","green_gnome",2,2,"bright_forest","yellow_basket",2,0,0,1,"green_gnome","bright_forest","yellow_basket",278,3,-1,23,1,47,1,1,0.2189,,"",,,"",,,"",,,"",,,,,,,"","",,,"",,,"",,,"",,,,,,,"",,,"","",,,,,,,,"",,,,,,,"",,,"","","",,,,,,,,"",,,,,"",,,,,"","","","",,,,,,"",,,,,"",,,,,"","",,,,,,"",,,,,,,
"","","",,"","","","","","","",,"","","","","","","",,"","","","","","","",,"","","","","",699060,1,"2024-02-22_16h18.37.418","experiment","2023.2.3","Linux x86_64",59.88023952,"640ddabdcf41c28cc4a9ec2e","65d6198c9820d372ff6c9d7f","65d773b5444cff52c32152ba","",,,"",,,"",,,"",,,"",,,"",,,,,"",,,"","",,,,"",,,"","","",,,"","",,,,,"","","",,,,,,,2,"",,,,,"",,,,,,,,,,,"","",,,,,"s",0.9613,,"space",2,"green_gnome",2,5,"bright_forest","yellow_basket","red_gnome",2,6,"dark_forest","red_basket",5,0,0,1,"green_gnome","bright_forest","yellow_basket",283,0,0,24,0,48,1,1,0.3855,,"",,,"",,,"",,,"",,,,,,,"","",,,"",,,"",,,"",,,,,,,"",,,"","",,,,,,,,"",,,,,,,"",,,"","","",,,,,,,,"",,,,,"",,,,,"","","","",,,,,,"",,,,,"",,,,,"","",,,,,,"",,,,,,,
"","","",,"","","","","","","",,"","","","","","","",,"","","","","","","",,"","","","","",699060,1,"2024-02-22_16h18.37.418","experiment","2023.2.3","Linux x86_64",59.88023952,"640ddabdcf41c28cc4a9ec2e","65d6198c9820d372ff6c9d7f","65d773b5444cff52c32152ba","",,,"",,,"",,,"",,,"",,,"",,,,,"",,,"","",,,,"",,,"","","",,,"","",,,,,"","","",,,,,,,1,"",,,,,"",,,,,,,,,,,"","",,,,,"s",0.9431,,"space",1,"purple_gnome",1,5,"bright_forest","yellow_basket","brown_gnomes",1,6,"dark_forest","red_basket",5,0,0,1,"purple_gnome","bright_forest","yellow_basket",288,0,0,24,1,49,0,1,0.2031,,"",,,"",,,"",,,"",,,,,,,"","",,,"",,,"",,,"",,,,,,,"",,,"","",,,,,,,,"",,,,,,,"",,,"","","",,,,,,,,"",,,,,"",,,,,"","","","",,,,,,"",,,,,"",,,,,"","",,,,,,"",,,,,,,
"","","",,"","","","","","","",,"","","","","","","",,"","","","","","","",,"","","","","",699060,1,"2024-02-22_16h18.37.418","experiment","2023.2.3","Linux x86_64",59.88023952,"640ddabdcf41c28cc4a9ec2e","65d6198c9820d372ff6c9d7f","65d773b5444cff52c32152ba","",,,"",,,"",,,"",,,"",,,"",,,,,"",,,"","",,,,"",,,"","","",,,"","",,,,,"","","",,,,,,,2,"",,,,,"",,,,,,,,,,,"","",,,,,"k",0.7581,,"space",2,"red_gnome",2,6,"dark_forest","red_basket","green_gnome",2,5,"bright_forest","yellow_basket",5,0,0,1,"green_gnome","bright_forest","yellow_basket",293,4,1,25,0,50,1,1,0.6635,,"",,,"",,,"",,,"",,,,,,,"","",,,"",,,"",,,"",,,,,,,"",,,"","",,,,,,,,"",,,,,,,"",,,"","","",,,,,,,,"",,,,,"",,,,,"","","","",,,,,,"",,,,,"",,,,,"","",,,,,,"",,,,,,,
"","","",,"","","","","","","",,"","","","","","","",,"","","","","","","",,"","","","","",699060,1,"2024-02-22_16h18.37.418","experiment","2023.2.3","Linux x86_64",59.88023952,"640ddabdcf41c28cc4a9ec2e","65d6198c9820d372ff6c9d7f","65d773b5444cff52c32152ba","",,,"",,,"",,,"",,,"",,,"",,,,,"",,,"","",,,,"",,,"","","",,,"","",,,,,"","","",,,,,,,2,"",,,,,"",,,,,,,,,,,"","",,,,,"",,,"",2,"green_gnome",2,9,"bright_forest","yellow_basket","red_gnome",2,7,"dark_forest","red_basket",0,1,0,0,"","bright_forest","yellow_basket",293,1,-1,25,1,51,1,1,,,"",,,"",,,"",,,"",,,,,,,"","",,,"",,,"",,,"",,,,,,,"",,,"","",,,,,,,,"",,,,,,,"",,,"","","",,,,,,,,"",,,,,"",,,,,"","","","",,,,,,"",,,,,"",,,,,"","",,,,,,"",,,,,,,
"","","",,"","","","","","","",,"","","","","","","",,"","","","","","","",,"","","","","",699060,1,"2024-02-22_16h18.37.418","experiment","2023.2.3","Linux x86_64",59.88023952,"640ddabdcf41c28cc4a9ec2e","65d6198c9820d372ff6c9d7f","65d773b5444cff52c32152ba","",,,"",,,"",,,"",,,"",,,"",,,,,"",,,"","",,,,"",,,"","","",,,"","",,,,,"","","",,,,,,,1,"",,,,,"",,,,,,,,,,,"","",,,,,"k",1.1002,,"",1,"brown_gnomes",1,6,"dark_forest","red_basket","purple_gnome",1,8,"bright_forest","yellow_basket",0,0,1,0,"purple_gnome","bright_forest","yellow_basket",293,-2,-3,26,0,52,0,1,,,"",,,"",,,"",,,"",,,,,,,"","",,,"",,,"",,,"",,,,,,,"",,,"","",,,,,,,,"",,,,,,,"",,,"","","",,,,,,,,"",,,,,"",,,,,"","","","",,,,,,"",,,,,"",,,,,"","",,,,,,"",,,,,,,
"","","",,"","","","","","","",,"","","","","","","",,"","","","","","","",,"","","","","",699060,1,"2024-02-22_16h18.37.418","experiment","2023.2.3","Linux x86_64",59.88023952,"640ddabdcf41c28cc4a9ec2e","65d6198c9820d372ff6c9d7f","65d773b5444cff52c32152ba","",,,"",,,"",,,"",,,"",,,"",,,,,"",,,"","",,,,"",,,"","","",,,"","",,,,,"","","",,,,,,,2,"",,,,,"",,,,,,,,,,,"","",,,,,"k",0.6319,,"space",2,"red_gnome",2,3,"dark_forest","red_basket","green_gnome",2,6,"bright_forest","yellow_basket",6,0,0,1,"green_gnome","bright_forest","yellow_basket",299,-1,-3,26,1,53,1,1,0.8108,,"",,,"",,,"",,,"",,,,,,,"","",,,"",,,"",,,"",,,,,,,"",,,"","",,,,,,,,"",,,,,,,"",,,"","","",,,,,,,,"",,,,,"",,,,,"","","","",,,,,,"",,,,,"",,,,,"","",,,,,,"",,,,,,,
"","","",,"","","","","","","",,"","","","","","","",,"","","","","","","",,"","","","","",699060,1,"2024-02-22_16h18.37.418","experiment","2023.2.3","Linux x86_64",59.88023952,"640ddabdcf41c28cc4a9ec2e","65d6198c9820d372ff6c9d7f","65d773b5444cff52c32152ba","",,,"",,,"",,,"",,,"",,,"",,,,,"",,,"","",,,,"",,,"","","",,,"","",,,,,"","","",,,,,,,1,"",,,,,"",,,,,,,,,,,"","",,,,,"s",0.5622,,"",1,"purple_gnome",1,5,"bright_forest","yellow_basket","brown_gnomes",1,0,"dark_forest","red_basket",0,0,1,0,"purple_gnome","bright_forest","yellow_basket",299,1,0,27,0,54,0,1,,,"",,,"",,,"",,,"",,,,,,,"","",,,"",,,"",,,"",,,,,,,"",,,"","",,,,,,,,"",,,,,,,"",,,"","","",,,,,,,,"",,,,,"",,,,,"","","","",,,,,,"",,,,,"",,,,,"","",,,,,,"",,,,,,,
"","","",,"","","","","","","",,"","","","","","","",,"","","","","","","",,"","","","","",699060,1,"2024-02-22_16h18.37.418","experiment","2023.2.3","Linux x86_64",59.88023952,"640ddabdcf41c28cc4a9ec2e","65d6198c9820d372ff6c9d7f","65d773b5444cff52c32152ba","",,,"",,,"",,,"",,,"",,,"",,,,,"",,,"","",,,,"",,,"","","",,,"","",,,,,"","","",,,,,,,1,"",,,,,"",,,,,,,,,,,"","",,,,,"k",0.8058,,"",1,"brown_gnomes",1,0,"dark_forest","red_basket","purple_gnome",1,6,"bright_forest","yellow_basket",0,0,1,0,"purple_gnome","bright_forest","yellow_basket",299,-1,-3,27,1,55,0,1,,,"",,,"",,,"",,,"",,,,,,,"","",,,"",,,"",,,"",,,,,,,"",,,"","",,,,,,,,"",,,,,,,"",,,"","","",,,,,,,,"",,,,,"",,,,,"","","","",,,,,,"",,,,,"",,,,,"","",,,,,,"",,,,,,,
"","","",,"","","","","","","",,"","","","","","","",,"","","","","","","",,"","","","","",699060,1,"2024-02-22_16h18.37.418","experiment","2023.2.3","Linux x86_64",59.88023952,"640ddabdcf41c28cc4a9ec2e","65d6198c9820d372ff6c9d7f","65d773b5444cff52c32152ba","",,,"",,,"",,,"",,,"",,,"",,,,,"",,,"","",,,,"",,,"","","",,,"","",,,,,"","","",,,,,,,2,"",,,,,"",,,,,,,,,,,"","",,,,,"k",1.0593,,"space",2,"red_gnome",2,3,"dark_forest","red_basket","green_gnome",2,5,"bright_forest","yellow_basket",5,0,0,1,"green_gnome","bright_forest","yellow_basket",304,0,2,28,0,56,1,1,0.6252,,"",,,"",,,"",,,"",,,,,,,"","",,,"",,,"",,,"",,,,,,,"",,,"","",,,,,,,,"",,,,,,,"",,,"","","",,,,,,,,"",,,,,"",,,,,"","","","",,,,,,"",,,,,"",,,,,"","",,,,,,"",,,,,,,
"","","",,"","","","","","","",,"","","","","","","",,"","","","","","","",,"","","","","",699060,1,"2024-02-22_16h18.37.418","experiment","2023.2.3","Linux x86_64",59.88023952,"640ddabdcf41c28cc4a9ec2e","65d6198c9820d372ff6c9d7f","65d773b5444cff52c32152ba","",,,"",,,"",,,"",,,"",,,"",,,,,"",,,"","",,,,"",,,"","","",,,"","",,,,,"","","",,,,,,,1,"",,,,,"",,,,,,,,,,,"","",,,,,"k",0.7106,,"space",1,"brown_gnomes",1,5,"dark_forest","red_basket","purple_gnome",1,5,"bright_forest","yellow_basket",5,0,0,1,"purple_gnome","bright_forest","yellow_basket",309,1,2,28,1,57,0,1,0.283,,"",,,"",,,"",,,"",,,,,,,"","",,,"",,,"",,,"",,,,,,,"",,,"","",,,,,,,,"",,,,,,,"",,,"","","",,,,,,,,"",,,,,"",,,,,"","","","",,,,,,"",,,,,"",,,,,"","",,,,,,"",,,,,,,
"","","",,"","","","","","","",,"","","","","","","",,"","","","","","","",,"","","","","",699060,1,"2024-02-22_16h18.37.418","experiment","2023.2.3","Linux x86_64",59.88023952,"640ddabdcf41c28cc4a9ec2e","65d6198c9820d372ff6c9d7f","65d773b5444cff52c32152ba","",,,"",,,"",,,"",,,"",,,"",,,,,"",,,"","",,,,"",,,"","","",,,"","",,,,,"","","",,,,,,,1,"",,,,,"",,,,,,,,,,,"","",,,,,"s",0.7999,,"space",1,"purple_gnome",1,6,"bright_forest","yellow_basket","brown_gnomes",1,7,"dark_forest","red_basket",6,0,0,1,"purple_gnome","bright_forest","yellow_basket",315,-2,0,29,0,58,0,1,0.2382,,"",,,"",,,"",,,"",,,,,,,"","",,,"",,,"",,,"",,,,,,,"",,,"","",,,,,,,,"",,,,,,,"",,,"","","",,,,,,,,"",,,,,"",,,,,"","","","",,,,,,"",,,,,"",,,,,"","",,,,,,"",,,,,,,
"","","",,"","","","","","","",,"","","","","","","",,"","","","","","","",,"","","","","",699060,1,"2024-02-22_16h18.37.418","experiment","2023.2.3","Linux x86_64",59.88023952,"640ddabdcf41c28cc4a9ec2e","65d6198c9820d372ff6c9d7f","65d773b5444cff52c32152ba","",,,"",,,"",,,"",,,"",,,"",,,,,"",,,"","",,,,"",,,"","","",,,"","",,,,,"","","",,,,,,,2,"",,,,,"",,,,,,,,,,,"","",,,,,"s",0.8585,,"space",2,"green_gnome",2,4,"bright_forest","yellow_basket","red_gnome",2,7,"dark_forest","red_basket",4,0,0,1,"green_gnome","bright_forest","yellow_basket",319,-4,1,29,1,59,1,1,0.0407,,"",,,"",,,"",,,"",,,,,,,"","",,,"",,,"",,,"",,,,,,,"",,,"","",,,,,,,,"",,,,,,,"",,,"","","",,,,,,,,"",,,,,"",,,,,"","","","",,,,,,"",,,,,"",,,,,"","",,,,,,"",,,,,,,
"","","",,"","","","","","","",,"","","","","","","",,"","","","","","","",,"","","","","",699060,1,"2024-02-22_16h18.37.418","experiment","2023.2.3","Linux x86_64",59.88023952,"640ddabdcf41c28cc4a9ec2e","65d6198c9820d372ff6c9d7f","65d773b5444cff52c32152ba","",,,"",,,"",,,"",,,"",,,"",,,,,"",,,"","",,,,"",,,"","","",,,"","",,,,,"","","",,,,,,,1,"",,,,,"",,,,,,,,,,,"","",,,,,"",,,"",1,"brown_gnomes",1,8,"dark_forest","red_basket","purple_gnome",1,0,"bright_forest","yellow_basket",0,1,0,0,"","bright_forest","yellow_basket",319,-2,-1,30,0,60,0,1,,,"",,,"",,,"",,,"",,,,,,,"","",,,"",,,"",,,"",,,,,,,"",,,"","",,,,,,,,"",,,,,,,"",,,"","","",,,,,,,,"",,,,,"",,,,,"","","","",,,,,,"",,,,,"",,,,,"","",,,,,,"",,,,,,,
"","","",,"","","","","","","",,"","","","","","","",,"","","","","","","",,"","","","","",699060,1,"2024-02-22_16h18.37.418","experiment","2023.2.3","Linux x86_64",59.88023952,"640ddabdcf41c28cc4a9ec2e","65d6198c9820d372ff6c9d7f","65d773b5444cff52c32152ba","",,,"",,,"",,,"",,,"",,,"",,,,,"",,,"","",,,,"",,,"","","",,,"","",,,,,"","","",,,,,,,2,"",,,,,"",,,,,,,,,,,"","",,,,,"s",0.6751,,"space",2,"red_gnome",2,7,"dark_forest","red_basket","green_gnome",2,2,"bright_forest","yellow_basket",7,0,0,1,"red_gnome","dark_forest","red_basket",326,0,-2,30,1,61,1,1,0.2029,,"",,,"",,,"",,,"",,,,,,,"","",,,"",,,"",,,"",,,,,,,"",,,"","",,,,,,,,"",,,,,,,"",,,"","","",,,,,,,,"",,,,,"",,,,,"","","","",,,,,,"",,,,,"",,,,,"","",,,,,,"",,,,,,,
"","","",,"","","","","","","",,"","","","","","","",,"","","","","","","",,"","","","","",699060,1,"2024-02-22_16h18.37.418","experiment","2023.2.3","Linux x86_64",59.88023952,"640ddabdcf41c28cc4a9ec2e","65d6198c9820d372ff6c9d7f","65d773b5444cff52c32152ba","",,,"",,,"",,,"",,,"",,,"",,,,,"",,,"","",,,,"",,,"","","",,,"","",,,,,"","","",,,,,,,1,"",,,,,"",,,,,,,,,,,"","",,,,,"k",0.6255,,"space",1,"purple_gnome",1,2,"bright_forest","yellow_basket","brown_gnomes",1,5,"dark_forest","red_basket",5,0,0,1,"brown_gnomes","dark_forest","red_basket",331,0,1,31,0,62,0,1,0.2666,,"",,,"",,,"",,,"",,,,,,,"","",,,"",,,"",,,"",,,,,,,"",,,"","",,,,,,,,"",,,,,,,"",,,"","","",,,,,,,,"",,,,,"",,,,,"","","","",,,,,,"",,,,,"",,,,,"","",,,,,,"",,,,,,,
"","","",,"","","","","","","",,"","","","","","","",,"","","","","","","",,"","","","","",699060,1,"2024-02-22_16h18.37.418","experiment","2023.2.3","Linux x86_64",59.88023952,"640ddabdcf41c28cc4a9ec2e","65d6198c9820d372ff6c9d7f","65d773b5444cff52c32152ba","",,,"",,,"",,,"",,,"",,,"",,,,,"",,,"","",,,,"",,,"","","",,,"","",,,,,"","","",,,,,,,1,"",,,,,"",,,,,,,,,,,"","",,,,,"s",1.1138,,"space",1,"brown_gnomes",1,6,"dark_forest","red_basket","purple_gnome",1,2,"bright_forest","yellow_basket",6,0,0,1,"brown_gnomes","dark_forest","red_basket",337,1,2,31,1,63,0,1,0.0174,,"",,,"",,,"",,,"",,,,,,,"","",,,"",,,"",,,"",,,,,,,"",,,"","",,,,,,,,"",,,,,,,"",,,"","","",,,,,,,,"",,,,,"",,,,,"","","","",,,,,,"",,,,,"",,,,,"","",,,,,,"",,,,,,,
"","","",,"","","","","","","",,"","","","","","","",,"","","","","","","",,"","","","","",699060,1,"2024-02-22_16h18.37.418","experiment","2023.2.3","Linux x86_64",59.88023952,"640ddabdcf41c28cc4a9ec2e","65d6198c9820d372ff6c9d7f","65d773b5444cff52c32152ba","",,,"",,,"",,,"",,,"",,,"",,,,,"",,,"","",,,,"",,,"","","",,,"","",,,,,"","","",,,,,,,1,"",,,,,"",,,,,,,,,,,"","",,,,,"k",0.7748,,"space",1,"purple_gnome",1,3,"bright_forest","yellow_basket","brown_gnomes",1,8,"dark_forest","red_basket",8,0,0,1,"brown_gnomes","dark_forest","red_basket",345,2,3,32,0,64,0,1,0.848,,"",,,"",,,"",,,"",,,,,,,"","",,,"",,,"",,,"",,,,,,,"",,,"","",,,,,,,,"",,,,,,,"",,,"","","",,,,,,,,"",,,,,"",,,,,"","","","",,,,,,"",,,,,"",,,,,"","",,,,,,"",,,,,,,
"","","",,"","","","","","","",,"","","","","","","",,"","","","","","","",,"","","","","",699060,1,"2024-02-22_16h18.37.418","experiment","2023.2.3","Linux x86_64",59.88023952,"640ddabdcf41c28cc4a9ec2e","65d6198c9820d372ff6c9d7f","65d773b5444cff52c32152ba","",,,"",,,"",,,"",,,"",,,"",,,,,"",,,"","",,,,"",,,"","","",,,"","",,,,,"","","",,,,,,,1,"",,,,,"",,,,,,,,,,,"","",,,,,"s",0.9597,,"space",1,"brown_gnomes",1,7,"dark_forest","red_basket","purple_gnome",1,5,"bright_forest","yellow_basket",7,0,0,1,"brown_gnomes","dark_forest","red_basket",352,-2,1,32,1,65,0,1,0.4354,,"",,,"",,,"",,,"",,,,,,,"","",,,"",,,"",,,"",,,,,,,"",,,"","",,,,,,,,"",,,,,,,"",,,"","","",,,,,,,,"",,,,,"",,,,,"","","","",,,,,,"",,,,,"",,,,,"","",,,,,,"",,,,,,,
"","","",,"","","","","","","",,"","","","","","","",,"","","","","","","",,"","","","","",699060,1,"2024-02-22_16h18.37.418","experiment","2023.2.3","Linux x86_64",59.88023952,"640ddabdcf41c28cc4a9ec2e","65d6198c9820d372ff6c9d7f","65d773b5444cff52c32152ba","",,,"",,,"",,,"",,,"",,,"",,,,,"",,,"","",,,,"",,,"","","",,,"","",,,,,"","","",,,,,,,2,"",,,,,"",,,,,,,,,,,"","",,,,,"s",0.9086,,"space",2,"green_gnome",2,3,"bright_forest","yellow_basket","red_gnome",2,8,"dark_forest","red_basket",3,0,0,1,"green_gnome","bright_forest","yellow_basket",355,0,-1,33,0,66,1,1,0.6705,,"",,,"",,,"",,,"",,,,,,,"","",,,"",,,"",,,"",,,,,,,"",,,"","",,,,,,,,"",,,,,,,"",,,"","","",,,,,,,,"",,,,,"",,,,,"","","","",,,,,,"",,,,,"",,,,,"","",,,,,,"",,,,,,,
"","","",,"","","","","","","",,"","","","","","","",,"","","","","","","",,"","","","","",699060,1,"2024-02-22_16h18.37.418","experiment","2023.2.3","Linux x86_64",59.88023952,"640ddabdcf41c28cc4a9ec2e","65d6198c9820d372ff6c9d7f","65d773b5444cff52c32152ba","",,,"",,,"",,,"",,,"",,,"",,,,,"",,,"","",,,,"",,,"","","",,,"","",,,,,"","","",,,,,,,1,"",,,,,"",,,,,,,,,,,"","",,,,,"k",0.9759,,"space",1,"purple_gnome",1,3,"bright_forest","yellow_basket","brown_gnomes",1,7,"dark_forest","red_basket",7,0,0,1,"brown_gnomes","dark_forest","red_basket",362,-2,0,33,1,67,0,1,0.2153,,"",,,"",,,"",,,"",,,,,,,"","",,,"",,,"",,,"",,,,,,,"",,,"","",,,,,,,,"",,,,,,,"",,,"","","",,,,,,,,"",,,,,"",,,,,"","","","",,,,,,"",,,,,"",,,,,"","",,,,,,"",,,,,,,
"","","",,"","","","","","","",,"","","","","","","",,"","","","","","","",,"","","","","",699060,1,"2024-02-22_16h18.37.418","experiment","2023.2.3","Linux x86_64",59.88023952,"640ddabdcf41c28cc4a9ec2e","65d6198c9820d372ff6c9d7f","65d773b5444cff52c32152ba","",,,"",,,"",,,"",,,"",,,"",,,,,"",,,"","",,,,"",,,"","","",,,"","",,,,,"","","",,,,,,,2,"",,,,,"",,,,,,,,,,,"","",,,,,"",,,"",2,"red_gnome",2,7,"dark_forest","red_basket","green_gnome",2,1,"bright_forest","yellow_basket",0,1,0,0,"","dark_forest","red_basket",362,2,3,34,0,68,1,1,,,"",,,"",,,"",,,"",,,,,,,"","",,,"",,,"",,,"",,,,,,,"",,,"","",,,,,,,,"",,,,,,,"",,,"","","",,,,,,,,"",,,,,"",,,,,"","","","",,,,,,"",,,,,"",,,,,"","",,,,,,"",,,,,,,
"","","",,"","","","","","","",,"","","","","","","",,"","","","","","","",,"","","","","",699060,1,"2024-02-22_16h18.37.418","experiment","2023.2.3","Linux x86_64",59.88023952,"640ddabdcf41c28cc4a9ec2e","65d6198c9820d372ff6c9d7f","65d773b5444cff52c32152ba","",,,"",,,"",,,"",,,"",,,"",,,,,"",,,"","",,,,"",,,"","","",,,"","",,,,,"","","",,,,,,,2,"",,,,,"",,,,,,,,,,,"","",,,,,"s",1.2934,,"space",2,"red_gnome",2,8,"dark_forest","red_basket","green_gnome",2,3,"bright_forest","yellow_basket",8,0,0,1,"red_gnome","dark_forest","red_basket",370,1,0,34,1,69,1,1,0.6433,,"",,,"",,,"",,,"",,,,,,,"","",,,"",,,"",,,"",,,,,,,"",,,"","",,,,,,,,"",,,,,,,"",,,"","","",,,,,,,,"",,,,,"",,,,,"","","","",,,,,,"",,,,,"",,,,,"","",,,,,,"",,,,,,,
"","","",,"","","","","","","",,"","","","","","","",,"","","","","","","",,"","","","","",699060,1,"2024-02-22_16h18.37.418","experiment","2023.2.3","Linux x86_64",59.88023952,"640ddabdcf41c28cc4a9ec2e","65d6198c9820d372ff6c9d7f","65d773b5444cff52c32152ba","",,,"",,,"",,,"",,,"",,,"",,,,,"",,,"","",,,,"",,,"","","",,,"","",,,,,"","","",,,,,,,2,"",,,,,"",,,,,,,,,,,"","",,,,,"",,,"",2,"red_gnome",2,8,"dark_forest","red_basket","green_gnome",2,4,"bright_forest","yellow_basket",0,1,0,0,"","dark_forest","red_basket",370,-3,-2,35,0,70,1,1,,,"",,,"",,,"",,,"",,,,,,,"","",,,"",,,"",,,"",,,,,,,"",,,"","",,,,,,,,"",,,,,,,"",,,"","","",,,,,,,,"",,,,,"",,,,,"","","","",,,,,,"",,,,,"",,,,,"","",,,,,,"",,,,,,,
"","","",,"","","","","","","",,"","","","","","","",,"","","","","","","",,"","","","","",699060,1,"2024-02-22_16h18.37.418","experiment","2023.2.3","Linux x86_64",59.88023952,"640ddabdcf41c28cc4a9ec2e","65d6198c9820d372ff6c9d7f","65d773b5444cff52c32152ba","",,,"",,,"",,,"",,,"",,,"",,,,,"",,,"","",,,,"",,,"","","",,,"","",,,,,"","","",,,,,,,1,"",,,,,"",,,,,,,,,,,"","",,,,,"k",0.9068,,"space",1,"purple_gnome",1,1,"bright_forest","yellow_basket","brown_gnomes",1,6,"dark_forest","red_basket",6,0,0,1,"brown_gnomes","dark_forest","red_basket",376,-3,-1,35,1,71,0,1,0.0437,,"",,,"",,,"",,,"",,,,,,,"","",,,"",,,"",,,"",,,,,,,"",,,"","",,,,,,,,"",,,,,,,"",,,"","","",,,,,,,,"",,,,,"",,,,,"","","","",,,,,,"",,,,,"",,,,,"","",,,,,,"",,,,,,,
"","","",,"","","","","","","",,"","","","","","","",,"","","","","","","",,"","","","","",699060,1,"2024-02-22_16h18.37.418","experiment","2023.2.3","Linux x86_64",59.88023952,"640ddabdcf41c28cc4a9ec2e","65d6198c9820d372ff6c9d7f","65d773b5444cff52c32152ba","",,,"",,,"",,,"",,,"",,,"",,,,,"",,,"","",,,,"",,,"","","",,,"","",,,,,"","","",,,,,,,2,"",,,,,"",,,,,,,,,,,"","",,,,,"s",1.0286,,"space",2,"red_gnome",2,5,"dark_forest","red_basket","green_gnome",2,2,"bright_forest","yellow_basket",5,0,0,1,"red_gnome","dark_forest","red_basket",381,0,0,36,0,72,1,1,0.0622,,"",,,"",,,"",,,"",,,,,,,"","",,,"",,,"",,,"",,,,,,,"",,,"","",,,,,,,,"",,,,,,,"",,,"","","",,,,,,,,"",,,,,"",,,,,"","","","",,,,,,"",,,,,"",,,,,"","",,,,,,"",,,,,,,
"","","",,"","","","","","","",,"","","","","","","",,"","","","","","","",,"","","","","",699060,1,"2024-02-22_16h18.37.418","experiment","2023.2.3","Linux x86_64",59.88023952,"640ddabdcf41c28cc4a9ec2e","65d6198c9820d372ff6c9d7f","65d773b5444cff52c32152ba","",,,"",,,"",,,"",,,"",,,"",,,,,"",,,"","",,,,"",,,"","","",,,"","",,,,,"","","",,,,,,,2,"",,,,,"",,,,,,,,,,,"","",,,,,"s",0.961,,"space",2,"red_gnome",2,5,"dark_forest","red_basket","green_gnome",2,2,"bright_forest","yellow_basket",5,0,0,1,"red_gnome","dark_forest","red_basket",386,2,-3,36,1,73,1,1,0.1077,,"",,,"",,,"",,,"",,,,,,,"","",,,"",,,"",,,"",,,,,,,"",,,"","",,,,,,,,"",,,,,,,"",,,"","","",,,,,,,,"",,,,,"",,,,,"","","","",,,,,,"",,,,,"",,,,,"","",,,,,,"",,,,,,,
"","","",,"","","","","","","",,"","","","","","","",,"","","","","","","",,"","","","","",699060,1,"2024-02-22_16h18.37.418","experiment","2023.2.3","Linux x86_64",59.88023952,"640ddabdcf41c28cc4a9ec2e","65d6198c9820d372ff6c9d7f","65d773b5444cff52c32152ba","",,,"",,,"",,,"",,,"",,,"",,,,,"",,,"","",,,,"",,,"","","",,,"","",,,,,"","","",,,,,,,2,"",,,,,"",,,,,,,,,,,"","",,,,,"",,,"",2,"green_gnome",2,4,"bright_forest","yellow_basket","red_gnome",2,2,"dark_forest","red_basket",0,1,0,0,"","dark_forest","red_basket",386,0,-1,37,0,74,1,1,,,"",,,"",,,"",,,"",,,,,,,"","",,,"",,,"",,,"",,,,,,,"",,,"","",,,,,,,,"",,,,,,,"",,,"","","",,,,,,,,"",,,,,"",,,,,"","","","",,,,,,"",,,,,"",,,,,"","",,,,,,"",,,,,,,
"","","",,"","","","","","","",,"","","","","","","",,"","","","","","","",,"","","","","",699060,1,"2024-02-22_16h18.37.418","experiment","2023.2.3","Linux x86_64",59.88023952,"640ddabdcf41c28cc4a9ec2e","65d6198c9820d372ff6c9d7f","65d773b5444cff52c32152ba","",,,"",,,"",,,"",,,"",,,"",,,,,"",,,"","",,,,"",,,"","","",,,"","",,,,,"","","",,,,,,,1,"",,,,,"",,,,,,,,,,,"","",,,,,"s",0.9254,,"space",1,"brown_gnomes",1,1,"dark_forest","red_basket","purple_gnome",1,4,"bright_forest","yellow_basket",1,0,0,1,"brown_gnomes","dark_forest","red_basket",387,0,-3,37,1,75,0,1,0.7075,,"",,,"",,,"",,,"",,,,,,,"","",,,"",,,"",,,"",,,,,,,"",,,"","",,,,,,,,"",,,,,,,"",,,"","","",,,,,,,,"",,,,,"",,,,,"","","","",,,,,,"",,,,,"",,,,,"","",,,,,,"",,,,,,,
"","","",,"","","","","","","",,"","","","","","","",,"","","","","","","",,"","","","","",699060,1,"2024-02-22_16h18.37.418","experiment","2023.2.3","Linux x86_64",59.88023952,"640ddabdcf41c28cc4a9ec2e","65d6198c9820d372ff6c9d7f","65d773b5444cff52c32152ba","",,,"",,,"",,,"",,,"",,,"",,,,,"",,,"","",,,,"",,,"","","",,,"","",,,,,"","","",,,,,,,2,"",,,,,"",,,,,,,,,,,"","",,,,,"k",1.1644,,"space",2,"red_gnome",2,2,"dark_forest","red_basket","green_gnome",2,4,"bright_forest","yellow_basket",4,0,0,1,"green_gnome","bright_forest","yellow_basket",391,1,1,38,0,76,1,1,0.101,,"",,,"",,,"",,,"",,,,,,,"","",,,"",,,"",,,"",,,,,,,"",,,"","",,,,,,,,"",,,,,,,"",,,"","","",,,,,,,,"",,,,,"",,,,,"","","","",,,,,,"",,,,,"",,,,,"","",,,,,,"",,,,,,,
"","","",,"","","","","","","",,"","","","","","","",,"","","","","","","",,"","","","","",699060,1,"2024-02-22_16h18.37.418","experiment","2023.2.3","Linux x86_64",59.88023952,"640ddabdcf41c28cc4a9ec2e","65d6198c9820d372ff6c9d7f","65d773b5444cff52c32152ba","",,,"",,,"",,,"",,,"",,,"",,,,,"",,,"","",,,,"",,,"","","",,,"","",,,,,"","","",,,,,,,2,"",,,,,"",,,,,,,,,,,"","",,,,,"k",0.9456,,"space",2,"red_gnome",2,3,"dark_forest","red_basket","green_gnome",2,5,"bright_forest","yellow_basket",5,0,0,1,"green_gnome","bright_forest","yellow_basket",396,1,0,38,1,77,1,1,0.517,,"",,,"",,,"",,,"",,,,,,,"","",,,"",,,"",,,"",,,,,,,"",,,"","",,,,,,,,"",,,,,,,"",,,"","","",,,,,,,,"",,,,,"",,,,,"","","","",,,,,,"",,,,,"",,,,,"","",,,,,,"",,,,,,,
"","","",,"","","","","","","",,"","","","","","","",,"","","","","","","",,"","","","","",699060,1,"2024-02-22_16h18.37.418","experiment","2023.2.3","Linux x86_64",59.88023952,"640ddabdcf41c28cc4a9ec2e","65d6198c9820d372ff6c9d7f","65d773b5444cff52c32152ba","",,,"",,,"",,,"",,,"",,,"",,,,,"",,,"","",,,,"",,,"","","",,,"","",,,,,"","","",,,,,,,2,"",,,,,"",,,,,,,,,,,"","",,,,,"k",0.7088,,"space",2,"red_gnome",2,3,"dark_forest","red_basket","green_gnome",2,6,"bright_forest","yellow_basket",6,0,0,1,"green_gnome","bright_forest","yellow_basket",402,-2,6,39,0,78,1,1,0.0823,,"",,,"",,,"",,,"",,,,,,,"","",,,"",,,"",,,"",,,,,,,"",,,"","",,,,,,,,"",,,,,,,"",,,"","","",,,,,,,,"",,,,,"",,,,,"","","","",,,,,,"",,,,,"",,,,,"","",,,,,,"",,,,,,,
"","","",,"","","","","","","",,"","","","","","","",,"","","","","","","",,"","","","","",699060,1,"2024-02-22_16h18.37.418","experiment","2023.2.3","Linux x86_64",59.88023952,"640ddabdcf41c28cc4a9ec2e","65d6198c9820d372ff6c9d7f","65d773b5444cff52c32152ba","",,,"",,,"",,,"",,,"",,,"",,,,,"",,,"","",,,,"",,,"","","",,,"","",,,,,"","","",,,,,,,1,"",,,,,"",,,,,,,,,,,"","",,,,,"k",1.2599,,"space",1,"brown_gnomes",1,9,"dark_forest","red_basket","purple_gnome",1,4,"bright_forest","yellow_basket",4,0,0,1,"purple_gnome","bright_forest","yellow_basket",406,0,1,39,1,79,0,1,0.2156,,"",,,"",,,"",,,"",,,,,,,"","",,,"",,,"",,,"",,,,,,,"",,,"","",,,,,,,,"",,,,,,,"",,,"","","",,,,,,,,"",,,,,"",,,,,"","","","",,,,,,"",,,,,"",,,,,"","",,,,,,"",,,,,,,
"","","",,"","","","","","","",,"","","","","","","",,"","","","","","","",,"","","","","",699060,1,"2024-02-22_16h18.37.418","experiment","2023.2.3","Linux x86_64",59.88023952,"640ddabdcf41c28cc4a9ec2e","65d6198c9820d372ff6c9d7f","65d773b5444cff52c32152ba","",,,"",,,"",,,"",,,"",,,"",,,,,"",,,"","",,,,"",,,"","","",,,"","",,,,,"","","",,,,,,,1,"",,,,,"",,,,,,,,,,,"","",,,,,"k",0.8717,,"space",1,"brown_gnomes",1,8,"dark_forest","red_basket","purple_gnome",1,4,"bright_forest","yellow_basket",4,0,0,1,"purple_gnome","bright_forest","yellow_basket",410,1,-1,40,0,80,0,1,0.0423,,"",,,"",,,"",,,"",,,,,,,"","",,,"",,,"",,,"",,,,,,,"",,,"","",,,,,,,,"",,,,,,,"",,,"","","",,,,,,,,"",,,,,"",,,,,"","","","",,,,,,"",,,,,"",,,,,"","",,,,,,"",,,,,,,
"","","",,"","","","","","","",,"","","","","","","",,"","","","","","","",,"","","","","",699060,1,"2024-02-22_16h18.37.418","experiment","2023.2.3","Linux x86_64",59.88023952,"640ddabdcf41c28cc4a9ec2e","65d6198c9820d372ff6c9d7f","65d773b5444cff52c32152ba","",,,"",,,"",,,"",,,"",,,"",,,,,"",,,"","",,,,"",,,"","","",,,"","",,,,,"","","",,,,,,,1,"",,,,,"",,,,,,,,,,,"","",,,,,"k",1.3077,,"space",1,"purple_gnome",1,5,"bright_forest","yellow_basket","brown_gnomes",1,7,"dark_forest","red_basket",7,0,0,1,"brown_gnomes","dark_forest","red_basket",417,1,3,40,1,81,0,1,0.1831,,"",,,"",,,"",,,"",,,,,,,"","",,,"",,,"",,,"",,,,,,,"",,,"","",,,,,,,,"",,,,,,,"",,,"","","",,,,,,,,"",,,,,"",,,,,"","","","",,,,,,"",,,,,"",,,,,"","",,,,,,"",,,,,,,
"","","",,"","","","","","","",,"","","","","","","",,"","","","","","","",,"","","","","",699060,1,"2024-02-22_16h18.37.418","experiment","2023.2.3","Linux x86_64",59.88023952,"640ddabdcf41c28cc4a9ec2e","65d6198c9820d372ff6c9d7f","65d773b5444cff52c32152ba","",,,"",,,"",,,"",,,"",,,"",,,,,"",,,"","",,,,"",,,"","","",,,"","",,,,,"","","",,,,,,,1,"",,,,,"",,,,,,,,,,,"","",,,,,"k",1.0389,,"space",1,"purple_gnome",1,6,"bright_forest","yellow_basket","brown_gnomes",1,8,"dark_forest","red_basket",8,0,0,1,"brown_gnomes","dark_forest","red_basket",425,3,0,41,0,82,0,1,0.6126,,"",,,"",,,"",,,"",,,,,,,"","",,,"",,,"",,,"",,,,,,,"",,,"","",,,,,,,,"",,,,,,,"",,,"","","",,,,,,,,"",,,,,"",,,,,"","","","",,,,,,"",,,,,"",,,,,"","",,,,,,"",,,,,,,
"","","",,"","","","","","","",,"","","","","","","",,"","","","","","","",,"","","","","",699060,1,"2024-02-22_16h18.37.418","experiment","2023.2.3","Linux x86_64",59.88023952,"640ddabdcf41c28cc4a9ec2e","65d6198c9820d372ff6c9d7f","65d773b5444cff52c32152ba","",,,"",,,"",,,"",,,"",,,"",,,,,"",,,"","",,,,"",,,"","","",,,"","",,,,,"","","",,,,,,,2,"",,,,,"",,,,,,,,,,,"","",,,,,"s",1.1453,,"space",2,"green_gnome",2,9,"bright_forest","yellow_basket","red_gnome",2,8,"dark_forest","red_basket",9,0,0,1,"green_gnome","bright_forest","yellow_basket",434,0,-1,41,1,83,1,1,1.126,,"",,,"",,,"",,,"",,,,,,,"","",,,"",,,"",,,"",,,,,,,"",,,"","",,,,,,,,"",,,,,,,"",,,"","","",,,,,,,,"",,,,,"",,,,,"","","","",,,,,,"",,,,,"",,,,,"","",,,,,,"",,,,,,,
"","","",,"","","","","","","",,"","","","","","","",,"","","","","","","",,"","","","","",699060,1,"2024-02-22_16h18.37.418","experiment","2023.2.3","Linux x86_64",59.88023952,"640ddabdcf41c28cc4a9ec2e","65d6198c9820d372ff6c9d7f","65d773b5444cff52c32152ba","",,,"",,,"",,,"",,,"",,,"",,,,,"",,,"","",,,,"",,,"","","",,,"","",,,,,"","","",,,,,,,2,"",,,,,"",,,,,,,,,,,"","",,,,,"",,,"",2,"green_gnome",2,9,"bright_forest","yellow_basket","red_gnome",2,7,"dark_forest","red_basket",0,1,0,0,"","bright_forest","yellow_basket",434,2,-2,42,0,84,1,1,,,"",,,"",,,"",,,"",,,,,,,"","",,,"",,,"",,,"",,,,,,,"",,,"","",,,,,,,,"",,,,,,,"",,,"","","",,,,,,,,"",,,,,"",,,,,"","","","",,,,,,"",,,,,"",,,,,"","",,,,,,"",,,,,,,
"","","",,"","","","","","","",,"","","","","","","",,"","","","","","","",,"","","","","",699060,1,"2024-02-22_16h18.37.418","experiment","2023.2.3","Linux x86_64",59.88023952,"640ddabdcf41c28cc4a9ec2e","65d6198c9820d372ff6c9d7f","65d773b5444cff52c32152ba","",,,"",,,"",,,"",,,"",,,"",,,,,"",,,"","",,,,"",,,"","","",,,"","",,,,,"","","",,,,,,,2,"",,,,,"",,,,,,,,,,,"","",,,,,"s",0.4213,,"space",2,"green_gnome",2,7,"bright_forest","yellow_basket","red_gnome",2,5,"dark_forest","red_basket",7,0,0,1,"green_gnome","bright_forest","yellow_basket",441,-2,2,42,1,85,1,1,0.2295,,"",,,"",,,"",,,"",,,,,,,"","",,,"",,,"",,,"",,,,,,,"",,,"","",,,,,,,,"",,,,,,,"",,,"","","",,,,,,,,"",,,,,"",,,,,"","","","",,,,,,"",,,,,"",,,,,"","",,,,,,"",,,,,,,
"","","",,"","","","","","","",,"","","","","","","",,"","","","","","","",,"","","","","",699060,1,"2024-02-22_16h18.37.418","experiment","2023.2.3","Linux x86_64",59.88023952,"640ddabdcf41c28cc4a9ec2e","65d6198c9820d372ff6c9d7f","65d773b5444cff52c32152ba","",,,"",,,"",,,"",,,"",,,"",,,,,"",,,"","",,,,"",,,"","","",,,"","",,,,,"","","",,,,,,,2,"",,,,,"",,,,,,,,,,,"","",,,,,"k",1.0057,,"space",2,"red_gnome",2,7,"dark_forest","red_basket","green_gnome",2,5,"bright_forest","yellow_basket",5,0,0,1,"green_gnome","bright_forest","yellow_basket",446,-1,0,43,0,86,1,1,0.3365,,"",,,"",,,"",,,"",,,,,,,"","",,,"",,,"",,,"",,,,,,,"",,,"","",,,,,,,,"",,,,,,,"",,,"","","",,,,,,,,"",,,,,"",,,,,"","","","",,,,,,"",,,,,"",,,,,"","",,,,,,"",,,,,,,
"","","",,"","","","","","","",,"","","","","","","",,"","","","","","","",,"","","","","",699060,1,"2024-02-22_16h18.37.418","experiment","2023.2.3","Linux x86_64",59.88023952,"640ddabdcf41c28cc4a9ec2e","65d6198c9820d372ff6c9d7f","65d773b5444cff52c32152ba","",,,"",,,"",,,"",,,"",,,"",,,,,"",,,"","",,,,"",,,"","","",,,"","",,,,,"","","",,,,,,,1,"",,,,,"",,,,,,,,,,,"","",,,,,"s",1.1693,,"space",1,"brown_gnomes",1,7,"dark_forest","red_basket","purple_gnome",1,4,"bright_forest","yellow_basket",7,0,0,1,"brown_gnomes","dark_forest","red_basket",453,-2,-2,43,1,87,0,1,0.3687,,"",,,"",,,"",,,"",,,,,,,"","",,,"",,,"",,,"",,,,,,,"",,,"","",,,,,,,,"",,,,,,,"",,,"","","",,,,,,,,"",,,,,"",,,,,"","","","",,,,,,"",,,,,"",,,,,"","",,,,,,"",,,,,,,
"","","",,"","","","","","","",,"","","","","","","",,"","","","","","","",,"","","","","",699060,1,"2024-02-22_16h18.37.418","experiment","2023.2.3","Linux x86_64",59.88023952,"640ddabdcf41c28cc4a9ec2e","65d6198c9820d372ff6c9d7f","65d773b5444cff52c32152ba","",,,"",,,"",,,"",,,"",,,"",,,,,"",,,"","",,,,"",,,"","","",,,"","",,,,,"","","",,,,,,,2,"",,,,,"",,,,,,,,,,,"","",,,,,"s",0.8263,,"space",2,"red_gnome",2,5,"dark_forest","red_basket","green_gnome",2,2,"bright_forest","yellow_basket",5,0,0,1,"red_gnome","dark_forest","red_basket",458,1,-1,44,0,88,1,1,0.4137,,"",,,"",,,"",,,"",,,,,,,"","",,,"",,,"",,,"",,,,,,,"",,,"","",,,,,,,,"",,,,,,,"",,,"","","",,,,,,,,"",,,,,"",,,,,"","","","",,,,,,"",,,,,"",,,,,"","",,,,,,"",,,,,,,
"","","",,"","","","","","","",,"","","","","","","",,"","","","","","","",,"","","","","",699060,1,"2024-02-22_16h18.37.418","experiment","2023.2.3","Linux x86_64",59.88023952,"640ddabdcf41c28cc4a9ec2e","65d6198c9820d372ff6c9d7f","65d773b5444cff52c32152ba","",,,"",,,"",,,"",,,"",,,"",,,,,"",,,"","",,,,"",,,"","","",,,"","",,,,,"","","",,,,,,,2,"",,,,,"",,,,,,,,,,,"","",,,,,"k",0.9057,,"space",2,"green_gnome",2,3,"bright_forest","yellow_basket","red_gnome",2,4,"dark_forest","red_basket",4,0,0,1,"red_gnome","dark_forest","red_basket",462,0,-3,44,1,89,1,1,0.4811,,"",,,"",,,"",,,"",,,,,,,"","",,,"",,,"",,,"",,,,,,,"",,,"","",,,,,,,,"",,,,,,,"",,,"","","",,,,,,,,"",,,,,"",,,,,"","","","",,,,,,"",,,,,"",,,,,"","",,,,,,"",,,,,,,
"","","",,"","","","","","","",,"","","","","","","",,"","","","","","","",,"","","","","",699060,1,"2024-02-22_16h18.37.418","experiment","2023.2.3","Linux x86_64",59.88023952,"640ddabdcf41c28cc4a9ec2e","65d6198c9820d372ff6c9d7f","65d773b5444cff52c32152ba","",,,"",,,"",,,"",,,"",,,"",,,,,"",,,"","",,,,"",,,"","","",,,"","",,,,,"","","",,,,,,,2,"",,,,,"",,,,,,,,,,,"","",,,,,"s",0.7753,,"space",2,"green_gnome",2,3,"bright_forest","yellow_basket","red_gnome",2,1,"dark_forest","red_basket",3,0,0,1,"green_gnome","bright_forest","yellow_basket",465,4,-2,45,0,90,1,1,0.4294,,"",,,"",,,"",,,"",,,,,,,"","",,,"",,,"",,,"",,,,,,,"",,,"","",,,,,,,,"",,,,,,,"",,,"","","",,,,,,,,"",,,,,"",,,,,"","","","",,,,,,"",,,,,"",,,,,"","",,,,,,"",,,,,,,
"","","",,"","","","","","","",,"","","","","","","",,"","","","","","","",,"","","","","",699060,1,"2024-02-22_16h18.37.418","experiment","2023.2.3","Linux x86_64",59.88023952,"640ddabdcf41c28cc4a9ec2e","65d6198c9820d372ff6c9d7f","65d773b5444cff52c32152ba","",,,"",,,"",,,"",,,"",,,"",,,,,"",,,"","",,,,"",,,"","","",,,"","",,,,,"","","",,,,,,,2,"",,,,,"",,,,,,,,,,,"","",,,,,"k",0.7471,,"space",2,"green_gnome",2,7,"bright_forest","yellow_basket","red_gnome",2,1,"dark_forest","red_basket",1,0,0,1,"red_gnome","dark_forest","red_basket",466,-1,-2,45,1,91,1,1,0.4115,,"",,,"",,,"",,,"",,,,,,,"","",,,"",,,"",,,"",,,,,,,"",,,"","",,,,,,,,"",,,,,,,"",,,"","","",,,,,,,,"",,,,,"",,,,,"","","","",,,,,,"",,,,,"",,,,,"","",,,,,,"",,,,,,,
"","","",,"","","","","","","",,"","","","","","","",,"","","","","","","",,"","","","","",699060,1,"2024-02-22_16h18.37.418","experiment","2023.2.3","Linux x86_64",59.88023952,"640ddabdcf41c28cc4a9ec2e","65d6198c9820d372ff6c9d7f","65d773b5444cff52c32152ba","",,,"",,,"",,,"",,,"",,,"",,,,,"",,,"","",,,,"",,,"","","",,,"","",,,,,"","","",,,,,,,1,"",,,,,"",,,,,,,,,,,"","",,,,,"",,,"",1,"brown_gnomes",1,1,"dark_forest","red_basket","purple_gnome",1,6,"bright_forest","yellow_basket",0,1,0,0,"","dark_forest","red_basket",466,-1,0,46,0,92,0,1,,,"",,,"",,,"",,,"",,,,,,,"","",,,"",,,"",,,"",,,,,,,"",,,"","",,,,,,,,"",,,,,,,"",,,"","","",,,,,,,,"",,,,,"",,,,,"","","","",,,,,,"",,,,,"",,,,,"","",,,,,,"",,,,,,,
"","","",,"","","","","","","",,"","","","","","","",,"","","","","","","",,"","","","","",699060,1,"2024-02-22_16h18.37.418","experiment","2023.2.3","Linux x86_64",59.88023952,"640ddabdcf41c28cc4a9ec2e","65d6198c9820d372ff6c9d7f","65d773b5444cff52c32152ba","",,,"",,,"",,,"",,,"",,,"",,,,,"",,,"","",,,,"",,,"","","",,,"","",,,,,"","","",,,,,,,1,"",,,,,"",,,,,,,,,,,"","",,,,,"s",1.4398,,"space",1,"brown_gnomes",1,1,"dark_forest","red_basket","purple_gnome",1,5,"bright_forest","yellow_basket",1,0,0,1,"brown_gnomes","dark_forest","red_basket",467,-1,5,46,1,93,0,1,0.5362,,"",,,"",,,"",,,"",,,,,,,"","",,,"",,,"",,,"",,,,,,,"",,,"","",,,,,,,,"",,,,,,,"",,,"","","",,,,,,,,"",,,,,"",,,,,"","","","",,,,,,"",,,,,"",,,,,"","",,,,,,"",,,,,,,
"","","",,"","","","","","","",,"","","","","","","",,"","","","","","","",,"","","","","",699060,1,"2024-02-22_16h18.37.418","experiment","2023.2.3","Linux x86_64",59.88023952,"640ddabdcf41c28cc4a9ec2e","65d6198c9820d372ff6c9d7f","65d773b5444cff52c32152ba","",,,"",,,"",,,"",,,"",,,"",,,,,"",,,"","",,,,"",,,"","","",,,"","",,,,,"","","",,,,,,,1,"",,,,,"",,,,,,,,,,,"","",,,,,"k",0.8764,,"space",1,"purple_gnome",1,4,"bright_forest","yellow_basket","brown_gnomes",1,6,"dark_forest","red_basket",6,0,0,1,"brown_gnomes","dark_forest","red_basket",473,1,1,47,0,94,0,1,0.3751,,"",,,"",,,"",,,"",,,,,,,"","",,,"",,,"",,,"",,,,,,,"",,,"","",,,,,,,,"",,,,,,,"",,,"","","",,,,,,,,"",,,,,"",,,,,"","","","",,,,,,"",,,,,"",,,,,"","",,,,,,"",,,,,,,
"","","",,"","","","","","","",,"","","","","","","",,"","","","","","","",,"","","","","",699060,1,"2024-02-22_16h18.37.418","experiment","2023.2.3","Linux x86_64",59.88023952,"640ddabdcf41c28cc4a9ec2e","65d6198c9820d372ff6c9d7f","65d773b5444cff52c32152ba","",,,"",,,"",,,"",,,"",,,"",,,,,"",,,"","",,,,"",,,"","","",,,"","",,,,,"","","",,,,,,,1,"",,,,,"",,,,,,,,,,,"","",,,,,"k",0.6926,,"space",1,"purple_gnome",1,5,"bright_forest","yellow_basket","brown_gnomes",1,7,"dark_forest","red_basket",7,0,0,1,"brown_gnomes","dark_forest","red_basket",480,-3,1,47,1,95,0,1,0.6314,,"",,,"",,,"",,,"",,,,,,,"","",,,"",,,"",,,"",,,,,,,"",,,"","",,,,,,,,"",,,,,,,"",,,"","","",,,,,,,,"",,,,,"",,,,,"","","","",,,,,,"",,,,,"",,,,,"","",,,,,,"",,,,,,,
"","","",,"","","","","","","",,"","","","","","","",,"","","","","","","",,"","","","","",699060,1,"2024-02-22_16h18.37.418","experiment","2023.2.3","Linux x86_64",59.88023952,"640ddabdcf41c28cc4a9ec2e","65d6198c9820d372ff6c9d7f","65d773b5444cff52c32152ba","",,,"",,,"",,,"",,,"",,,"",,,,,"",,,"","",,,,"",,,"","","",,,"","",,,,,"","","",,,,,,,2,"",,,,,"",,,,,,,,,,,"","",,,,,"",,,"",2,"green_gnome",2,2,"bright_forest","yellow_basket","red_gnome",2,8,"dark_forest","red_basket",0,1,0,0,"","dark_forest","red_basket",480,0,-1,48,0,96,1,1,,,"",,,"",,,"",,,"",,,,,,,"","",,,"",,,"",,,"",,,,,,,"",,,"","",,,,,,,,"",,,,,,,"",,,"","","",,,,,,,,"",,,,,"",,,,,"","","","",,,,,,"",,,,,"",,,,,"","",,,,,,"",,,,,,,
"","","",,"","","","","","","",,"","","","","","","",,"","","","","","","",,"","","","","",699060,1,"2024-02-22_16h18.37.418","experiment","2023.2.3","Linux x86_64",59.88023952,"640ddabdcf41c28cc4a9ec2e","65d6198c9820d372ff6c9d7f","65d773b5444cff52c32152ba","",,,"",,,"",,,"",,,"",,,"",,,,,"",,,"","",,,,"",,,"","","",,,"","",,,,,"","","",,,,,,,1,"",,,,,"",,,,,,,,,,,"","",,,,,"s",0.5152,,"space",1,"brown_gnomes",1,7,"dark_forest","red_basket","purple_gnome",1,2,"bright_forest","yellow_basket",7,0,0,1,"brown_gnomes","dark_forest","red_basket",487,2,0,48,1,97,0,1,0.0445,,"",,,"",,,"",,,"",,,,,,,"","",,,"",,,"",,,"",,,,,,,"",,,"","",,,,,,,,"",,,,,,,"",,,"","","",,,,,,,,"",,,,,"",,,,,"","","","",,,,,,"",,,,,"",,,,,"","",,,,,,"",,,,,,,
"","","",,"","","","","","","",,"","","","","","","",,"","","","","","","",,"","","","","",699060,1,"2024-02-22_16h18.37.418","experiment","2023.2.3","Linux x86_64",59.88023952,"640ddabdcf41c28cc4a9ec2e","65d6198c9820d372ff6c9d7f","65d773b5444cff52c32152ba","",,,"",,,"",,,"",,,"",,,"",,,,,"",,,"","",,,,"",,,"","","",,,"","",,,,,"","","",,,,,,,2,"",,,,,"",,,,,,,,,,,"","",,,,,"s",0.8892,,"space",2,"green_gnome",2,4,"bright_forest","yellow_basket","red_gnome",2,7,"dark_forest","red_basket",4,0,0,1,"green_gnome","bright_forest","yellow_basket",491,-1,2,49,0,98,1,1,0.0382,,"",,,"",,,"",,,"",,,,,,,"","",,,"",,,"",,,"",,,,,,,"",,,"","",,,,,,,,"",,,,,,,"",,,"","","",,,,,,,,"",,,,,"",,,,,"","","","",,,,,,"",,,,,"",,,,,"","",,,,,,"",,,,,,,
"","","",,"","","","","","","",,"","","","","","","",,"","","","","","","",,"","","","","",699060,1,"2024-02-22_16h18.37.418","experiment","2023.2.3","Linux x86_64",59.88023952,"640ddabdcf41c28cc4a9ec2e","65d6198c9820d372ff6c9d7f","65d773b5444cff52c32152ba","",,,"",,,"",,,"",,,"",,,"",,,,,"",,,"","",,,,"",,,"","","",,,"","",,,,,"","","",,,,,,,1,"",,,,,"",,,,,,,,,,,"","",,,,,"",,,"",1,"purple_gnome",1,3,"bright_forest","yellow_basket","brown_gnomes",1,9,"dark_forest","red_basket",0,1,0,0,"","bright_forest","yellow_basket",491,4,0,49,1,99,0,1,,,"",,,"",,,"",,,"",,,,,,,"","",,,"",,,"",,,"",,,,,,,"",,,"","",,,,,,,,"",,,,,,,"",,,"","","",,,,,,,,"",,,,,"",,,,,"","","","",,,,,,"",,,,,"",,,,,"","",,,,,,"",,,,,,,
"","","",,"","","","","","","",,"","","","","","","",,"","","","","","","",,"","","","","",699060,1,"2024-02-22_16h18.37.418","experiment","2023.2.3","Linux x86_64",59.88023952,"640ddabdcf41c28cc4a9ec2e","65d6198c9820d372ff6c9d7f","65d773b5444cff52c32152ba","",,,"",,,"",,,"",,,"",,,"",,,,,"",,,"","",,,,"",,,"","","",,,"","",,,,,"","","",,,,,,,1,"",,,,,"",,,,,,,,,,,"","",,,,,"",,,"",1,"brown_gnomes",1,9,"dark_forest","red_basket","purple_gnome",1,7,"bright_forest","yellow_basket",0,1,0,0,"","bright_forest","yellow_basket",491,-2,0,50,0,100,0,1,,,"",,,"",,,"",,,"",,,,,,,"","",,,"",,,"",,,"",,,,,,,"",,,"","",,,,,,,,"",,,,,,,"",,,"","","",,,,,,,,"",,,,,"",,,,,"","","","",,,,,,"",,,,,"",,,,,"","",,,,,,"",,,,,,,
"","","",,"","","","","","","",,"","","","","","","",,"","","","","","","",,"","","","","",699060,1,"2024-02-22_16h18.37.418","experiment","2023.2.3","Linux x86_64",59.88023952,"640ddabdcf41c28cc4a9ec2e","65d6198c9820d372ff6c9d7f","65d773b5444cff52c32152ba","",,,"",,,"",,,"",,,"",,,"",,,,,"",,,"","",,,,"",,,"","","",,,"","",,,,,"","","",,,,,,,2,"",,,,,"",,,,,,,,,,,"","",,,,,"k",0.9322,,"space",2,"green_gnome",2,5,"bright_forest","yellow_basket","red_gnome",2,9,"dark_forest","red_basket",9,0,0,1,"red_gnome","dark_forest","red_basket",500,-1,-2,50,1,101,1,1,0.3923,,"",,,"",,,"",,,"",,,,,,,"","",,,"",,,"",,,"",,,,,,,"",,,"","",,,,,,,,"",,,,,,,"",,,"","","",,,,,,,,"",,,,,"",,,,,"","","","",,,,,,"",,,,,"",,,,,"","",,,,,,"",,,,,,,
"","","",,"","","","","","","",,"","","","","","","",,"","","","","","","",,"","","","","",699060,1,"2024-02-22_16h18.37.418","experiment","2023.2.3","Linux x86_64",59.88023952,"640ddabdcf41c28cc4a9ec2e","65d6198c9820d372ff6c9d7f","65d773b5444cff52c32152ba","",,,"",,,"",,,"",,,"",,,"",,,,,"",,,"","",,,,"",,,"","","",,,"","",,,,,"","","",,,,,,,1,"",,,,,"",,,,,,,,,,,"","",,,,,"k",0.604,,"space",1,"brown_gnomes",1,7,"dark_forest","red_basket","purple_gnome",1,4,"bright_forest","yellow_basket",4,0,0,1,"purple_gnome","bright_forest","yellow_basket",504,-1,0,51,0,102,0,1,0.2744,,"",,,"",,,"",,,"",,,,,,,"","",,,"",,,"",,,"",,,,,,,"",,,"","",,,,,,,,"",,,,,,,"",,,"","","",,,,,,,,"",,,,,"",,,,,"","","","",,,,,,"",,,,,"",,,,,"","",,,,,,"",,,,,,,
"","","",,"","","","","","","",,"","","","","","","",,"","","","","","","",,"","","","","",699060,1,"2024-02-22_16h18.37.418","experiment","2023.2.3","Linux x86_64",59.88023952,"640ddabdcf41c28cc4a9ec2e","65d6198c9820d372ff6c9d7f","65d773b5444cff52c32152ba","",,,"",,,"",,,"",,,"",,,"",,,,,"",,,"","",,,,"",,,"","","",,,"","",,,,,"","","",,,,,,,2,"",,,,,"",,,,,,,,,,,"","",,,,,"k",1.2461,,"space",2,"red_gnome",2,7,"dark_forest","red_basket","green_gnome",2,3,"bright_forest","yellow_basket",3,0,0,1,"green_gnome","bright_forest","yellow_basket",507,-1,0,51,1,103,1,1,0.2621,,"",,,"",,,"",,,"",,,,,,,"","",,,"",,,"",,,"",,,,,,,"",,,"","",,,,,,,,"",,,,,,,"",,,"","","",,,,,,,,"",,,,,"",,,,,"","","","",,,,,,"",,,,,"",,,,,"","",,,,,,"",,,,,,,
"","","",,"","","","","","","",,"","","","","","","",,"","","","","","","",,"","","","","",699060,1,"2024-02-22_16h18.37.418","experiment","2023.2.3","Linux x86_64",59.88023952,"640ddabdcf41c28cc4a9ec2e","65d6198c9820d372ff6c9d7f","65d773b5444cff52c32152ba","",,,"",,,"",,,"",,,"",,,"",,,,,"",,,"","",,,,"",,,"","","",,,"","",,,,,"","","",,,,,,,1,"",,,,,"",,,,,,,,,,,"","",,,,,"s",0.6416,,"space",1,"brown_gnomes",1,7,"dark_forest","red_basket","purple_gnome",1,2,"bright_forest","yellow_basket",7,0,0,1,"brown_gnomes","dark_forest","red_basket",514,-1,4,52,0,104,0,1,0.5299,,"",,,"",,,"",,,"",,,,,,,"","",,,"",,,"",,,"",,,,,,,"",,,"","",,,,,,,,"",,,,,,,"",,,"","","",,,,,,,,"",,,,,"",,,,,"","","","",,,,,,"",,,,,"",,,,,"","",,,,,,"",,,,,,,
"","","",,"","","","","","","",,"","","","","","","",,"","","","","","","",,"","","","","",699060,1,"2024-02-22_16h18.37.418","experiment","2023.2.3","Linux x86_64",59.88023952,"640ddabdcf41c28cc4a9ec2e","65d6198c9820d372ff6c9d7f","65d773b5444cff52c32152ba","",,,"",,,"",,,"",,,"",,,"",,,,,"",,,"","",,,,"",,,"","","",,,"","",,,,,"","","",,,,,,,2,"",,,,,"",,,,,,,,,,,"","",,,,,"s",0.6971,,"space",2,"red_gnome",2,7,"dark_forest","red_basket","green_gnome",2,1,"bright_forest","yellow_basket",7,0,0,1,"red_gnome","dark_forest","red_basket",521,3,3,52,1,105,1,1,0.3594,,"",,,"",,,"",,,"",,,,,,,"","",,,"",,,"",,,"",,,,,,,"",,,"","",,,,,,,,"",,,,,,,"",,,"","","",,,,,,,,"",,,,,"",,,,,"","","","",,,,,,"",,,,,"",,,,,"","",,,,,,"",,,,,,,
"","","",,"","","","","","","",,"","","","","","","",,"","","","","","","",,"","","","","",699060,1,"2024-02-22_16h18.37.418","experiment","2023.2.3","Linux x86_64",59.88023952,"640ddabdcf41c28cc4a9ec2e","65d6198c9820d372ff6c9d7f","65d773b5444cff52c32152ba","",,,"",,,"",,,"",,,"",,,"",,,,,"",,,"","",,,,"",,,"","","",,,"","",,,,,"","","",,,,,,,2,"",,,,,"",,,,,,,,,,,"","",,,,,"s",1.0728,,"space",2,"red_gnome",2,8,"dark_forest","red_basket","green_gnome",2,4,"bright_forest","yellow_basket",8,0,0,1,"red_gnome","dark_forest","red_basket",529,-1,0,53,0,106,1,1,0.6245,,"",,,"",,,"",,,"",,,,,,,"","",,,"",,,"",,,"",,,,,,,"",,,"","",,,,,,,,"",,,,,,,"",,,"","","",,,,,,,,"",,,,,"",,,,,"","","","",,,,,,"",,,,,"",,,,,"","",,,,,,"",,,,,,,
"","","",,"","","","","","","",,"","","","","","","",,"","","","","","","",,"","","","","",699060,1,"2024-02-22_16h18.37.418","experiment","2023.2.3","Linux x86_64",59.88023952,"640ddabdcf41c28cc4a9ec2e","65d6198c9820d372ff6c9d7f","65d773b5444cff52c32152ba","",,,"",,,"",,,"",,,"",,,"",,,,,"",,,"","",,,,"",,,"","","",,,"","",,,,,"","","",,,,,,,1,"",,,,,"",,,,,,,,,,,"","",,,,,"s",0.8211,,"space",1,"brown_gnomes",1,8,"dark_forest","red_basket","purple_gnome",1,3,"bright_forest","yellow_basket",8,0,0,1,"brown_gnomes","dark_forest","red_basket",537,1,0,53,1,107,0,1,0.0726,,"",,,"",,,"",,,"",,,,,,,"","",,,"",,,"",,,"",,,,,,,"",,,"","",,,,,,,,"",,,,,,,"",,,"","","",,,,,,,,"",,,,,"",,,,,"","","","",,,,,,"",,,,,"",,,,,"","",,,,,,"",,,,,,,
"","","",,"","","","","","","",,"","","","","","","",,"","","","","","","",,"","","","","",699060,1,"2024-02-22_16h18.37.418","experiment","2023.2.3","Linux x86_64",59.88023952,"640ddabdcf41c28cc4a9ec2e","65d6198c9820d372ff6c9d7f","65d773b5444cff52c32152ba","",,,"",,,"",,,"",,,"",,,"",,,,,"",,,"","",,,,"",,,"","","",,,"","",,,,,"","","",,,,,,,2,"",,,,,"",,,,,,,,,,,"","",,,,,"s",1.1571,,"space",2,"red_gnome",2,8,"dark_forest","red_basket","green_gnome",2,4,"bright_forest","yellow_basket",8,0,0,1,"red_gnome","dark_forest","red_basket",545,4,1,54,0,108,1,1,0.4763,,"",,,"",,,"",,,"",,,,,,,"","",,,"",,,"",,,"",,,,,,,"",,,"","",,,,,,,,"",,,,,,,"",,,"","","",,,,,,,,"",,,,,"",,,,,"","","","",,,,,,"",,,,,"",,,,,"","",,,,,,"",,,,,,,
"","","",,"","","","","","","",,"","","","","","","",,"","","","","","","",,"","","","","",699060,1,"2024-02-22_16h18.37.418","experiment","2023.2.3","Linux x86_64",59.88023952,"640ddabdcf41c28cc4a9ec2e","65d6198c9820d372ff6c9d7f","65d773b5444cff52c32152ba","",,,"",,,"",,,"",,,"",,,"",,,,,"",,,"","",,,,"",,,"","","",,,"","",,,,,"","","",,,,,,,2,"",,,,,"",,,,,,,,,,,"","",,,,,"k",1.1167,,"space",2,"green_gnome",2,8,"bright_forest","yellow_basket","red_gnome",2,9,"dark_forest","red_basket",9,0,0,1,"red_gnome","dark_forest","red_basket",554,-5,1,54,1,109,1,1,0.6813,,"",,,"",,,"",,,"",,,,,,,"","",,,"",,,"",,,"",,,,,,,"",,,"","",,,,,,,,"",,,,,,,"",,,"","","",,,,,,,,"",,,,,"",,,,,"","","","",,,,,,"",,,,,"",,,,,"","",,,,,,"",,,,,,,
"","","",,"","","","","","","",,"","","","","","","",,"","","","","","","",,"","","","","",699060,1,"2024-02-22_16h18.37.418","experiment","2023.2.3","Linux x86_64",59.88023952,"640ddabdcf41c28cc4a9ec2e","65d6198c9820d372ff6c9d7f","65d773b5444cff52c32152ba","",,,"",,,"",,,"",,,"",,,"",,,,,"",,,"","",,,,"",,,"","","",,,"","",,,,,"","","",,,,,,,2,"",,,,,"",,,,,,,,,,,"","",,,,,"k",0.9842,,"space",2,"green_gnome",2,3,"bright_forest","yellow_basket","red_gnome",2,8,"dark_forest","red_basket",8,0,0,1,"red_gnome","dark_forest","red_basket",562,-1,0,55,0,110,1,1,0.3074,,"",,,"",,,"",,,"",,,,,,,"","",,,"",,,"",,,"",,,,,,,"",,,"","",,,,,,,,"",,,,,,,"",,,"","","",,,,,,,,"",,,,,"",,,,,"","","","",,,,,,"",,,,,"",,,,,"","",,,,,,"",,,,,,,
"","","",,"","","","","","","",,"","","","","","","",,"","","","","","","",,"","","","","",699060,1,"2024-02-22_16h18.37.418","experiment","2023.2.3","Linux x86_64",59.88023952,"640ddabdcf41c28cc4a9ec2e","65d6198c9820d372ff6c9d7f","65d773b5444cff52c32152ba","",,,"",,,"",,,"",,,"",,,"",,,,,"",,,"","",,,,"",,,"","","",,,"","",,,,,"","","",,,,,,,2,"",,,,,"",,,,,,,,,,,"","",,,,,"",,,"",2,"green_gnome",2,2,"bright_forest","yellow_basket","red_gnome",2,8,"dark_forest","red_basket",0,1,0,0,"","dark_forest","red_basket",562,-1,-1,55,1,111,1,1,,,"",,,"",,,"",,,"",,,,,,,"","",,,"",,,"",,,"",,,,,,,"",,,"","",,,,,,,,"",,,,,,,"",,,"","","",,,,,,,,"",,,,,"",,,,,"","","","",,,,,,"",,,,,"",,,,,"","",,,,,,"",,,,,,,
"","","",,"","","","","","","",,"","","","","","","",,"","","","","","","",,"","","","","",699060,1,"2024-02-22_16h18.37.418","experiment","2023.2.3","Linux x86_64",59.88023952,"640ddabdcf41c28cc4a9ec2e","65d6198c9820d372ff6c9d7f","65d773b5444cff52c32152ba","",,,"",,,"",,,"",,,"",,,"",,,,,"",,,"","",,,,"",,,"","","",,,"","",,,,,"","","",,,,,,,1,"",,,,,"",,,,,,,,,,,"","",,,,,"k",1.1097,,"space",1,"purple_gnome",1,1,"bright_forest","yellow_basket","brown_gnomes",1,7,"dark_forest","red_basket",7,0,0,1,"brown_gnomes","dark_forest","red_basket",569,0,2,56,0,112,0,1,0.5607,,"",,,"",,,"",,,"",,,,,,,"","",,,"",,,"",,,"",,,,,,,"",,,"","",,,,,,,,"",,,,,,,"",,,"","","",,,,,,,,"",,,,,"",,,,,"","","","",,,,,,"",,,,,"",,,,,"","",,,,,,"",,,,,,,
"","","",,"","","","","","","",,"","","","","","","",,"","","","","","","",,"","","","","",699060,1,"2024-02-22_16h18.37.418","experiment","2023.2.3","Linux x86_64",59.88023952,"640ddabdcf41c28cc4a9ec2e","65d6198c9820d372ff6c9d7f","65d773b5444cff52c32152ba","",,,"",,,"",,,"",,,"",,,"",,,,,"",,,"","",,,,"",,,"","","",,,"","",,,,,"","","",,,,,,,1,"",,,,,"",,,,,,,,,,,"","",,,,,"k",0.4853,,"space",1,"purple_gnome",1,1,"bright_forest","yellow_basket","brown_gnomes",1,9,"dark_forest","red_basket",9,0,0,1,"brown_gnomes","dark_forest","red_basket",578,-3,1,56,1,113,0,1,0.0831,,"",,,"",,,"",,,"",,,,,,,"","",,,"",,,"",,,"",,,,,,,"",,,"","",,,,,,,,"",,,,,,,"",,,"","","",,,,,,,,"",,,,,"",,,,,"","","","",,,,,,"",,,,,"",,,,,"","",,,,,,"",,,,,,,
"","","",,"","","","","","","",,"","","","","","","",,"","","","","","","",,"","","","","",699060,1,"2024-02-22_16h18.37.418","experiment","2023.2.3","Linux x86_64",59.88023952,"640ddabdcf41c28cc4a9ec2e","65d6198c9820d372ff6c9d7f","65d773b5444cff52c32152ba","",,,"",,,"",,,"",,,"",,,"",,,,,"",,,"","",,,,"",,,"","","",,,"","",,,,,"","","",,,,,,,1,"",,,,,"",,,,,,,,,,,"","",,,,,"k",0.6785,,"space",1,"purple_gnome",1,2,"bright_forest","yellow_basket","brown_gnomes",1,8,"dark_forest","red_basket",8,0,0,1,"brown_gnomes","dark_forest","red_basket",586,0,2,57,0,114,0,1,0.2103,,"",,,"",,,"",,,"",,,,,,,"","",,,"",,,"",,,"",,,,,,,"",,,"","",,,,,,,,"",,,,,,,"",,,"","","",,,,,,,,"",,,,,"",,,,,"","","","",,,,,,"",,,,,"",,,,,"","",,,,,,"",,,,,,,
"","","",,"","","","","","","",,"","","","","","","",,"","","","","","","",,"","","","","",699060,1,"2024-02-22_16h18.37.418","experiment","2023.2.3","Linux x86_64",59.88023952,"640ddabdcf41c28cc4a9ec2e","65d6198c9820d372ff6c9d7f","65d773b5444cff52c32152ba","",,,"",,,"",,,"",,,"",,,"",,,,,"",,,"","",,,,"",,,"","","",,,"","",,,,,"","","",,,,,,,1,"",,,,,"",,,,,,,,,,,"","",,,,,"s",0.525,,"space",1,"brown_gnomes",1,8,"dark_forest","red_basket","purple_gnome",1,2,"bright_forest","yellow_basket",8,0,0,1,"brown_gnomes","dark_forest","red_basket",594,-1,-1,57,1,115,0,1,0.1412,,"",,,"",,,"",,,"",,,,,,,"","",,,"",,,"",,,"",,,,,,,"",,,"","",,,,,,,,"",,,,,,,"",,,"","","",,,,,,,,"",,,,,"",,,,,"","","","",,,,,,"",,,,,"",,,,,"","",,,,,,"",,,,,,,
"","","",,"","","","","","","",,"","","","","","","",,"","","","","","","",,"","","","","",699060,1,"2024-02-22_16h18.37.418","experiment","2023.2.3","Linux x86_64",59.88023952,"640ddabdcf41c28cc4a9ec2e","65d6198c9820d372ff6c9d7f","65d773b5444cff52c32152ba","",,,"",,,"",,,"",,,"",,,"",,,,,"",,,"","",,,,"",,,"","","",,,"","",,,,,"","","",,,,,,,1,"",,,,,"",,,,,,,,,,,"","",,,,,"s",1.1195,,"space",1,"brown_gnomes",1,7,"dark_forest","red_basket","purple_gnome",1,1,"bright_forest","yellow_basket",7,0,0,1,"brown_gnomes","dark_forest","red_basket",601,1,-1,58,0,116,0,1,0.26,,"",,,"",,,"",,,"",,,,,,,"","",,,"",,,"",,,"",,,,,,,"",,,"","",,,,,,,,"",,,,,,,"",,,"","","",,,,,,,,"",,,,,"",,,,,"","","","",,,,,,"",,,,,"",,,,,"","",,,,,,"",,,,,,,
"","","",,"","","","","","","",,"","","","","","","",,"","","","","","","",,"","","","","",699060,1,"2024-02-22_16h18.37.418","experiment","2023.2.3","Linux x86_64",59.88023952,"640ddabdcf41c28cc4a9ec2e","65d6198c9820d372ff6c9d7f","65d773b5444cff52c32152ba","",,,"",,,"",,,"",,,"",,,"",,,,,"",,,"","",,,,"",,,"","","",,,"","",,,,,"","","",,,,,,,2,"",,,,,"",,,,,,,,,,,"","",,,,,"s",1.2633,,"space",2,"red_gnome",2,6,"dark_forest","red_basket","green_gnome",2,2,"bright_forest","yellow_basket",6,0,0,1,"red_gnome","dark_forest","red_basket",607,2,-4,58,1,117,1,1,0.4048,,"",,,"",,,"",,,"",,,,,,,"","",,,"",,,"",,,"",,,,,,,"",,,"","",,,,,,,,"",,,,,,,"",,,"","","",,,,,,,,"",,,,,"",,,,,"","","","",,,,,,"",,,,,"",,,,,"","",,,,,,"",,,,,,,
"","","",,"","","","","","","",,"","","","","","","",,"","","","","","","",,"","","","","",699060,1,"2024-02-22_16h18.37.418","experiment","2023.2.3","Linux x86_64",59.88023952,"640ddabdcf41c28cc4a9ec2e","65d6198c9820d372ff6c9d7f","65d773b5444cff52c32152ba","",,,"",,,"",,,"",,,"",,,"",,,,,"",,,"","",,,,"",,,"","","",,,"","",,,,,"","","",,,,,,,1,"",,,,,"",,,,,,,,,,,"","",,,,,"s",0.6834,,"space",1,"brown_gnomes",1,2,"dark_forest","red_basket","purple_gnome",1,4,"bright_forest","yellow_basket",2,0,0,1,"brown_gnomes","dark_forest","red_basket",609,0,-1,59,0,118,0,1,0.1576,,"",,,"",,,"",,,"",,,,,,,"","",,,"",,,"",,,"",,,,,,,"",,,"","",,,,,,,,"",,,,,,,"",,,"","","",,,,,,,,"",,,,,"",,,,,"","","","",,,,,,"",,,,,"",,,,,"","",,,,,,"",,,,,,,
"","","",,"","","","","","","",,"","","","","","","",,"","","","","","","",,"","","","","",699060,1,"2024-02-22_16h18.37.418","experiment","2023.2.3","Linux x86_64",59.88023952,"640ddabdcf41c28cc4a9ec2e","65d6198c9820d372ff6c9d7f","65d773b5444cff52c32152ba","",,,"",,,"",,,"",,,"",,,"",,,,,"",,,"","",,,,"",,,"","","",,,"","",,,,,"","","",,,,,,,2,"",,,,,"",,,,,,,,,,,"","",,,,,"k",0.7092,,"space",2,"red_gnome",2,1,"dark_forest","red_basket","green_gnome",2,4,"bright_forest","yellow_basket",4,0,0,1,"green_gnome","bright_forest","yellow_basket",613,4,1,59,1,119,1,1,0.2109,,"",,,"",,,"",,,"",,,,,,,"","",,,"",,,"",,,"",,,,,,,"",,,"","",,,,,,,,"",,,,,,,"",,,"","","",,,,,,,,"",,,,,"",,,,,"","","","",,,,,,"",,,,,"",,,,,"","",,,,,,"",,,,,,,
"","","",,"","","","","","","",,"","","","","","","",,"","","","","","","",,"","","","","",699060,1,"2024-02-22_16h18.37.418","experiment","2023.2.3","Linux x86_64",59.88023952,"640ddabdcf41c28cc4a9ec2e","65d6198c9820d372ff6c9d7f","65d773b5444cff52c32152ba","",,,"",,,"",,,"",,,"",,,"",,,,,"",,,"","",,,,"",,,"","","",,,"","",,,,,"","","",,,,,,,2,"",,,,,"",,,,,,,,,,,"","",,,,,"k",0.5973,,"",2,"red_gnome",2,2,"dark_forest","red_basket","green_gnome",2,8,"bright_forest","yellow_basket",0,0,1,0,"green_gnome","bright_forest","yellow_basket",613,-1,4,60,0,120,1,1,,,"",,,"",,,"",,,"",,,,,,,"","",,,"",,,"",,,"",,,,,,,"",,,"","",,,,,,,,"",,,,,,,"",,,"","","",,,,,,,,"",,,,,"",,,,,"","","","",,,,,,"",,,,,"",,,,,"","",,,,,,"",,,,,,,
"","","",,"","","","","","","",,"","","","","","","",,"","","","","","","",,"","","","","",699060,1,"2024-02-22_16h18.37.418","experiment","2023.2.3","Linux x86_64",59.88023952,"640ddabdcf41c28cc4a9ec2e","65d6198c9820d372ff6c9d7f","65d773b5444cff52c32152ba","",,,"",,,"",,,"",,,"",,,"",,,,,"",,,"","",,,,"",,,"","","",,,"","",,,,,"","","",,,,,,,2,"",,,,,"",,,,,,,,,,,"","",,,,,"k",0.8284,,"space",2,"red_gnome",2,6,"dark_forest","red_basket","green_gnome",2,7,"bright_forest","yellow_basket",7,0,0,1,"green_gnome","bright_forest","yellow_basket",620,2,-1,60,1,121,1,1,0.5862,,"",,,"",,,"",,,"",,,,,,,"","",,,"",,,"",,,"",,,,,,,"",,,"","",,,,,,,,"",,,,,,,"",,,"","","",,,,,,,,"",,,,,"",,,,,"","","","",,,,,,"",,,,,"",,,,,"","",,,,,,"",,,,,,,
"","","",,"","","","","","","",,"","","","","","","",,"","","","","","","",,"","","","","",699060,1,"2024-02-22_16h18.37.418","experiment","2023.2.3","Linux x86_64",59.88023952,"640ddabdcf41c28cc4a9ec2e","65d6198c9820d372ff6c9d7f","65d773b5444cff52c32152ba","",,,"",,,"",,,"",,,"",,,"",,,,,"",,,"","",,,,"",,,"","","",,,"","",,,,,"","","",,,,,,,2,"",,,,,"",,,,,,,,,,,"","",,,,,"s",0.6897,,"space",2,"green_gnome",2,9,"bright_forest","yellow_basket","red_gnome",2,5,"dark_forest","red_basket",9,0,0,1,"green_gnome","bright_forest","yellow_basket",629,3,-1,61,0,122,1,1,0.6108,,"",,,"",,,"",,,"",,,,,,,"","",,,"",,,"",,,"",,,,,,,"",,,"","",,,,,,,,"",,,,,,,"",,,"","","",,,,,,,,"",,,,,"",,,,,"","","","",,,,,,"",,,,,"",,,,,"","",,,,,,"",,,,,,,
"","","",,"","","","","","","",,"","","","","","","",,"","","","","","","",,"","","","","",699060,1,"2024-02-22_16h18.37.418","experiment","2023.2.3","Linux x86_64",59.88023952,"640ddabdcf41c28cc4a9ec2e","65d6198c9820d372ff6c9d7f","65d773b5444cff52c32152ba","",,,"",,,"",,,"",,,"",,,"",,,,,"",,,"","",,,,"",,,"","","",,,"","",,,,,"","","",,,,,,,2,"",,,,,"",,,,,,,,,,,"","",,,,,"s",0.9313,,"space",2,"green_gnome",2,6,"bright_forest","yellow_basket","red_gnome",2,4,"dark_forest","red_basket",6,0,0,1,"green_gnome","bright_forest","yellow_basket",635,-1,-1,61,1,123,1,1,0.3511,,"",,,"",,,"",,,"",,,,,,,"","",,,"",,,"",,,"",,,,,,,"",,,"","",,,,,,,,"",,,,,,,"",,,"","","",,,,,,,,"",,,,,"",,,,,"","","","",,,,,,"",,,,,"",,,,,"","",,,,,,"",,,,,,,
"","","",,"","","","","","","",,"","","","","","","",,"","","","","","","",,"","","","","",699060,1,"2024-02-22_16h18.37.418","experiment","2023.2.3","Linux x86_64",59.88023952,"640ddabdcf41c28cc4a9ec2e","65d6198c9820d372ff6c9d7f","65d773b5444cff52c32152ba","",,,"",,,"",,,"",,,"",,,"",,,,,"",,,"","",,,,"",,,"","","",,,"","",,,,,"","","",,,,,,,1,"",,,,,"",,,,,,,,,,,"","",,,,,"s",0.7205,,"space",1,"purple_gnome",1,5,"bright_forest","yellow_basket","brown_gnomes",1,3,"dark_forest","red_basket",5,0,0,1,"purple_gnome","bright_forest","yellow_basket",640,2,-1,62,0,124,0,1,0.1698,,"",,,"",,,"",,,"",,,,,,,"","",,,"",,,"",,,"",,,,,,,"",,,"","",,,,,,,,"",,,,,,,"",,,"","","",,,,,,,,"",,,,,"",,,,,"","","","",,,,,,"",,,,,"",,,,,"","",,,,,,"",,,,,,,
"","","",,"","","","","","","",,"","","","","","","",,"","","","","","","",,"","","","","",699060,1,"2024-02-22_16h18.37.418","experiment","2023.2.3","Linux x86_64",59.88023952,"640ddabdcf41c28cc4a9ec2e","65d6198c9820d372ff6c9d7f","65d773b5444cff52c32152ba","",,,"",,,"",,,"",,,"",,,"",,,,,"",,,"","",,,,"",,,"","","",,,"","",,,,,"","","",,,,,,,2,"",,,,,"",,,,,,,,,,,"","",,,,,"k",0.7647,,"space",2,"red_gnome",2,2,"dark_forest","red_basket","green_gnome",2,7,"bright_forest","yellow_basket",7,0,0,1,"green_gnome","bright_forest","yellow_basket",647,2,2,62,1,125,1,1,0.1949,,"",,,"",,,"",,,"",,,,,,,"","",,,"",,,"",,,"",,,,,,,"",,,"","",,,,,,,,"",,,,,,,"",,,"","","",,,,,,,,"",,,,,"",,,,,"","","","",,,,,,"",,,,,"",,,,,"","",,,,,,"",,,,,,,
"","","",,"","","","","","","",,"","","","","","","",,"","","","","","","",,"","","","","",699060,1,"2024-02-22_16h18.37.418","experiment","2023.2.3","Linux x86_64",59.88023952,"640ddabdcf41c28cc4a9ec2e","65d6198c9820d372ff6c9d7f","65d773b5444cff52c32152ba","",,,"",,,"",,,"",,,"",,,"",,,,,"",,,"","",,,,"",,,"","","",,,"","",,,,,"","","",,,,,,,2,"",,,,,"",,,,,,,,,,,"","",,,,,"k",1.2651,,"space",2,"red_gnome",2,4,"dark_forest","red_basket","green_gnome",2,9,"bright_forest","yellow_basket",9,0,0,1,"green_gnome","bright_forest","yellow_basket",656,4,0,63,0,126,1,1,0.2082,,"",,,"",,,"",,,"",,,,,,,"","",,,"",,,"",,,"",,,,,,,"",,,"","",,,,,,,,"",,,,,,,"",,,"","","",,,,,,,,"",,,,,"",,,,,"","","","",,,,,,"",,,,,"",,,,,"","",,,,,,"",,,,,,,
"","","",,"","","","","","","",,"","","","","","","",,"","","","","","","",,"","","","","",699060,1,"2024-02-22_16h18.37.418","experiment","2023.2.3","Linux x86_64",59.88023952,"640ddabdcf41c28cc4a9ec2e","65d6198c9820d372ff6c9d7f","65d773b5444cff52c32152ba","",,,"",,,"",,,"",,,"",,,"",,,,,"",,,"","",,,,"",,,"","","",,,"","",,,,,"","","",,,,,,,1,"",,,,,"",,,,,,,,,,,"","",,,,,"s",1.0437,,"space",1,"purple_gnome",1,5,"bright_forest","yellow_basket","brown_gnomes",1,4,"dark_forest","red_basket",5,0,0,1,"purple_gnome","bright_forest","yellow_basket",661,0,0,63,1,127,0,1,0.0388,,"",,,"",,,"",,,"",,,,,,,"","",,,"",,,"",,,"",,,,,,,"",,,"","",,,,,,,,"",,,,,,,"",,,"","","",,,,,,,,"",,,,,"",,,,,"","","","",,,,,,"",,,,,"",,,,,"","",,,,,,"",,,,,,,
"","","",,"","","","","","","",,"","","","","","","",,"","","","","","","",,"","","","","",699060,1,"2024-02-22_16h18.37.418","experiment","2023.2.3","Linux x86_64",59.88023952,"640ddabdcf41c28cc4a9ec2e","65d6198c9820d372ff6c9d7f","65d773b5444cff52c32152ba","",,,"",,,"",,,"",,,"",,,"",,,,,"",,,"","",,,,"",,,"","","",,,"","",,,,,"","","",,,,,,,2,"",,,,,"",,,,,,,,,,,"","",,,,,"k",0.7339,,"space",2,"red_gnome",2,4,"dark_forest","red_basket","green_gnome",2,5,"bright_forest","yellow_basket",5,0,0,1,"green_gnome","bright_forest","yellow_basket",666,3,2,64,0,128,1,1,0.2539,,"",,,"",,,"",,,"",,,,,,,"","",,,"",,,"",,,"",,,,,,,"",,,"","",,,,,,,,"",,,,,,,"",,,"","","",,,,,,,,"",,,,,"",,,,,"","","","",,,,,,"",,,,,"",,,,,"","",,,,,,"",,,,,,,
"","","",,"","","","","","","",,"","","","","","","",,"","","","","","","",,"","","","","",699060,1,"2024-02-22_16h18.37.418","experiment","2023.2.3","Linux x86_64",59.88023952,"640ddabdcf41c28cc4a9ec2e","65d6198c9820d372ff6c9d7f","65d773b5444cff52c32152ba","",,,"",,,"",,,"",,,"",,,"",,,,,"",,,"","",,,,"",,,"","","",,,"","",,,,,"","","",,,,,,,2,"",,,,,"",,,,,,,,,,,"","",,,,,"",,,"",2,"green_gnome",2,8,"bright_forest","yellow_basket","red_gnome",2,6,"dark_forest","red_basket",0,1,0,0,"","bright_forest","yellow_basket",666,-3,-2,64,1,129,1,1,,,"",,,"",,,"",,,"",,,,,,,"","",,,"",,,"",,,"",,,,,,,"",,,"","",,,,,,,,"",,,,,,,"",,,"","","",,,,,,,,"",,,,,"",,,,,"","","","",,,,,,"",,,,,"",,,,,"","",,,,,,"",,,,,,,
"","","",,"","","","","","","",,"","","","","","","",,"","","","","","","",,"","","","","",699060,1,"2024-02-22_16h18.37.418","experiment","2023.2.3","Linux x86_64",59.88023952,"640ddabdcf41c28cc4a9ec2e","65d6198c9820d372ff6c9d7f","65d773b5444cff52c32152ba","",,,"",,,"",,,"",,,"",,,"",,,,,"",,,"","",,,,"",,,"","","",,,"","",,,,,"","","",,,,,,,2,"",,,,,"",,,,,,,,,,,"","",,,,,"k",0.5374,,"space",2,"red_gnome",2,4,"dark_forest","red_basket","green_gnome",2,5,"bright_forest","yellow_basket",5,0,0,1,"green_gnome","bright_forest","yellow_basket",671,-4,-1,65,0,130,1,1,0.2842,,"",,,"",,,"",,,"",,,,,,,"","",,,"",,,"",,,"",,,,,,,"",,,"","",,,,,,,,"",,,,,,,"",,,"","","",,,,,,,,"",,,,,"",,,,,"","","","",,,,,,"",,,,,"",,,,,"","",,,,,,"",,,,,,,
"","","",,"","","","","","","",,"","","","","","","",,"","","","","","","",,"","","","","",699060,1,"2024-02-22_16h18.37.418","experiment","2023.2.3","Linux x86_64",59.88023952,"640ddabdcf41c28cc4a9ec2e","65d6198c9820d372ff6c9d7f","65d773b5444cff52c32152ba","",,,"",,,"",,,"",,,"",,,"",,,,,"",,,"","",,,,"",,,"","","",,,"","",,,,,"","","",,,,,,,1,"",,,,,"",,,,,,,,,,,"","",,,,,"s",0.6211,,"space",1,"purple_gnome",1,1,"bright_forest","yellow_basket","brown_gnomes",1,3,"dark_forest","red_basket",1,0,0,1,"purple_gnome","bright_forest","yellow_basket",672,0,0,65,1,131,0,1,0.3047,,"",,,"",,,"",,,"",,,,,,,"","",,,"",,,"",,,"",,,,,,,"",,,"","",,,,,,,,"",,,,,,,"",,,"","","",,,,,,,,"",,,,,"",,,,,"","","","",,,,,,"",,,,,"",,,,,"","",,,,,,"",,,,,,,
"","","",,"","","","","","","",,"","","","","","","",,"","","","","","","",,"","","","","",699060,1,"2024-02-22_16h18.37.418","experiment","2023.2.3","Linux x86_64",59.88023952,"640ddabdcf41c28cc4a9ec2e","65d6198c9820d372ff6c9d7f","65d773b5444cff52c32152ba","",,,"",,,"",,,"",,,"",,,"",,,,,"",,,"","",,,,"",,,"","","",,,"","",,,,,"","","",,,,,,,2,"",,,,,"",,,,,,,,,,,"","",,,,,"s",0.8307,,"space",2,"red_gnome",2,3,"dark_forest","red_basket","green_gnome",2,1,"bright_forest","yellow_basket",3,0,0,1,"red_gnome","dark_forest","red_basket",675,1,2,66,0,132,1,1,0.349,,"",,,"",,,"",,,"",,,,,,,"","",,,"",,,"",,,"",,,,,,,"",,,"","",,,,,,,,"",,,,,,,"",,,"","","",,,,,,,,"",,,,,"",,,,,"","","","",,,,,,"",,,,,"",,,,,"","",,,,,,"",,,,,,,
"","","",,"","","","","","","",,"","","","","","","",,"","","","","","","",,"","","","","",699060,1,"2024-02-22_16h18.37.418","experiment","2023.2.3","Linux x86_64",59.88023952,"640ddabdcf41c28cc4a9ec2e","65d6198c9820d372ff6c9d7f","65d773b5444cff52c32152ba","",,,"",,,"",,,"",,,"",,,"",,,,,"",,,"","",,,,"",,,"","","",,,"","",,,,,"","","",,,,,,,2,"",,,,,"",,,,,,,,,,,"","",,,,,"s",0.6665,,"space",2,"red_gnome",2,5,"dark_forest","red_basket","green_gnome",2,2,"bright_forest","yellow_basket",5,0,0,1,"red_gnome","dark_forest","red_basket",680,0,0,66,1,133,1,1,0.0401,,"",,,"",,,"",,,"",,,,,,,"","",,,"",,,"",,,"",,,,,,,"",,,"","",,,,,,,,"",,,,,,,"",,,"","","",,,,,,,,"",,,,,"",,,,,"","","","",,,,,,"",,,,,"",,,,,"","",,,,,,"",,,,,,,
"","","",,"","","","","","","",,"","","","","","","",,"","","","","","","",,"","","","","",699060,1,"2024-02-22_16h18.37.418","experiment","2023.2.3","Linux x86_64",59.88023952,"640ddabdcf41c28cc4a9ec2e","65d6198c9820d372ff6c9d7f","65d773b5444cff52c32152ba","",,,"",,,"",,,"",,,"",,,"",,,,,"",,,"","",,,,"",,,"","","",,,"","",,,,,"","","",,,,,,,1,"",,,,,"",,,,,,,,,,,"","",,,,,"k",0.772,,"space",1,"purple_gnome",1,2,"bright_forest","yellow_basket","brown_gnomes",1,5,"dark_forest","red_basket",5,0,0,1,"brown_gnomes","dark_forest","red_basket",685,1,-1,67,0,134,0,1,0.3713,,"",,,"",,,"",,,"",,,,,,,"","",,,"",,,"",,,"",,,,,,,"",,,"","",,,,,,,,"",,,,,,,"",,,"","","",,,,,,,,"",,,,,"",,,,,"","","","",,,,,,"",,,,,"",,,,,"","",,,,,,"",,,,,,,
"","","",,"","","","","","","",,"","","","","","","",,"","","","","","","",,"","","","","",699060,1,"2024-02-22_16h18.37.418","experiment","2023.2.3","Linux x86_64",59.88023952,"640ddabdcf41c28cc4a9ec2e","65d6198c9820d372ff6c9d7f","65d773b5444cff52c32152ba","",,,"",,,"",,,"",,,"",,,"",,,,,"",,,"","",,,,"",,,"","","",,,"","",,,,,"","","",,,,,,,1,"",,,,,"",,,,,,,,,,,"","",,,,,"s",0.5571,,"space",1,"brown_gnomes",1,4,"dark_forest","red_basket","purple_gnome",1,3,"bright_forest","yellow_basket",4,0,0,1,"brown_gnomes","dark_forest","red_basket",689,3,-1,67,1,135,0,1,0.3739,,"",,,"",,,"",,,"",,,,,,,"","",,,"",,,"",,,"",,,,,,,"",,,"","",,,,,,,,"",,,,,,,"",,,"","","",,,,,,,,"",,,,,"",,,,,"","","","",,,,,,"",,,,,"",,,,,"","",,,,,,"",,,,,,,
"","","",,"","","","","","","",,"","","","","","","",,"","","","","","","",,"","","","","",699060,1,"2024-02-22_16h18.37.418","experiment","2023.2.3","Linux x86_64",59.88023952,"640ddabdcf41c28cc4a9ec2e","65d6198c9820d372ff6c9d7f","65d773b5444cff52c32152ba","",,,"",,,"",,,"",,,"",,,"",,,,,"",,,"","",,,,"",,,"","","",,,"","",,,,,"","","",,,,,,,1,"",,,,,"",,,,,,,,,,,"","",,,,,"s",0.6119,,"space",1,"brown_gnomes",1,3,"dark_forest","red_basket","purple_gnome",1,6,"bright_forest","yellow_basket",3,0,0,1,"brown_gnomes","dark_forest","red_basket",692,0,0,68,0,136,0,1,0.4875,,"",,,"",,,"",,,"",,,,,,,"","",,,"",,,"",,,"",,,,,,,"",,,"","",,,,,,,,"",,,,,,,"",,,"","","",,,,,,,,"",,,,,"",,,,,"","","","",,,,,,"",,,,,"",,,,,"","",,,,,,"",,,,,,,
"","","",,"","","","","","","",,"","","","","","","",,"","","","","","","",,"","","","","",699060,1,"2024-02-22_16h18.37.418","experiment","2023.2.3","Linux x86_64",59.88023952,"640ddabdcf41c28cc4a9ec2e","65d6198c9820d372ff6c9d7f","65d773b5444cff52c32152ba","",,,"",,,"",,,"",,,"",,,"",,,,,"",,,"","",,,,"",,,"","","",,,"","",,,,,"","","",,,,,,,2,"",,,,,"",,,,,,,,,,,"","",,,,,"s",0.8871,,"space",2,"red_gnome",2,3,"dark_forest","red_basket","green_gnome",2,6,"bright_forest","yellow_basket",3,0,0,1,"red_gnome","dark_forest","red_basket",695,2,0,68,1,137,1,1,0.1191,,"",,,"",,,"",,,"",,,,,,,"","",,,"",,,"",,,"",,,,,,,"",,,"","",,,,,,,,"",,,,,,,"",,,"","","",,,,,,,,"",,,,,"",,,,,"","","","",,,,,,"",,,,,"",,,,,"","",,,,,,"",,,,,,,
"","","",,"","","","","","","",,"","","","","","","",,"","","","","","","",,"","","","","",699060,1,"2024-02-22_16h18.37.418","experiment","2023.2.3","Linux x86_64",59.88023952,"640ddabdcf41c28cc4a9ec2e","65d6198c9820d372ff6c9d7f","65d773b5444cff52c32152ba","",,,"",,,"",,,"",,,"",,,"",,,,,"",,,"","",,,,"",,,"","","",,,"","",,,,,"","","",,,,,,,1,"",,,,,"",,,,,,,,,,,"","",,,,,"s",0.7406,,"space",1,"brown_gnomes",1,3,"dark_forest","red_basket","purple_gnome",1,8,"bright_forest","yellow_basket",3,0,0,1,"brown_gnomes","dark_forest","red_basket",698,3,0,69,0,138,0,1,0.7173,,"",,,"",,,"",,,"",,,,,,,"","",,,"",,,"",,,"",,,,,,,"",,,"","",,,,,,,,"",,,,,,,"",,,"","","",,,,,,,,"",,,,,"",,,,,"","","","",,,,,,"",,,,,"",,,,,"","",,,,,,"",,,,,,,
"","","",,"","","","","","","",,"","","","","","","",,"","","","","","","",,"","","","","",699060,1,"2024-02-22_16h18.37.418","experiment","2023.2.3","Linux x86_64",59.88023952,"640ddabdcf41c28cc4a9ec2e","65d6198c9820d372ff6c9d7f","65d773b5444cff52c32152ba","",,,"",,,"",,,"",,,"",,,"",,,,,"",,,"","",,,,"",,,"","","",,,"","",,,,,"","","",,,,,,,2,"",,,,,"",,,,,,,,,,,"","",,,,,"k",1.3892,,"space",2,"green_gnome",2,7,"bright_forest","yellow_basket","red_gnome",2,3,"dark_forest","red_basket",3,0,0,1,"red_gnome","dark_forest","red_basket",701,-1,0,69,1,139,1,1,0.47,,"",,,"",,,"",,,"",,,,,,,"","",,,"",,,"",,,"",,,,,,,"",,,"","",,,,,,,,"",,,,,,,"",,,"","","",,,,,,,,"",,,,,"",,,,,"","","","",,,,,,"",,,,,"",,,,,"","",,,,,,"",,,,,,,
"","","",,"","","","","","","",,"","","","","","","",,"","","","","","","",,"","","","","",699060,1,"2024-02-22_16h18.37.418","experiment","2023.2.3","Linux x86_64",59.88023952,"640ddabdcf41c28cc4a9ec2e","65d6198c9820d372ff6c9d7f","65d773b5444cff52c32152ba","",,,"",,,"",,,"",,,"",,,"",,,,,"",,,"","",,,,"",,,"","","",,,"","",,,,,"","","",,,,,,,1,"",,,,,"",,,,,,,,,,,"","",,,,,"s",0.6944,,"space",1,"brown_gnomes",1,3,"dark_forest","red_basket","purple_gnome",1,6,"bright_forest","yellow_basket",3,0,0,1,"brown_gnomes","dark_forest","red_basket",704,-2,3,70,0,140,0,1,0.2237,,"",,,"",,,"",,,"",,,,,,,"","",,,"",,,"",,,"",,,,,,,"",,,"","",,,,,,,,"",,,,,,,"",,,"","","",,,,,,,,"",,,,,"",,,,,"","","","",,,,,,"",,,,,"",,,,,"","",,,,,,"",,,,,,,
"","","",,"","","","","","","",,"","","","","","","",,"","","","","","","",,"","","","","",699060,1,"2024-02-22_16h18.37.418","experiment","2023.2.3","Linux x86_64",59.88023952,"640ddabdcf41c28cc4a9ec2e","65d6198c9820d372ff6c9d7f","65d773b5444cff52c32152ba","",,,"",,,"",,,"",,,"",,,"",,,,,"",,,"","",,,,"",,,"","","",,,"","",,,,,"","","",,,,,,,1,"",,,,,"",,,,,,,,,,,"","",,,,,"k",0.9624,,"space",1,"brown_gnomes",1,6,"dark_forest","red_basket","purple_gnome",1,4,"bright_forest","yellow_basket",4,0,0,1,"purple_gnome","bright_forest","yellow_basket",708,2,-2,70,1,141,0,1,0.0391,,"",,,"",,,"",,,"",,,,,,,"","",,,"",,,"",,,"",,,,,,,"",,,"","",,,,,,,,"",,,,,,,"",,,"","","",,,,,,,,"",,,,,"",,,,,"","","","",,,,,,"",,,,,"",,,,,"","",,,,,,"",,,,,,,
"","","",,"","","","","","","",,"","","","","","","",,"","","","","","","",,"","","","","",699060,1,"2024-02-22_16h18.37.418","experiment","2023.2.3","Linux x86_64",59.88023952,"640ddabdcf41c28cc4a9ec2e","65d6198c9820d372ff6c9d7f","65d773b5444cff52c32152ba","",,,"",,,"",,,"",,,"",,,"",,,,,"",,,"","",,,,"",,,"","","",,,"","",,,,,"","","",,,,,,,2,"",,,,,"",,,,,,,,,,,"","",,,,,"s",1.0231,,"space",2,"green_gnome",2,6,"bright_forest","yellow_basket","red_gnome",2,4,"dark_forest","red_basket",6,0,0,1,"green_gnome","bright_forest","yellow_basket",714,1,1,71,0,142,1,1,0.1607,,"",,,"",,,"",,,"",,,,,,,"","",,,"",,,"",,,"",,,,,,,"",,,"","",,,,,,,,"",,,,,,,"",,,"","","",,,,,,,,"",,,,,"",,,,,"","","","",,,,,,"",,,,,"",,,,,"","",,,,,,"",,,,,,,
"","","",,"","","","","","","",,"","","","","","","",,"","","","","","","",,"","","","","",699060,1,"2024-02-22_16h18.37.418","experiment","2023.2.3","Linux x86_64",59.88023952,"640ddabdcf41c28cc4a9ec2e","65d6198c9820d372ff6c9d7f","65d773b5444cff52c32152ba","",,,"",,,"",,,"",,,"",,,"",,,,,"",,,"","",,,,"",,,"","","",,,"","",,,,,"","","",,,,,,,1,"",,,,,"",,,,,,,,,,,"","",,,,,"k",0.564,,"space",1,"brown_gnomes",1,5,"dark_forest","red_basket","purple_gnome",1,7,"bright_forest","yellow_basket",7,0,0,1,"purple_gnome","bright_forest","yellow_basket",721,5,-3,71,1,143,0,1,1.1611,,"",,,"",,,"",,,"",,,,,,,"","",,,"",,,"",,,"",,,,,,,"",,,"","",,,,,,,,"",,,,,,,"",,,"","","",,,,,,,,"",,,,,"",,,,,"","","","",,,,,,"",,,,,"",,,,,"","",,,,,,"",,,,,,,
"","","",,"","","","","","","",,"","","","","","","",,"","","","","","","",,"","","","","",699060,1,"2024-02-22_16h18.37.418","experiment","2023.2.3","Linux x86_64",59.88023952,"640ddabdcf41c28cc4a9ec2e","65d6198c9820d372ff6c9d7f","65d773b5444cff52c32152ba","",,,"",,,"",,,"",,,"",,,"",,,,,"",,,"","",,,,"",,,"","","",,,"","",,,,,"","","",,,,,,,1,"",,,,,"",,,,,,,,,,,"","",,,,,"s",0.8958,,"space",1,"purple_gnome",1,6,"bright_forest","yellow_basket","brown_gnomes",1,2,"dark_forest","red_basket",6,0,0,1,"purple_gnome","bright_forest","yellow_basket",727,0,-1,72,0,144,0,1,0.2361,,"",,,"",,,"",,,"",,,,,,,"","",,,"",,,"",,,"",,,,,,,"",,,"","",,,,,,,,"",,,,,,,"",,,"","","",,,,,,,,"",,,,,"",,,,,"","","","",,,,,,"",,,,,"",,,,,"","",,,,,,"",,,,,,,
"","","",,"","","","","","","",,"","","","","","","",,"","","","","","","",,"","","","","",699060,1,"2024-02-22_16h18.37.418","experiment","2023.2.3","Linux x86_64",59.88023952,"640ddabdcf41c28cc4a9ec2e","65d6198c9820d372ff6c9d7f","65d773b5444cff52c32152ba","",,,"",,,"",,,"",,,"",,,"",,,,,"",,,"","",,,,"",,,"","","",,,"","",,,,,"","","",,,,,,,2,"",,,,,"",,,,,,,,,,,"","",,,,,"s",1.0393,,"space",2,"green_gnome",2,6,"bright_forest","yellow_basket","red_gnome",2,1,"dark_forest","red_basket",6,0,0,1,"green_gnome","bright_forest","yellow_basket",733,0,-1,72,1,145,1,1,0.2991,,"",,,"",,,"",,,"",,,,,,,"","",,,"",,,"",,,"",,,,,,,"",,,"","",,,,,,,,"",,,,,,,"",,,"","","",,,,,,,,"",,,,,"",,,,,"","","","",,,,,,"",,,,,"",,,,,"","",,,,,,"",,,,,,,
"","","",,"","","","","","","",,"","","","","","","",,"","","","","","","",,"","","","","",699060,1,"2024-02-22_16h18.37.418","experiment","2023.2.3","Linux x86_64",59.88023952,"640ddabdcf41c28cc4a9ec2e","65d6198c9820d372ff6c9d7f","65d773b5444cff52c32152ba","",,,"",,,"",,,"",,,"",,,"",,,,,"",,,"","",,,,"",,,"","","",,,"","",,,,,"","","",,,,,,,1,"",,,,,"",,,,,,,,,,,"","",,,,,"",,,"",1,"purple_gnome",1,6,"bright_forest","yellow_basket","brown_gnomes",1,0,"dark_forest","red_basket",0,1,0,0,"","bright_forest","yellow_basket",733,-3,0,73,0,146,0,1,,,"",,,"",,,"",,,"",,,,,,,"","",,,"",,,"",,,"",,,,,,,"",,,"","",,,,,,,,"",,,,,,,"",,,"","","",,,,,,,,"",,,,,"",,,,,"","","","",,,,,,"",,,,,"",,,,,"","",,,,,,"",,,,,,,
"","","",,"","","","","","","",,"","","","","","","",,"","","","","","","",,"","","","","",699060,1,"2024-02-22_16h18.37.418","experiment","2023.2.3","Linux x86_64",59.88023952,"640ddabdcf41c28cc4a9ec2e","65d6198c9820d372ff6c9d7f","65d773b5444cff52c32152ba","",,,"",,,"",,,"",,,"",,,"",,,,,"",,,"","",,,,"",,,"","","",,,"","",,,,,"","","",,,,,,,1,"",,,,,"",,,,,,,,,,,"","",,,,,"k",0.704,,"space",1,"brown_gnomes",1,0,"dark_forest","red_basket","purple_gnome",1,3,"bright_forest","yellow_basket",3,0,0,1,"purple_gnome","bright_forest","yellow_basket",736,-1,-1,73,1,147,0,1,0.7428,,"",,,"",,,"",,,"",,,,,,,"","",,,"",,,"",,,"",,,,,,,"",,,"","",,,,,,,,"",,,,,,,"",,,"","","",,,,,,,,"",,,,,"",,,,,"","","","",,,,,,"",,,,,"",,,,,"","",,,,,,"",,,,,,,
"","","",,"","","","","","","",,"","","","","","","",,"","","","","","","",,"","","","","",699060,1,"2024-02-22_16h18.37.418","experiment","2023.2.3","Linux x86_64",59.88023952,"640ddabdcf41c28cc4a9ec2e","65d6198c9820d372ff6c9d7f","65d773b5444cff52c32152ba","",,,"",,,"",,,"",,,"",,,"",,,,,"",,,"","",,,,"",,,"","","",,,"","",,,,,"","","",,,,,,,1,"",,,,,"",,,,,,,,,,,"","",,,,,"s",0.9836,,"space",1,"purple_gnome",1,2,"bright_forest","yellow_basket","brown_gnomes",1,1,"dark_forest","red_basket",2,0,0,1,"purple_gnome","bright_forest","yellow_basket",738,0,-1,74,0,148,0,1,0.8184,,"",,,"",,,"",,,"",,,,,,,"","",,,"",,,"",,,"",,,,,,,"",,,"","",,,,,,,,"",,,,,,,"",,,"","","",,,,,,,,"",,,,,"",,,,,"","","","",,,,,,"",,,,,"",,,,,"","",,,,,,"",,,,,,,
"","","",,"","","","","","","",,"","","","","","","",,"","","","","","","",,"","","","","",699060,1,"2024-02-22_16h18.37.418","experiment","2023.2.3","Linux x86_64",59.88023952,"640ddabdcf41c28cc4a9ec2e","65d6198c9820d372ff6c9d7f","65d773b5444cff52c32152ba","",,,"",,,"",,,"",,,"",,,"",,,,,"",,,"","",,,,"",,,"","","",,,"","",,,,,"","","",,,,,,,1,"",,,,,"",,,,,,,,,,,"","",,,,,"k",0.6187,,"space",1,"brown_gnomes",1,0,"dark_forest","red_basket","purple_gnome",1,2,"bright_forest","yellow_basket",2,0,0,1,"purple_gnome","bright_forest","yellow_basket",740,-1,1,74,1,149,0,1,0.3009,,"",,,"",,,"",,,"",,,,,,,"","",,,"",,,"",,,"",,,,,,,"",,,"","",,,,,,,,"",,,,,,,"",,,"","","",,,,,,,,"",,,,,"",,,,,"","","","",,,,,,"",,,,,"",,,,,"","",,,,,,"",,,,,,,
"","","",,"","","","","","","",,"","","","","","","",,"","","","","","","",,"","","","","",699060,1,"2024-02-22_16h18.37.418","experiment","2023.2.3","Linux x86_64",59.88023952,"640ddabdcf41c28cc4a9ec2e","65d6198c9820d372ff6c9d7f","65d773b5444cff52c32152ba","",,,"",,,"",,,"",,,"",,,"",,,,,"",,,"","",,,,"",,,"","","",,,"","",,,,,"","","",,,,,,,2,"",,,,,"",,,,,,,,,,,"","",,,,,"k",1.128,,"space",2,"red_gnome",2,1,"dark_forest","red_basket","green_gnome",2,1,"bright_forest","yellow_basket",1,0,0,1,"green_gnome","bright_forest","yellow_basket",741,0,-1,75,0,150,1,1,0.3957,,"",,,"",,,"",,,"",,,,,,,"","",,,"",,,"",,,"",,,,,,,"",,,"","",,,,,,,,"",,,,,,,"",,,"","","",,,,,,,,"",,,,,"",,,,,"","","","",,,,,,"",,,,,"",,,,,"","",,,,,,"",,,,,,,
"","","",,"","","","","","","",,"","","","","","","",,"","","","","","","",,"","","","","",699060,1,"2024-02-22_16h18.37.418","experiment","2023.2.3","Linux x86_64",59.88023952,"640ddabdcf41c28cc4a9ec2e","65d6198c9820d372ff6c9d7f","65d773b5444cff52c32152ba","",,,"",,,"",,,"",,,"",,,"",,,,,"",,,"","",,,,"",,,"","","",,,"","",,,,,"","","",,,,,,,1,"",,,,,"",,,,,,,,,,,"","",,,,,"k",0.7554,,"space",1,"purple_gnome",1,1,"bright_forest","yellow_basket","brown_gnomes",1,0,"dark_forest","red_basket",0,0,0,1,"brown_gnomes","dark_forest","red_basket",741,-3,0,75,1,151,0,1,0.3844,,"",,,"",,,"",,,"",,,,,,,"","",,,"",,,"",,,"",,,,,,,"",,,"","",,,,,,,,"",,,,,,,"",,,"","","",,,,,,,,"",,,,,"",,,,,"","","","",,,,,,"",,,,,"",,,,,"","",,,,,,"",,,,,,,
"","","",,"","","","","","","",,"","","","","","","",,"","","","","","","",,"","","","","",699060,1,"2024-02-22_16h18.37.418","experiment","2023.2.3","Linux x86_64",59.88023952,"640ddabdcf41c28cc4a9ec2e","65d6198c9820d372ff6c9d7f","65d773b5444cff52c32152ba","",,,"",,,"",,,"",,,"",,,"",,,,,"",,,"","",,,,"",,,"","","",,,"","",,,,,"","","",,,,,,,1,"",,,,,"",,,,,,,,,,,"","",,,,,"k",0.9067,,"space",1,"brown_gnomes",1,0,"dark_forest","red_basket","purple_gnome",1,2,"bright_forest","yellow_basket",2,0,0,1,"purple_gnome","bright_forest","yellow_basket",743,0,-2,76,0,152,0,1,1.0851,,"",,,"",,,"",,,"",,,,,,,"","",,,"",,,"",,,"",,,,,,,"",,,"","",,,,,,,,"",,,,,,,"",,,"","","",,,,,,,,"",,,,,"",,,,,"","","","",,,,,,"",,,,,"",,,,,"","",,,,,,"",,,,,,,
"","","",,"","","","","","","",,"","","","","","","",,"","","","","","","",,"","","","","",699060,1,"2024-02-22_16h18.37.418","experiment","2023.2.3","Linux x86_64",59.88023952,"640ddabdcf41c28cc4a9ec2e","65d6198c9820d372ff6c9d7f","65d773b5444cff52c32152ba","",,,"",,,"",,,"",,,"",,,"",,,,,"",,,"","",,,,"",,,"","","",,,"","",,,,,"","","",,,,,,,2,"",,,,,"",,,,,,,,,,,"","",,,,,"k",0.627,,"space",2,"red_gnome",2,2,"dark_forest","red_basket","green_gnome",2,2,"bright_forest","yellow_basket",2,0,0,1,"green_gnome","bright_forest","yellow_basket",745,-2,-1,76,1,153,1,1,0.1562,,"",,,"",,,"",,,"",,,,,,,"","",,,"",,,"",,,"",,,,,,,"",,,"","",,,,,,,,"",,,,,,,"",,,"","","",,,,,,,,"",,,,,"",,,,,"","","","",,,,,,"",,,,,"",,,,,"","",,,,,,"",,,,,,,
"","","",,"","","","","","","",,"","","","","","","",,"","","","","","","",,"","","","","",699060,1,"2024-02-22_16h18.37.418","experiment","2023.2.3","Linux x86_64",59.88023952,"640ddabdcf41c28cc4a9ec2e","65d6198c9820d372ff6c9d7f","65d773b5444cff52c32152ba","",,,"",,,"",,,"",,,"",,,"",,,,,"",,,"","",,,,"",,,"","","",,,"","",,,,,"","","",,,,,,,2,"",,,,,"",,,,,,,,,,,"","",,,,,"k",1.0096,,"space",2,"green_gnome",2,0,"bright_forest","yellow_basket","red_gnome",2,1,"dark_forest","red_basket",1,0,0,1,"red_gnome","dark_forest","red_basket",746,0,-2,77,0,154,1,1,0.4017,,"",,,"",,,"",,,"",,,,,,,"","",,,"",,,"",,,"",,,,,,,"",,,"","",,,,,,,,"",,,,,,,"",,,"","","",,,,,,,,"",,,,,"",,,,,"","","","",,,,,,"",,,,,"",,,,,"","",,,,,,"",,,,,,,
"","","",,"","","","","","","",,"","","","","","","",,"","","","","","","",,"","","","","",699060,1,"2024-02-22_16h18.37.418","experiment","2023.2.3","Linux x86_64",59.88023952,"640ddabdcf41c28cc4a9ec2e","65d6198c9820d372ff6c9d7f","65d773b5444cff52c32152ba","",,,"",,,"",,,"",,,"",,,"",,,,,"",,,"","",,,,"",,,"","","",,,"","",,,,,"","","",,,,,,,1,"",,,,,"",,,,,,,,,,,"","",,,,,"k",0.9734,,"space",1,"brown_gnomes",1,1,"dark_forest","red_basket","purple_gnome",1,0,"bright_forest","yellow_basket",0,0,0,1,"purple_gnome","bright_forest","yellow_basket",746,3,2,77,1,155,0,1,0.7373,,"",,,"",,,"",,,"",,,,,,,"","",,,"",,,"",,,"",,,,,,,"",,,"","",,,,,,,,"",,,,,,,"",,,"","","",,,,,,,,"",,,,,"",,,,,"","","","",,,,,,"",,,,,"",,,,,"","",,,,,,"",,,,,,,
"","","",,"","","","","","","",,"","","","","","","",,"","","","","","","",,"","","","","",699060,1,"2024-02-22_16h18.37.418","experiment","2023.2.3","Linux x86_64",59.88023952,"640ddabdcf41c28cc4a9ec2e","65d6198c9820d372ff6c9d7f","65d773b5444cff52c32152ba","",,,"",,,"",,,"",,,"",,,"",,,,,"",,,"","",,,,"",,,"","","",,,"","",,,,,"","","",,,,,,,1,"",,,,,"",,,,,,,,,,,"","",,,,,"s",0.9305,,"space",1,"brown_gnomes",1,3,"dark_forest","red_basket","purple_gnome",1,3,"bright_forest","yellow_basket",3,0,0,1,"brown_gnomes","dark_forest","red_basket",749,2,-1,78,0,156,0,1,0.3528,,"",,,"",,,"",,,"",,,,,,,"","",,,"",,,"",,,"",,,,,,,"",,,"","",,,,,,,,"",,,,,,,"",,,"","","",,,,,,,,"",,,,,"",,,,,"","","","",,,,,,"",,,,,"",,,,,"","",,,,,,"",,,,,,,
"","","",,"","","","","","","",,"","","","","","","",,"","","","","","","",,"","","","","",699060,1,"2024-02-22_16h18.37.418","experiment","2023.2.3","Linux x86_64",59.88023952,"640ddabdcf41c28cc4a9ec2e","65d6198c9820d372ff6c9d7f","65d773b5444cff52c32152ba","",,,"",,,"",,,"",,,"",,,"",,,,,"",,,"","",,,,"",,,"","","",,,"","",,,,,"","","",,,,,,,1,"",,,,,"",,,,,,,,,,,"","",,,,,"s",0.6665,,"space",1,"brown_gnomes",1,2,"dark_forest","red_basket","purple_gnome",1,5,"bright_forest","yellow_basket",2,0,0,1,"brown_gnomes","dark_forest","red_basket",751,-4,-2,78,1,157,0,1,0.0152,,"",,,"",,,"",,,"",,,,,,,"","",,,"",,,"",,,"",,,,,,,"",,,"","",,,,,,,,"",,,,,,,"",,,"","","",,,,,,,,"",,,,,"",,,,,"","","","",,,,,,"",,,,,"",,,,,"","",,,,,,"",,,,,,,
"","","",,"","","","","","","",,"","","","","","","",,"","","","","","","",,"","","","","",699060,1,"2024-02-22_16h18.37.418","experiment","2023.2.3","Linux x86_64",59.88023952,"640ddabdcf41c28cc4a9ec2e","65d6198c9820d372ff6c9d7f","65d773b5444cff52c32152ba","",,,"",,,"",,,"",,,"",,,"",,,,,"",,,"","",,,,"",,,"","","",,,"","",,,,,"","","",,,,,,,1,"",,,,,"",,,,,,,,,,,"","",,,,,"",,,"",1,"purple_gnome",1,1,"bright_forest","yellow_basket","brown_gnomes",1,0,"dark_forest","red_basket",0,1,0,0,"","dark_forest","red_basket",751,0,-1,79,0,158,0,1,,,"",,,"",,,"",,,"",,,,,,,"","",,,"",,,"",,,"",,,,,,,"",,,"","",,,,,,,,"",,,,,,,"",,,"","","",,,,,,,,"",,,,,"",,,,,"","","","",,,,,,"",,,,,"",,,,,"","",,,,,,"",,,,,,,
"","","",,"","","","","","","",,"","","","","","","",,"","","","","","","",,"","","","","",699060,1,"2024-02-22_16h18.37.418","experiment","2023.2.3","Linux x86_64",59.88023952,"640ddabdcf41c28cc4a9ec2e","65d6198c9820d372ff6c9d7f","65d773b5444cff52c32152ba","",,,"",,,"",,,"",,,"",,,"",,,,,"",,,"","",,,,"",,,"","","",,,"","",,,,,"","","",,,,,,,1,"",,,,,"",,,,,,,,,,,"","",,,,,"s",1.0923,,"space",1,"brown_gnomes",1,1,"dark_forest","red_basket","purple_gnome",1,1,"bright_forest","yellow_basket",1,0,0,1,"brown_gnomes","dark_forest","red_basket",752,-2,3,79,1,159,0,1,0.5346,,"",,,"",,,"",,,"",,,,,,,"","",,,"",,,"",,,"",,,,,,,"",,,"","",,,,,,,,"",,,,,,,"",,,"","","",,,,,,,,"",,,,,"",,,,,"","","","",,,,,,"",,,,,"",,,,,"","",,,,,,"",,,,,,,
"","","",,"","","","","","","",,"","","","","","","",,"","","","","","","",,"","","","","",699060,1,"2024-02-22_16h18.37.418","experiment","2023.2.3","Linux x86_64",59.88023952,"640ddabdcf41c28cc4a9ec2e","65d6198c9820d372ff6c9d7f","65d773b5444cff52c32152ba","",,,"",,,"",,,"",,,"",,,"",,,,,"",,,"","",,,,"",,,"","","",,,"","",,,,,"","","",,,,,,,2,"",,,,,"",,,,,,,,,,,"","",,,,,"",,,"",2,"green_gnome",2,1,"bright_forest","yellow_basket","red_gnome",2,4,"dark_forest","red_basket",0,1,0,0,"","dark_forest","red_basket",752,2,0,80,0,160,1,1,,,"",,,"",,,"",,,"",,,,,,,"","",,,"",,,"",,,"",,,,,,,"",,,"","",,,,,,,,"",,,,,,,"",,,"","","",,,,,,,,"",,,,,"",,,,,"","","","",,,,,,"",,,,,"",,,,,"","",,,,,,"",,,,,,,
"","","",,"","","","","","","",,"","","","","","","",,"","","","","","","",,"","","","","",699060,1,"2024-02-22_16h18.37.418","experiment","2023.2.3","Linux x86_64",59.88023952,"640ddabdcf41c28cc4a9ec2e","65d6198c9820d372ff6c9d7f","65d773b5444cff52c32152ba","",,,"",,,"",,,"",,,"",,,"",,,,,"",,,"","",,,,"",,,"","","",,,"","",,,,,"","","",,,,,,,2,"",,,,,"",,,,,,,,,,,"","",,,,,"k",1.1514,,"space",2,"red_gnome",2,4,"dark_forest","red_basket","green_gnome",2,3,"bright_forest","yellow_basket",3,0,0,1,"green_gnome","bright_forest","yellow_basket",755,-1,2,80,1,161,1,1,0.8852,,"",,,"",,,"",,,"",,,,,,,"","",,,"",,,"",,,"",,,,,,,"",,,"","",,,,,,,,"",,,,,,,"",,,"","","",,,,,,,,"",,,,,"",,,,,"","","","",,,,,,"",,,,,"",,,,,"","",,,,,,"",,,,,,,
"","","",,"","","","","","","",,"","","","","","","",,"","","","","","","",,"","","","","",699060,1,"2024-02-22_16h18.37.418","experiment","2023.2.3","Linux x86_64",59.88023952,"640ddabdcf41c28cc4a9ec2e","65d6198c9820d372ff6c9d7f","65d773b5444cff52c32152ba","",,,"",,,"",,,"",,,"",,,"",,,,,"",,,"","",,,,"",,,"","","",,,"","",,,,,"","","",,,,,,,1,"",,,,,"",,,,,,,,,,,"","",,,,,"s",0.7232,,"space",1,"brown_gnomes",1,6,"dark_forest","red_basket","purple_gnome",1,2,"bright_forest","yellow_basket",6,0,0,1,"brown_gnomes","dark_forest","red_basket",761,3,1,81,0,162,0,1,0.0148,,"",,,"",,,"",,,"",,,,,,,"","",,,"",,,"",,,"",,,,,,,"",,,"","",,,,,,,,"",,,,,,,"",,,"","","",,,,,,,,"",,,,,"",,,,,"","","","",,,,,,"",,,,,"",,,,,"","",,,,,,"",,,,,,,
"","","",,"","","","","","","",,"","","","","","","",,"","","","","","","",,"","","","","",699060,1,"2024-02-22_16h18.37.418","experiment","2023.2.3","Linux x86_64",59.88023952,"640ddabdcf41c28cc4a9ec2e","65d6198c9820d372ff6c9d7f","65d773b5444cff52c32152ba","",,,"",,,"",,,"",,,"",,,"",,,,,"",,,"","",,,,"",,,"","","",,,"","",,,,,"","","",,,,,,,1,"",,,,,"",,,,,,,,,,,"","",,,,,"s",1.0749,,"space",1,"brown_gnomes",1,7,"dark_forest","red_basket","purple_gnome",1,5,"bright_forest","yellow_basket",7,0,0,1,"brown_gnomes","dark_forest","red_basket",768,0,0,81,1,163,0,1,0.4858,,"",,,"",,,"",,,"",,,,,,,"","",,,"",,,"",,,"",,,,,,,"",,,"","",,,,,,,,"",,,,,,,"",,,"","","",,,,,,,,"",,,,,"",,,,,"","","","",,,,,,"",,,,,"",,,,,"","",,,,,,"",,,,,,,
"","","",,"","","","","","","",,"","","","","","","",,"","","","","","","",,"","","","","",699060,1,"2024-02-22_16h18.37.418","experiment","2023.2.3","Linux x86_64",59.88023952,"640ddabdcf41c28cc4a9ec2e","65d6198c9820d372ff6c9d7f","65d773b5444cff52c32152ba","",,,"",,,"",,,"",,,"",,,"",,,,,"",,,"","",,,,"",,,"","","",,,"","",,,,,"","","",,,,,,,2,"",,,,,"",,,,,,,,,,,"","",,,,,"s",1.2279,,"space",2,"green_gnome",2,5,"bright_forest","yellow_basket","red_gnome",2,7,"dark_forest","red_basket",5,0,0,1,"green_gnome","bright_forest","yellow_basket",773,2,1,82,0,164,1,1,0.6397,,"",,,"",,,"",,,"",,,,,,,"","",,,"",,,"",,,"",,,,,,,"",,,"","",,,,,,,,"",,,,,,,"",,,"","","",,,,,,,,"",,,,,"",,,,,"","","","",,,,,,"",,,,,"",,,,,"","",,,,,,"",,,,,,,
"","","",,"","","","","","","",,"","","","","","","",,"","","","","","","",,"","","","","",699060,1,"2024-02-22_16h18.37.418","experiment","2023.2.3","Linux x86_64",59.88023952,"640ddabdcf41c28cc4a9ec2e","65d6198c9820d372ff6c9d7f","65d773b5444cff52c32152ba","",,,"",,,"",,,"",,,"",,,"",,,,,"",,,"","",,,,"",,,"","","",,,"","",,,,,"","","",,,,,,,1,"",,,,,"",,,,,,,,,,,"","",,,,,"s",0.6164,,"space",1,"purple_gnome",1,7,"bright_forest","yellow_basket","brown_gnomes",1,8,"dark_forest","red_basket",7,0,0,1,"purple_gnome","bright_forest","yellow_basket",780,0,0,82,1,165,0,1,0.0482,,"",,,"",,,"",,,"",,,,,,,"","",,,"",,,"",,,"",,,,,,,"",,,"","",,,,,,,,"",,,,,,,"",,,"","","",,,,,,,,"",,,,,"",,,,,"","","","",,,,,,"",,,,,"",,,,,"","",,,,,,"",,,,,,,
"","","",,"","","","","","","",,"","","","","","","",,"","","","","","","",,"","","","","",699060,1,"2024-02-22_16h18.37.418","experiment","2023.2.3","Linux x86_64",59.88023952,"640ddabdcf41c28cc4a9ec2e","65d6198c9820d372ff6c9d7f","65d773b5444cff52c32152ba","",,,"",,,"",,,"",,,"",,,"",,,,,"",,,"","",,,,"",,,"","","",,,"","",,,,,"","","",,,,,,,2,"",,,,,"",,,,,,,,,,,"","",,,,,"k",0.6585,,"space",2,"red_gnome",2,8,"dark_forest","red_basket","green_gnome",2,7,"bright_forest","yellow_basket",7,0,0,1,"green_gnome","bright_forest","yellow_basket",787,1,-1,83,0,166,1,1,0.3496,,"",,,"",,,"",,,"",,,,,,,"","",,,"",,,"",,,"",,,,,,,"",,,"","",,,,,,,,"",,,,,,,"",,,"","","",,,,,,,,"",,,,,"",,,,,"","","","",,,,,,"",,,,,"",,,,,"","",,,,,,"",,,,,,,
"","","",,"","","","","","","",,"","","","","","","",,"","","","","","","",,"","","","","",699060,1,"2024-02-22_16h18.37.418","experiment","2023.2.3","Linux x86_64",59.88023952,"640ddabdcf41c28cc4a9ec2e","65d6198c9820d372ff6c9d7f","65d773b5444cff52c32152ba","",,,"",,,"",,,"",,,"",,,"",,,,,"",,,"","",,,,"",,,"","","",,,"","",,,,,"","","",,,,,,,2,"",,,,,"",,,,,,,,,,,"","",,,,,"k",1.0257,,"space",2,"red_gnome",2,7,"dark_forest","red_basket","green_gnome",2,8,"bright_forest","yellow_basket",8,0,0,1,"green_gnome","bright_forest","yellow_basket",795,-4,2,83,1,167,1,1,0.0488,,"",,,"",,,"",,,"",,,,,,,"","",,,"",,,"",,,"",,,,,,,"",,,"","",,,,,,,,"",,,,,,,"",,,"","","",,,,,,,,"",,,,,"",,,,,"","","","",,,,,,"",,,,,"",,,,,"","",,,,,,"",,,,,,,
"","","",,"","","","","","","",,"","","","","","","",,"","","","","","","",,"","","","","",699060,1,"2024-02-22_16h18.37.418","experiment","2023.2.3","Linux x86_64",59.88023952,"640ddabdcf41c28cc4a9ec2e","65d6198c9820d372ff6c9d7f","65d773b5444cff52c32152ba","",,,"",,,"",,,"",,,"",,,"",,,,,"",,,"","",,,,"",,,"","","",,,"","",,,,,"","","",,,,,,,2,"",,,,,"",,,,,,,,,,,"","",,,,,"k",0.6746,,"space",2,"green_gnome",2,4,"bright_forest","yellow_basket","red_gnome",2,9,"dark_forest","red_basket",9,0,0,1,"red_gnome","dark_forest","red_basket",804,-1,0,84,0,168,1,1,0.1588,,"",,,"",,,"",,,"",,,,,,,"","",,,"",,,"",,,"",,,,,,,"",,,"","",,,,,,,,"",,,,,,,"",,,"","","",,,,,,,,"",,,,,"",,,,,"","","","",,,,,,"",,,,,"",,,,,"","",,,,,,"",,,,,,,
"","","",,"","","","","","","",,"","","","","","","",,"","","","","","","",,"","","","","",699060,1,"2024-02-22_16h18.37.418","experiment","2023.2.3","Linux x86_64",59.88023952,"640ddabdcf41c28cc4a9ec2e","65d6198c9820d372ff6c9d7f","65d773b5444cff52c32152ba","",,,"",,,"",,,"",,,"",,,"",,,,,"",,,"","",,,,"",,,"","","",,,"","",,,,,"","","",,,,,,,2,"",,,,,"",,,,,,,,,,,"","",,,,,"s",0.9091,,"space",2,"green_gnome",2,3,"bright_forest","yellow_basket","red_gnome",2,9,"dark_forest","red_basket",3,0,0,1,"green_gnome","bright_forest","yellow_basket",807,1,0,84,1,169,1,1,0.4924,,"",,,"",,,"",,,"",,,,,,,"","",,,"",,,"",,,"",,,,,,,"",,,"","",,,,,,,,"",,,,,,,"",,,"","","",,,,,,,,"",,,,,"",,,,,"","","","",,,,,,"",,,,,"",,,,,"","",,,,,,"",,,,,,,
"","","",,"","","","","","","",,"","","","","","","",,"","","","","","","",,"","","","","",699060,1,"2024-02-22_16h18.37.418","experiment","2023.2.3","Linux x86_64",59.88023952,"640ddabdcf41c28cc4a9ec2e","65d6198c9820d372ff6c9d7f","65d773b5444cff52c32152ba","",,,"",,,"",,,"",,,"",,,"",,,,,"",,,"","",,,,"",,,"","","",,,"","",,,,,"","","",,,,,,,2,"",,,,,"",,,,,,,,,,,"","",,,,,"k",1.1077,,"space",2,"green_gnome",2,4,"bright_forest","yellow_basket","red_gnome",2,9,"dark_forest","red_basket",9,0,0,1,"red_gnome","dark_forest","red_basket",816,-1,-2,85,0,170,1,1,0.0593,,"",,,"",,,"",,,"",,,,,,,"","",,,"",,,"",,,"",,,,,,,"",,,"","",,,,,,,,"",,,,,,,"",,,"","","",,,,,,,,"",,,,,"",,,,,"","","","",,,,,,"",,,,,"",,,,,"","",,,,,,"",,,,,,,
"","","",,"","","","","","","",,"","","","","","","",,"","","","","","","",,"","","","","",699060,1,"2024-02-22_16h18.37.418","experiment","2023.2.3","Linux x86_64",59.88023952,"640ddabdcf41c28cc4a9ec2e","65d6198c9820d372ff6c9d7f","65d773b5444cff52c32152ba","",,,"",,,"",,,"",,,"",,,"",,,,,"",,,"","",,,,"",,,"","","",,,"","",,,,,"","","",,,,,,,1,"",,,,,"",,,,,,,,,,,"","",,,,,"s",0.5432,,"space",1,"brown_gnomes",1,7,"dark_forest","red_basket","purple_gnome",1,3,"bright_forest","yellow_basket",7,0,0,1,"brown_gnomes","dark_forest","red_basket",823,0,1,85,1,171,0,1,0.2107,,"",,,"",,,"",,,"",,,,,,,"","",,,"",,,"",,,"",,,,,,,"",,,"","",,,,,,,,"",,,,,,,"",,,"","","",,,,,,,,"",,,,,"",,,,,"","","","",,,,,,"",,,,,"",,,,,"","",,,,,,"",,,,,,,
"","","",,"","","","","","","",,"","","","","","","",,"","","","","","","",,"","","","","",699060,1,"2024-02-22_16h18.37.418","experiment","2023.2.3","Linux x86_64",59.88023952,"640ddabdcf41c28cc4a9ec2e","65d6198c9820d372ff6c9d7f","65d773b5444cff52c32152ba","",,,"",,,"",,,"",,,"",,,"",,,,,"",,,"","",,,,"",,,"","","",,,"","",,,,,"","","",,,,,,,1,"",,,,,"",,,,,,,,,,,"","",,,,,"k",0.7952,,"space",1,"purple_gnome",1,3,"bright_forest","yellow_basket","brown_gnomes",1,8,"dark_forest","red_basket",8,0,0,1,"brown_gnomes","dark_forest","red_basket",831,-1,1,86,0,172,0,1,0.3025,,"",,,"",,,"",,,"",,,,,,,"","",,,"",,,"",,,"",,,,,,,"",,,"","",,,,,,,,"",,,,,,,"",,,"","","",,,,,,,,"",,,,,"",,,,,"","","","",,,,,,"",,,,,"",,,,,"","",,,,,,"",,,,,,,
"","","",,"","","","","","","",,"","","","","","","",,"","","","","","","",,"","","","","",699060,1,"2024-02-22_16h18.37.418","experiment","2023.2.3","Linux x86_64",59.88023952,"640ddabdcf41c28cc4a9ec2e","65d6198c9820d372ff6c9d7f","65d773b5444cff52c32152ba","",,,"",,,"",,,"",,,"",,,"",,,,,"",,,"","",,,,"",,,"","","",,,"","",,,,,"","","",,,,,,,2,"",,,,,"",,,,,,,,,,,"","",,,,,"k",0.6949,,"space",2,"green_gnome",2,2,"bright_forest","yellow_basket","red_gnome",2,9,"dark_forest","red_basket",9,0,0,1,"red_gnome","dark_forest","red_basket",840,0,-1,86,1,173,1,1,0.2426,,"",,,"",,,"",,,"",,,,,,,"","",,,"",,,"",,,"",,,,,,,"",,,"","",,,,,,,,"",,,,,,,"",,,"","","",,,,,,,,"",,,,,"",,,,,"","","","",,,,,,"",,,,,"",,,,,"","",,,,,,"",,,,,,,
"","","",,"","","","","","","",,"","","","","","","",,"","","","","","","",,"","","","","",699060,1,"2024-02-22_16h18.37.418","experiment","2023.2.3","Linux x86_64",59.88023952,"640ddabdcf41c28cc4a9ec2e","65d6198c9820d372ff6c9d7f","65d773b5444cff52c32152ba","",,,"",,,"",,,"",,,"",,,"",,,,,"",,,"","",,,,"",,,"","","",,,"","",,,,,"","","",,,,,,,1,"",,,,,"",,,,,,,,,,,"","",,,,,"k",1.047,,"space",1,"purple_gnome",1,2,"bright_forest","yellow_basket","brown_gnomes",1,8,"dark_forest","red_basket",8,0,0,1,"brown_gnomes","dark_forest","red_basket",848,2,0,87,0,174,0,1,0.3637,,"",,,"",,,"",,,"",,,,,,,"","",,,"",,,"",,,"",,,,,,,"",,,"","",,,,,,,,"",,,,,,,"",,,"","","",,,,,,,,"",,,,,"",,,,,"","","","",,,,,,"",,,,,"",,,,,"","",,,,,,"",,,,,,,
"","","",,"","","","","","","",,"","","","","","","",,"","","","","","","",,"","","","","",699060,1,"2024-02-22_16h18.37.418","experiment","2023.2.3","Linux x86_64",59.88023952,"640ddabdcf41c28cc4a9ec2e","65d6198c9820d372ff6c9d7f","65d773b5444cff52c32152ba","",,,"",,,"",,,"",,,"",,,"",,,,,"",,,"","",,,,"",,,"","","",,,"","",,,,,"","","",,,,,,,1,"",,,,,"",,,,,,,,,,,"","",,,,,"k",0.9255,,"space",1,"purple_gnome",1,4,"bright_forest","yellow_basket","brown_gnomes",1,8,"dark_forest","red_basket",8,0,0,1,"brown_gnomes","dark_forest","red_basket",856,0,3,87,1,175,0,1,0.2651,,"",,,"",,,"",,,"",,,,,,,"","",,,"",,,"",,,"",,,,,,,"",,,"","",,,,,,,,"",,,,,,,"",,,"","","",,,,,,,,"",,,,,"",,,,,"","","","",,,,,,"",,,,,"",,,,,"","",,,,,,"",,,,,,,
"","","",,"","","","","","","",,"","","","","","","",,"","","","","","","",,"","","","","",699060,1,"2024-02-22_16h18.37.418","experiment","2023.2.3","Linux x86_64",59.88023952,"640ddabdcf41c28cc4a9ec2e","65d6198c9820d372ff6c9d7f","65d773b5444cff52c32152ba","",,,"",,,"",,,"",,,"",,,"",,,,,"",,,"","",,,,"",,,"","","",,,"","",,,,,"","","",,,,,,,2,"",,,,,"",,,,,,,,,,,"","",,,,,"s",0.6555,,"",2,"red_gnome",2,7,"dark_forest","red_basket","green_gnome",2,4,"bright_forest","yellow_basket",0,0,1,0,"red_gnome","dark_forest","red_basket",856,1,0,88,0,176,1,1,,,"",,,"",,,"",,,"",,,,,,,"","",,,"",,,"",,,"",,,,,,,"",,,"","",,,,,,,,"",,,,,,,"",,,"","","",,,,,,,,"",,,,,"",,,,,"","","","",,,,,,"",,,,,"",,,,,"","",,,,,,"",,,,,,,
"","","",,"","","","","","","",,"","","","","","","",,"","","","","","","",,"","","","","",699060,1,"2024-02-22_16h18.37.418","experiment","2023.2.3","Linux x86_64",59.88023952,"640ddabdcf41c28cc4a9ec2e","65d6198c9820d372ff6c9d7f","65d773b5444cff52c32152ba","",,,"",,,"",,,"",,,"",,,"",,,,,"",,,"","",,,,"",,,"","","",,,"","",,,,,"","","",,,,,,,2,"",,,,,"",,,,,,,,,,,"","",,,,,"k",0.8675,,"space",2,"green_gnome",2,5,"bright_forest","yellow_basket","red_gnome",2,7,"dark_forest","red_basket",7,0,0,1,"red_gnome","dark_forest","red_basket",863,-3,2,88,1,177,1,1,0.2446,,"",,,"",,,"",,,"",,,,,,,"","",,,"",,,"",,,"",,,,,,,"",,,"","",,,,,,,,"",,,,,,,"",,,"","","",,,,,,,,"",,,,,"",,,,,"","","","",,,,,,"",,,,,"",,,,,"","",,,,,,"",,,,,,,
"","","",,"","","","","","","",,"","","","","","","",,"","","","","","","",,"","","","","",699060,1,"2024-02-22_16h18.37.418","experiment","2023.2.3","Linux x86_64",59.88023952,"640ddabdcf41c28cc4a9ec2e","65d6198c9820d372ff6c9d7f","65d773b5444cff52c32152ba","",,,"",,,"",,,"",,,"",,,"",,,,,"",,,"","",,,,"",,,"","","",,,"","",,,,,"","","",,,,,,,2,"",,,,,"",,,,,,,,,,,"","",,,,,"k",1.1436,,"space",2,"green_gnome",2,2,"bright_forest","yellow_basket","red_gnome",2,9,"dark_forest","red_basket",9,0,0,1,"red_gnome","dark_forest","red_basket",872,1,1,89,0,178,1,1,0.077,,"",,,"",,,"",,,"",,,,,,,"","",,,"",,,"",,,"",,,,,,,"",,,"","",,,,,,,,"",,,,,,,"",,,"","","",,,,,,,,"",,,,,"",,,,,"","","","",,,,,,"",,,,,"",,,,,"","",,,,,,"",,,,,,,
"","","",,"","","","","","","",,"","","","","","","",,"","","","","","","",,"","","","","",699060,1,"2024-02-22_16h18.37.418","experiment","2023.2.3","Linux x86_64",59.88023952,"640ddabdcf41c28cc4a9ec2e","65d6198c9820d372ff6c9d7f","65d773b5444cff52c32152ba","",,,"",,,"",,,"",,,"",,,"",,,,,"",,,"","",,,,"",,,"","","",,,"","",,,,,"","","",,,,,,,1,"",,,,,"",,,,,,,,,,,"","",,,,,"k",0.5997,,"space",1,"purple_gnome",1,3,"bright_forest","yellow_basket","brown_gnomes",1,8,"dark_forest","red_basket",8,0,0,1,"brown_gnomes","dark_forest","red_basket",880,0,-1,89,1,179,0,1,0.4113,,"",,,"",,,"",,,"",,,,,,,"","",,,"",,,"",,,"",,,,,,,"",,,"","",,,,,,,,"",,,,,,,"",,,"","","",,,,,,,,"",,,,,"",,,,,"","","","",,,,,,"",,,,,"",,,,,"","",,,,,,"",,,,,,,
"","","",,"","","","","","","",,"","","","","","","",,"","","","","","","",,"","","","","",699060,1,"2024-02-22_16h18.37.418","experiment","2023.2.3","Linux x86_64",59.88023952,"640ddabdcf41c28cc4a9ec2e","65d6198c9820d372ff6c9d7f","65d773b5444cff52c32152ba","",,,"",,,"",,,"",,,"",,,"",,,,,"",,,"","",,,,"",,,"","","",,,"","",,,,,"","","",,,,,,,2,"",,,,,"",,,,,,,,,,,"","",,,,,"k",1.2,,"space",2,"green_gnome",2,3,"bright_forest","yellow_basket","red_gnome",2,7,"dark_forest","red_basket",7,0,0,1,"red_gnome","dark_forest","red_basket",887,-1,3,90,0,180,1,1,0.0478,,"",,,"",,,"",,,"",,,,,,,"","",,,"",,,"",,,"",,,,,,,"",,,"","",,,,,,,,"",,,,,,,"",,,"","","",,,,,,,,"",,,,,"",,,,,"","","","",,,,,,"",,,,,"",,,,,"","",,,,,,"",,,,,,,
"","","",,"","","","","","","",,"","","","","","","",,"","","","","","","",,"","","","","",699060,1,"2024-02-22_16h18.37.418","experiment","2023.2.3","Linux x86_64",59.88023952,"640ddabdcf41c28cc4a9ec2e","65d6198c9820d372ff6c9d7f","65d773b5444cff52c32152ba","",,,"",,,"",,,"",,,"",,,"",,,,,"",,,"","",,,,"",,,"","","",,,"","",,,,,"","","",,,,,,,1,"",,,,,"",,,,,,,,,,,"","",,,,,"s",0.5851,,"space",1,"brown_gnomes",1,8,"dark_forest","red_basket","purple_gnome",1,2,"bright_forest","yellow_basket",8,0,0,1,"brown_gnomes","dark_forest","red_basket",895,-1,-3,90,1,181,0,1,0.1822,,"",,,"",,,"",,,"",,,,,,,"","",,,"",,,"",,,"",,,,,,,"",,,"","",,,,,,,,"",,,,,,,"",,,"","","",,,,,,,,"",,,,,"",,,,,"","","","",,,,,,"",,,,,"",,,,,"","",,,,,,"",,,,,,,
"","","",,"","","","","","","",,"","","","","","","",,"","","","","","","",,"","","","","",699060,1,"2024-02-22_16h18.37.418","experiment","2023.2.3","Linux x86_64",59.88023952,"640ddabdcf41c28cc4a9ec2e","65d6198c9820d372ff6c9d7f","65d773b5444cff52c32152ba","",,,"",,,"",,,"",,,"",,,"",,,,,"",,,"","",,,,"",,,"","","",,,"","",,,,,"","","",,,,,,,2,"",,,,,"",,,,,,,,,,,"","",,,,,"k",1.1842,,"space",2,"green_gnome",2,1,"bright_forest","yellow_basket","red_gnome",2,5,"dark_forest","red_basket",5,0,0,1,"red_gnome","dark_forest","red_basket",900,4,-2,91,0,182,1,1,0.4231,,"",,,"",,,"",,,"",,,,,,,"","",,,"",,,"",,,"",,,,,,,"",,,"","",,,,,,,,"",,,,,,,"",,,"","","",,,,,,,,"",,,,,"",,,,,"","","","",,,,,,"",,,,,"",,,,,"","",,,,,,"",,,,,,,
"","","",,"","","","","","","",,"","","","","","","",,"","","","","","","",,"","","","","",699060,1,"2024-02-22_16h18.37.418","experiment","2023.2.3","Linux x86_64",59.88023952,"640ddabdcf41c28cc4a9ec2e","65d6198c9820d372ff6c9d7f","65d773b5444cff52c32152ba","",,,"",,,"",,,"",,,"",,,"",,,,,"",,,"","",,,,"",,,"","","",,,"","",,,,,"","","",,,,,,,1,"",,,,,"",,,,,,,,,,,"","",,,,,"s",1.0728,,"space",1,"brown_gnomes",1,3,"dark_forest","red_basket","purple_gnome",1,5,"bright_forest","yellow_basket",3,0,0,1,"brown_gnomes","dark_forest","red_basket",903,0,1,91,1,183,0,1,0.1089,,"",,,"",,,"",,,"",,,,,,,"","",,,"",,,"",,,"",,,,,,,"",,,"","",,,,,,,,"",,,,,,,"",,,"","","",,,,,,,,"",,,,,"",,,,,"","","","",,,,,,"",,,,,"",,,,,"","",,,,,,"",,,,,,,
"","","",,"","","","","","","",,"","","","","","","",,"","","","","","","",,"","","","","",699060,1,"2024-02-22_16h18.37.418","experiment","2023.2.3","Linux x86_64",59.88023952,"640ddabdcf41c28cc4a9ec2e","65d6198c9820d372ff6c9d7f","65d773b5444cff52c32152ba","",,,"",,,"",,,"",,,"",,,"",,,,,"",,,"","",,,,"",,,"","","",,,"","",,,,,"","","",,,,,,,1,"",,,,,"",,,,,,,,,,,"","",,,,,"k",0.9496,,"space",1,"brown_gnomes",1,4,"dark_forest","red_basket","purple_gnome",1,5,"bright_forest","yellow_basket",5,0,0,1,"purple_gnome","bright_forest","yellow_basket",908,2,2,92,0,184,0,1,0.0834,,"",,,"",,,"",,,"",,,,,,,"","",,,"",,,"",,,"",,,,,,,"",,,"","",,,,,,,,"",,,,,,,"",,,"","","",,,,,,,,"",,,,,"",,,,,"","","","",,,,,,"",,,,,"",,,,,"","",,,,,,"",,,,,,,
"","","",,"","","","","","","",,"","","","","","","",,"","","","","","","",,"","","","","",699060,1,"2024-02-22_16h18.37.418","experiment","2023.2.3","Linux x86_64",59.88023952,"640ddabdcf41c28cc4a9ec2e","65d6198c9820d372ff6c9d7f","65d773b5444cff52c32152ba","",,,"",,,"",,,"",,,"",,,"",,,,,"",,,"","",,,,"",,,"","","",,,"","",,,,,"","","",,,,,,,2,"",,,,,"",,,,,,,,,,,"","",,,,,"s",1.2424,,"space",2,"green_gnome",2,7,"bright_forest","yellow_basket","red_gnome",2,6,"dark_forest","red_basket",7,0,0,1,"green_gnome","bright_forest","yellow_basket",915,-1,1,92,1,185,1,1,0.4811,,"",,,"",,,"",,,"",,,,,,,"","",,,"",,,"",,,"",,,,,,,"",,,"","",,,,,,,,"",,,,,,,"",,,"","","",,,,,,,,"",,,,,"",,,,,"","","","",,,,,,"",,,,,"",,,,,"","",,,,,,"",,,,,,,
"","","",,"","","","","","","",,"","","","","","","",,"","","","","","","",,"","","","","",699060,1,"2024-02-22_16h18.37.418","experiment","2023.2.3","Linux x86_64",59.88023952,"640ddabdcf41c28cc4a9ec2e","65d6198c9820d372ff6c9d7f","65d773b5444cff52c32152ba","",,,"",,,"",,,"",,,"",,,"",,,,,"",,,"","",,,,"",,,"","","",,,"","",,,,,"","","",,,,,,,2,"",,,,,"",,,,,,,,,,,"","",,,,,"s",0.7835,,"space",2,"green_gnome",2,6,"bright_forest","yellow_basket","red_gnome",2,7,"dark_forest","red_basket",6,0,0,1,"green_gnome","bright_forest","yellow_basket",921,0,2,93,0,186,1,1,0.5222,,"",,,"",,,"",,,"",,,,,,,"","",,,"",,,"",,,"",,,,,,,"",,,"","",,,,,,,,"",,,,,,,"",,,"","","",,,,,,,,"",,,,,"",,,,,"","","","",,,,,,"",,,,,"",,,,,"","",,,,,,"",,,,,,,
"","","",,"","","","","","","",,"","","","","","","",,"","","","","","","",,"","","","","",699060,1,"2024-02-22_16h18.37.418","experiment","2023.2.3","Linux x86_64",59.88023952,"640ddabdcf41c28cc4a9ec2e","65d6198c9820d372ff6c9d7f","65d773b5444cff52c32152ba","",,,"",,,"",,,"",,,"",,,"",,,,,"",,,"","",,,,"",,,"","","",,,"","",,,,,"","","",,,,,,,1,"",,,,,"",,,,,,,,,,,"","",,,,,"s",1.2797,,"space",1,"purple_gnome",1,6,"bright_forest","yellow_basket","brown_gnomes",1,9,"dark_forest","red_basket",6,0,0,1,"purple_gnome","bright_forest","yellow_basket",927,2,1,93,1,187,0,1,0.5221,,"",,,"",,,"",,,"",,,,,,,"","",,,"",,,"",,,"",,,,,,,"",,,"","",,,,,,,,"",,,,,,,"",,,"","","",,,,,,,,"",,,,,"",,,,,"","","","",,,,,,"",,,,,"",,,,,"","",,,,,,"",,,,,,,
"","","",,"","","","","","","",,"","","","","","","",,"","","","","","","",,"","","","","",699060,1,"2024-02-22_16h18.37.418","experiment","2023.2.3","Linux x86_64",59.88023952,"640ddabdcf41c28cc4a9ec2e","65d6198c9820d372ff6c9d7f","65d773b5444cff52c32152ba","",,,"",,,"",,,"",,,"",,,"",,,,,"",,,"","",,,,"",,,"","","",,,"","",,,,,"","","",,,,,,,2,"",,,,,"",,,,,,,,,,,"","",,,,,"k",0.6669,,"space",2,"red_gnome",2,8,"dark_forest","red_basket","green_gnome",2,8,"bright_forest","yellow_basket",8,0,0,1,"green_gnome","bright_forest","yellow_basket",935,-3,-3,94,0,188,1,1,0.4492,,"",,,"",,,"",,,"",,,,,,,"","",,,"",,,"",,,"",,,,,,,"",,,"","",,,,,,,,"",,,,,,,"",,,"","","",,,,,,,,"",,,,,"",,,,,"","","","",,,,,,"",,,,,"",,,,,"","",,,,,,"",,,,,,,
"","","",,"","","","","","","",,"","","","","","","",,"","","","","","","",,"","","","","",699060,1,"2024-02-22_16h18.37.418","experiment","2023.2.3","Linux x86_64",59.88023952,"640ddabdcf41c28cc4a9ec2e","65d6198c9820d372ff6c9d7f","65d773b5444cff52c32152ba","",,,"",,,"",,,"",,,"",,,"",,,,,"",,,"","",,,,"",,,"","","",,,"","",,,,,"","","",,,,,,,1,"",,,,,"",,,,,,,,,,,"","",,,,,"s",0.9715,,"space",1,"purple_gnome",1,5,"bright_forest","yellow_basket","brown_gnomes",1,5,"dark_forest","red_basket",5,0,0,1,"purple_gnome","bright_forest","yellow_basket",940,2,-4,94,1,189,0,1,0.378,,"",,,"",,,"",,,"",,,,,,,"","",,,"",,,"",,,"",,,,,,,"",,,"","",,,,,,,,"",,,,,,,"",,,"","","",,,,,,,,"",,,,,"",,,,,"","","","",,,,,,"",,,,,"",,,,,"","",,,,,,"",,,,,,,
"","","",,"","","","","","","",,"","","","","","","",,"","","","","","","",,"","","","","",699060,1,"2024-02-22_16h18.37.418","experiment","2023.2.3","Linux x86_64",59.88023952,"640ddabdcf41c28cc4a9ec2e","65d6198c9820d372ff6c9d7f","65d773b5444cff52c32152ba","",,,"",,,"",,,"",,,"",,,"",,,,,"",,,"","",,,,"",,,"","","",,,"","",,,,,"","","",,,,,,,2,"",,,,,"",,,,,,,,,,,"","",,,,,"k",0.8892,,"space",2,"red_gnome",2,1,"dark_forest","red_basket","green_gnome",2,7,"bright_forest","yellow_basket",7,0,0,1,"green_gnome","bright_forest","yellow_basket",947,0,-1,95,0,190,1,1,0.1847,,"",,,"",,,"",,,"",,,,,,,"","",,,"",,,"",,,"",,,,,,,"",,,"","",,,,,,,,"",,,,,,,"",,,"","","",,,,,,,,"",,,,,"",,,,,"","","","",,,,,,"",,,,,"",,,,,"","",,,,,,"",,,,,,,
"","","",,"","","","","","","",,"","","","","","","",,"","","","","","","",,"","","","","",699060,1,"2024-02-22_16h18.37.418","experiment","2023.2.3","Linux x86_64",59.88023952,"640ddabdcf41c28cc4a9ec2e","65d6198c9820d372ff6c9d7f","65d773b5444cff52c32152ba","",,,"",,,"",,,"",,,"",,,"",,,,,"",,,"","",,,,"",,,"","","",,,"","",,,,,"","","",,,,,,,2,"",,,,,"",,,,,,,,,,,"","",,,,,"s",0.734,,"space",2,"green_gnome",2,7,"bright_forest","yellow_basket","red_gnome",2,0,"dark_forest","red_basket",7,0,0,1,"green_gnome","bright_forest","yellow_basket",954,0,-2,95,1,191,1,1,0.1738,,"",,,"",,,"",,,"",,,,,,,"","",,,"",,,"",,,"",,,,,,,"",,,"","",,,,,,,,"",,,,,,,"",,,"","","",,,,,,,,"",,,,,"",,,,,"","","","",,,,,,"",,,,,"",,,,,"","",,,,,,"",,,,,,,
"","","",,"","","","","","","",,"","","","","","","",,"","","","","","","",,"","","","","",699060,1,"2024-02-22_16h18.37.418","experiment","2023.2.3","Linux x86_64",59.88023952,"640ddabdcf41c28cc4a9ec2e","65d6198c9820d372ff6c9d7f","65d773b5444cff52c32152ba","",,,"",,,"",,,"",,,"",,,"",,,,,"",,,"","",,,,"",,,"","","",,,"","",,,,,"","","",,,,,,,2,"",,,,,"",,,,,,,,,,,"","",,,,,"k",0.8488,,"space",2,"red_gnome",2,2,"dark_forest","red_basket","green_gnome",2,7,"bright_forest","yellow_basket",7,0,0,1,"green_gnome","bright_forest","yellow_basket",961,4,0,96,0,192,1,1,0.2515,,"",,,"",,,"",,,"",,,,,,,"","",,,"",,,"",,,"",,,,,,,"",,,"","",,,,,,,,"",,,,,,,"",,,"","","",,,,,,,,"",,,,,"",,,,,"","","","",,,,,,"",,,,,"",,,,,"","",,,,,,"",,,,,,,
"","","",,"","","","","","","",,"","","","","","","",,"","","","","","","",,"","","","","",699060,1,"2024-02-22_16h18.37.418","experiment","2023.2.3","Linux x86_64",59.88023952,"640ddabdcf41c28cc4a9ec2e","65d6198c9820d372ff6c9d7f","65d773b5444cff52c32152ba","",,,"",,,"",,,"",,,"",,,"",,,,,"",,,"","",,,,"",,,"","","",,,"","",,,,,"","","",,,,,,,1,"",,,,,"",,,,,,,,,,,"","",,,,,"k",0.9607,,"space",1,"brown_gnomes",1,2,"dark_forest","red_basket","purple_gnome",1,7,"bright_forest","yellow_basket",7,0,0,1,"purple_gnome","bright_forest","yellow_basket",968,0,-1,96,1,193,0,1,0.0427,,"",,,"",,,"",,,"",,,,,,,"","",,,"",,,"",,,"",,,,,,,"",,,"","",,,,,,,,"",,,,,,,"",,,"","","",,,,,,,,"",,,,,"",,,,,"","","","",,,,,,"",,,,,"",,,,,"","",,,,,,"",,,,,,,
"","","",,"","","","","","","",,"","","","","","","",,"","","","","","","",,"","","","","",699060,1,"2024-02-22_16h18.37.418","experiment","2023.2.3","Linux x86_64",59.88023952,"640ddabdcf41c28cc4a9ec2e","65d6198c9820d372ff6c9d7f","65d773b5444cff52c32152ba","",,,"",,,"",,,"",,,"",,,"",,,,,"",,,"","",,,,"",,,"","","",,,"","",,,,,"","","",,,,,,,1,"",,,,,"",,,,,,,,,,,"","",,,,,"k",1.0108,,"space",1,"brown_gnomes",1,1,"dark_forest","red_basket","purple_gnome",1,7,"bright_forest","yellow_basket",7,0,0,1,"purple_gnome","bright_forest","yellow_basket",975,-3,-1,97,0,194,0,1,0.4132,,"",,,"",,,"",,,"",,,,,,,"","",,,"",,,"",,,"",,,,,,,"",,,"","",,,,,,,,"",,,,,,,"",,,"","","",,,,,,,,"",,,,,"",,,,,"","","","",,,,,,"",,,,,"",,,,,"","",,,,,,"",,,,,,,
"","","",,"","","","","","","",,"","","","","","","",,"","","","","","","",,"","","","","",699060,1,"2024-02-22_16h18.37.418","experiment","2023.2.3","Linux x86_64",59.88023952,"640ddabdcf41c28cc4a9ec2e","65d6198c9820d372ff6c9d7f","65d773b5444cff52c32152ba","",,,"",,,"",,,"",,,"",,,"",,,,,"",,,"","",,,,"",,,"","","",,,"","",,,,,"","","",,,,,,,1,"",,,,,"",,,,,,,,,,,"","",,,,,"k",1.245,,"space",1,"brown_gnomes",1,0,"dark_forest","red_basket","purple_gnome",1,4,"bright_forest","yellow_basket",4,0,0,1,"purple_gnome","bright_forest","yellow_basket",979,-1,2,97,1,195,0,1,0.5007,,"",,,"",,,"",,,"",,,,,,,"","",,,"",,,"",,,"",,,,,,,"",,,"","",,,,,,,,"",,,,,,,"",,,"","","",,,,,,,,"",,,,,"",,,,,"","","","",,,,,,"",,,,,"",,,,,"","",,,,,,"",,,,,,,
"","","",,"","","","","","","",,"","","","","","","",,"","","","","","","",,"","","","","",699060,1,"2024-02-22_16h18.37.418","experiment","2023.2.3","Linux x86_64",59.88023952,"640ddabdcf41c28cc4a9ec2e","65d6198c9820d372ff6c9d7f","65d773b5444cff52c32152ba","",,,"",,,"",,,"",,,"",,,"",,,,,"",,,"","",,,,"",,,"","","",,,"","",,,,,"","","",,,,,,,2,"",,,,,"",,,,,,,,,,,"","",,,,,"",,,"",2,"red_gnome",2,2,"dark_forest","red_basket","green_gnome",2,3,"bright_forest","yellow_basket",0,1,0,0,"","bright_forest","yellow_basket",979,4,0,98,0,196,1,1,,,"",,,"",,,"",,,"",,,,,,,"","",,,"",,,"",,,"",,,,,,,"",,,"","",,,,,,,,"",,,,,,,"",,,"","","",,,,,,,,"",,,,,"",,,,,"","","","",,,,,,"",,,,,"",,,,,"","",,,,,,"",,,,,,,
"","","",,"","","","","","","",,"","","","","","","",,"","","","","","","",,"","","","","",699060,1,"2024-02-22_16h18.37.418","experiment","2023.2.3","Linux x86_64",59.88023952,"640ddabdcf41c28cc4a9ec2e","65d6198c9820d372ff6c9d7f","65d773b5444cff52c32152ba","",,,"",,,"",,,"",,,"",,,"",,,,,"",,,"","",,,,"",,,"","","",,,"","",,,,,"","","",,,,,,,2,"",,,,,"",,,,,,,,,,,"","",,,,,"",,,"",2,"red_gnome",2,2,"dark_forest","red_basket","green_gnome",2,7,"bright_forest","yellow_basket",0,1,0,0,"","bright_forest","yellow_basket",979,-1,-2,98,1,197,1,1,,,"",,,"",,,"",,,"",,,,,,,"","",,,"",,,"",,,"",,,,,,,"",,,"","",,,,,,,,"",,,,,,,"",,,"","","",,,,,,,,"",,,,,"",,,,,"","","","",,,,,,"",,,,,"",,,,,"","",,,,,,"",,,,,,,
"","","",,"","","","","","","",,"","","","","","","",,"","","","","","","",,"","","","","",699060,1,"2024-02-22_16h18.37.418","experiment","2023.2.3","Linux x86_64",59.88023952,"640ddabdcf41c28cc4a9ec2e","65d6198c9820d372ff6c9d7f","65d773b5444cff52c32152ba","",,,"",,,"",,,"",,,"",,,"",,,,,"",,,"","",,,,"",,,"","","",,,"","",,,,,"","","",,,,,,,1,"",,,,,"",,,,,,,,,,,"","",,,,,"k",1.1232,,"space",1,"brown_gnomes",1,0,"dark_forest","red_basket","purple_gnome",1,6,"bright_forest","yellow_basket",6,0,0,1,"purple_gnome","bright_forest","yellow_basket",985,4,-3,99,0,198,0,1,0.1019,,"",,,"",,,"",,,"",,,,,,,"","",,,"",,,"",,,"",,,,,,,"",,,"","",,,,,,,,"",,,,,,,"",,,"","","",,,,,,,,"",,,,,"",,,,,"","","","",,,,,,"",,,,,"",,,,,"","",,,,,,"",,,,,,,
"","","",,"","","","","","","",,"","","","","","","",,"","","","","","","",,"","","","","",699060,1,"2024-02-22_16h18.37.418","experiment","2023.2.3","Linux x86_64",59.88023952,"640ddabdcf41c28cc4a9ec2e","65d6198c9820d372ff6c9d7f","65d773b5444cff52c32152ba","",,,"",,,"",,,"",,,"",,,"",,,,,"",,,"","",,,,"",,,"","","",,,"","",,,,,"","","",,,,,,,1,"",,,,,"",,,,,,,,,,,"","",,,,,"",,,"",1,"brown_gnomes",1,3,"dark_forest","red_basket","purple_gnome",1,8,"bright_forest","yellow_basket",0,1,0,0,"","bright_forest","yellow_basket",985,-3,2,99,1,199,0,1,,,"",,,"",,,"",,,"",,,,,,,"","",,,"",,,"",,,"",,,,,,,"",,,"","",,,,,,,,"",,,,,,,"",,,"","","",,,,,,,,"",,,,,"",,,,,"","","","",,,,,,"",,,,,"",,,,,"","",,,,,,"",,,,,,,
"","","",,"","","","","","","",,"","","","","","","",,"","","","","","","",,"","","","","",699060,1,"2024-02-22_16h18.37.418","experiment","2023.2.3","Linux x86_64",59.88023952,"640ddabdcf41c28cc4a9ec2e","65d6198c9820d372ff6c9d7f","65d773b5444cff52c32152ba","",,,"",,,"",,,"",,,"",,,"",,,,,"",,,"","",,,,"",,,"","","",,,"","",,,,,"","","",,,,,,,,"",,,,,"",,,1306.8801,1330.4323,0.645833333,-0.375,1,0,0,23.5244,"t_advice_finished_typing_rect","",,,,,"",,,"",,"",,,"","","",,,"","",,,,,"","","",,,,,,,,,,,"space",4.2982,,"space",10.0593,,"space",3.5374,,"The red gnome and brown gnome are from the same group. While the grey gnome and purple gnome are from the same group. ",0.645833333,-0.375,1,0,0,44.4941,"vb_finished_typing_rect","space",15.3742,,"space",11.3548,,"space",16.5341,,"space",6.6997,,0,5.7436,100,11.6528,"space",11.4381,,"green_gnome","purple_gnome",0,0,0,4,1,1,3,"",,,,,,,"",,,"","","",,,,,,,,"",,,,,"",,,,,"","","","",,,,,,"",,,,,"",,,,,"","",,,,,,"",,,,,,,
"","","",,"","","","","","","",,"","","","","","","",,"","","","","","","",,"","","","","",699060,1,"2024-02-22_16h18.37.418","experiment","2023.2.3","Linux x86_64",59.88023952,"640ddabdcf41c28cc4a9ec2e","65d6198c9820d372ff6c9d7f","65d773b5444cff52c32152ba","",,,"",,,"",,,"",,,"",,,"",,,,,"",,,"","",,,,"",,,"","","",,,"","",,,,,"","","",,,,,,,,"",,,,,"",,,,,,,,,,,"","",,,,,"",,,"",,"",,,"","","",,,"","",,,,,"","","",,,,,,,,,,,"",,,"",,,"",,,"",,,,,,,"","",,,"",,,"",,,"",,,0,4.0912,100,9.1284,"space",9.1435,,"red_gnome","brown_gnomes",0,1,1,1,1,0,2,"",,,,,,,"",,,"","","",,,,,,,,"",,,,,"",,,,,"","","","",,,,,,"",,,,,"",,,,,"","",,,,,,"",,,,,,,
"","","",,"","","","","","","",,"","","","","","","",,"","","","","","","",,"","","","","",699060,1,"2024-02-22_16h18.37.418","experiment","2023.2.3","Linux x86_64",59.88023952,"640ddabdcf41c28cc4a9ec2e","65d6198c9820d372ff6c9d7f","65d773b5444cff52c32152ba","",,,"",,,"",,,"",,,"",,,"",,,,,"",,,"","",,,,"",,,"","","",,,"","",,,,,"","","",,,,,,,,"",,,,,"",,,,,,,,,,,"","",,,,,"",,,"",,"",,,"","","",,,"","",,,,,"","","",,,,,,,,,,,"",,,"",,,"",,,"",,,,,,,"","",,,"",,,"",,,"",,,,,37.890625,7.9285,"space",7.6564,,"brown_gnomes","green_gnome",0,2,2,2,1,0,3,"",,,,,,,"",,,"","","",,,,,,,,"",,,,,"",,,,,"","","","",,,,,,"",,,,,"",,,,,"","",,,,,,"",,,,,,,
"","","",,"","","","","","","",,"","","","","","","",,"","","","","","","",,"","","","","",699060,1,"2024-02-22_16h18.37.418","experiment","2023.2.3","Linux x86_64",59.88023952,"640ddabdcf41c28cc4a9ec2e","65d6198c9820d372ff6c9d7f","65d773b5444cff52c32152ba","",,,"",,,"",,,"",,,"",,,"",,,,,"",,,"","",,,,"",,,"","","",,,"","",,,,,"","","",,,,,,,,"",,,,,"",,,,,,,,,,,"","",,,,,"",,,"",,"",,,"","","",,,"","",,,,,"","","",,,,,,,,,,,"",,,"",,,"",,,"",,,,,,,"","",,,"",,,"",,,"",,,9.244791667,5.4042,63.80208333,6.8787,"space",7.4979,,"red_gnome","purple_gnome",0,3,3,3,1,1,2,"",,,,,,,"",,,"","","",,,,,,,,"",,,,,"",,,,,"","","","",,,,,,"",,,,,"",,,,,"","",,,,,,"",,,,,,,
"","","",,"","","","","","","",,"","","","","","","",,"","","","","","","",,"","","","","",699060,1,"2024-02-22_16h18.37.418","experiment","2023.2.3","Linux x86_64",59.88023952,"640ddabdcf41c28cc4a9ec2e","65d6198c9820d372ff6c9d7f","65d773b5444cff52c32152ba","",,,"",,,"",,,"",,,"",,,"",,,,,"",,,"","",,,,"",,,"","","",,,"","",,,,,"","","",,,,,,,,"",,,,,"",,,,,,,,,,,"","",,,,,"",,,"",,"",,,"","","",,,"","",,,,,"","","",,,,,,,,,,,"",,,"",,,"",,,"",,,,,,,"","",,,"",,,"",,,"",,,56.11979167,6.4526,,,"space",8.9339,,"purple_gnome","brown_gnomes",0,4,4,0,1,0,1,"",,,,,,,"",,,"","","",,,,,,,,"",,,,,"",,,,,"","","","",,,,,,"",,,,,"",,,,,"","",,,,,,"",,,,,,,
"","","",,"","","","","","","",,"","","","","","","",,"","","","","","","",,"","","","","",699060,1,"2024-02-22_16h18.37.418","experiment","2023.2.3","Linux x86_64",59.88023952,"640ddabdcf41c28cc4a9ec2e","65d6198c9820d372ff6c9d7f","65d773b5444cff52c32152ba","",,,"",,,"",,,"",,,"",,,"",,,,,"",,,"","",,,,"",,,"","","",,,"","",,,,,"","","",,,,,,,,"",,,,,"",,,,,,,,,,,"","",,,,,"",,,"",,"",,,"","","",,,"","",,,,,"","","",,,,,,,,,,,"",,,"",,,"",,,"",,,,,,,"","",,,"",,,"",,,"",,,63.15104167,9.2164,,,"space",9.5702,,"green_gnome","red_gnome",0,5,5,5,1,2,3,"",,,,,,,"",,,"","","",,,,,,,,"",,,,,"",,,,,"","","","",,,,,,"",,,,,"",,,,,"","",,,,,,"",,,,,,,
"","","",,"","","","","","","",,"","","","","","","",,"","","","","","","",,"","","","","",699060,1,"2024-02-22_16h18.37.418","experiment","2023.2.3","Linux x86_64",59.88023952,"640ddabdcf41c28cc4a9ec2e","65d6198c9820d372ff6c9d7f","65d773b5444cff52c32152ba","",,,"",,,"",,,"",,,"",,,"",,,,,"",,,"","",,,,"",,,"","","",,,"","",,,,,"","","",,,,,,,,"",,,,,"",,,,,,,,,,,"","",,,,,"",,,"",,"",,,"","","",,,"","",,,,,"","","",,,,,,,,,,,"",,,"",,,"",,,"",,,,,,,"","",,,"",,,"",,,"",,,,,,,"",,,"","",,,,,,,,"space",9.8954,,48.95833333,7.8102,43.22916667,9.5181,"space",9.1995,,"purple_gnome","bright_forest","yellow_basket",0,0,0,2,1,1,0,"",,,,,"",,,,,"","","","",,,,,,"",,,,,"",,,,,"","",,,,,,"",,,,,,,
"","","",,"","","","","","","",,"","","","","","","",,"","","","","","","",,"","","","","",699060,1,"2024-02-22_16h18.37.418","experiment","2023.2.3","Linux x86_64",59.88023952,"640ddabdcf41c28cc4a9ec2e","65d6198c9820d372ff6c9d7f","65d773b5444cff52c32152ba","",,,"",,,"",,,"",,,"",,,"",,,,,"",,,"","",,,,"",,,"","","",,,"","",,,,,"","","",,,,,,,,"",,,,,"",,,,,,,,,,,"","",,,,,"",,,"",,"",,,"","","",,,"","",,,,,"","","",,,,,,,,,,,"",,,"",,,"",,,"",,,,,,,"","",,,"",,,"",,,"",,,,,,,"",,,"","",,,,,,,,"",,,39.32291667,5.0429,,,"space",5.0575,,"purple_gnome","dark_forest","red_basket",0,1,1,3,1,1,1,"",,,,,"",,,,,"","","","",,,,,,"",,,,,"",,,,,"","",,,,,,"",,,,,,,
"","","",,"","","","","","","",,"","","","","","","",,"","","","","","","",,"","","","","",699060,1,"2024-02-22_16h18.37.418","experiment","2023.2.3","Linux x86_64",59.88023952,"640ddabdcf41c28cc4a9ec2e","65d6198c9820d372ff6c9d7f","65d773b5444cff52c32152ba","",,,"",,,"",,,"",,,"",,,"",,,,,"",,,"","",,,,"",,,"","","",,,"","",,,,,"","","",,,,,,,,"",,,,,"",,,,,,,,,,,"","",,,,,"",,,"",,"",,,"","","",,,"","",,,,,"","","",,,,,,,,,,,"",,,"",,,"",,,"",,,,,,,"","",,,"",,,"",,,"",,,,,,,"",,,"","",,,,,,,,"",,,33.203125,4.293,33.203125,4.709,"space",4.4567,,"green_gnome","dark_forest","red_basket",0,2,2,7,1,3,1,"",,,,,"",,,,,"","","","",,,,,,"",,,,,"",,,,,"","",,,,,,"",,,,,,,
"","","",,"","","","","","","",,"","","","","","","",,"","","","","","","",,"","","","","",699060,1,"2024-02-22_16h18.37.418","experiment","2023.2.3","Linux x86_64",59.88023952,"640ddabdcf41c28cc4a9ec2e","65d6198c9820d372ff6c9d7f","65d773b5444cff52c32152ba","",,,"",,,"",,,"",,,"",,,"",,,,,"",,,"","",,,,"",,,"","","",,,"","",,,,,"","","",,,,,,,,"",,,,,"",,,,,,,,,,,"","",,,,,"",,,"",,"",,,"","","",,,"","",,,,,"","","",,,,,,,,,,,"",,,"",,,"",,,"",,,,,,,"","",,,"",,,"",,,"",,,,,,,"",,,"","",,,,,,,,"",,,40.49479167,2.2586,56.90104167,6.1475,"space",5.8075,,"red_gnome","dark_forest","red_basket",0,3,3,5,1,2,1,"",,,,,"",,,,,"","","","",,,,,,"",,,,,"",,,,,"","",,,,,,"",,,,,,,
"","","",,"","","","","","","",,"","","","","","","",,"","","","","","","",,"","","","","",699060,1,"2024-02-22_16h18.37.418","experiment","2023.2.3","Linux x86_64",59.88023952,"640ddabdcf41c28cc4a9ec2e","65d6198c9820d372ff6c9d7f","65d773b5444cff52c32152ba","",,,"",,,"",,,"",,,"",,,"",,,,,"",,,"","",,,,"",,,"","","",,,"","",,,,,"","","",,,,,,,,"",,,,,"",,,,,,,,,,,"","",,,,,"",,,"",,"",,,"","","",,,"","",,,,,"","","",,,,,,,,,,,"",,,"",,,"",,,"",,,,,,,"","",,,"",,,"",,,"",,,,,,,"",,,"","",,,,,,,,"",,,43.48958333,2.1085,35.9375,3.6146,"space",3.2641,,"brown_gnomes","dark_forest","red_basket",0,4,4,1,1,0,1,"",,,,,"",,,,,"","","","",,,,,,"",,,,,"",,,,,"","",,,,,,"",,,,,,,
"","","",,"","","","","","","",,"","","","","","","",,"","","","","","","",,"","","","","",699060,1,"2024-02-22_16h18.37.418","experiment","2023.2.3","Linux x86_64",59.88023952,"640ddabdcf41c28cc4a9ec2e","65d6198c9820d372ff6c9d7f","65d773b5444cff52c32152ba","",,,"",,,"",,,"",,,"",,,"",,,,,"",,,"","",,,,"",,,"","","",,,"","",,,,,"","","",,,,,,,,"",,,,,"",,,,,,,,,,,"","",,,,,"",,,"",,"",,,"","","",,,"","",,,,,"","","",,,,,,,,,,,"",,,"",,,"",,,"",,,,,,,"","",,,"",,,"",,,"",,,,,,,"",,,"","",,,,,,,,"",,,57.16145833,3.281,,,"space",3.8246,,"brown_gnomes","bright_forest","yellow_basket",0,5,5,0,1,0,0,"",,,,,"",,,,,"","","","",,,,,,"",,,,,"",,,,,"","",,,,,,"",,,,,,,
"","","",,"","","","","","","",,"","","","","","","",,"","","","","","","",,"","","","","",699060,1,"2024-02-22_16h18.37.418","experiment","2023.2.3","Linux x86_64",59.88023952,"640ddabdcf41c28cc4a9ec2e","65d6198c9820d372ff6c9d7f","65d773b5444cff52c32152ba","",,,"",,,"",,,"",,,"",,,"",,,,,"",,,"","",,,,"",,,"","","",,,"","",,,,,"","","",,,,,,,,"",,,,,"",,,,,,,,,,,"","",,,,,"",,,"",,"",,,"","","",,,"","",,,,,"","","",,,,,,,,,,,"",,,"",,,"",,,"",,,,,,,"","",,,"",,,"",,,"",,,,,,,"",,,"","",,,,,,,,"",,,57.16145833,1.8109,,,"space",2.1308,,"red_gnome","bright_forest","yellow_basket",0,6,6,4,1,2,0,"",,,,,"",,,,,"","","","",,,,,,"",,,,,"",,,,,"","",,,,,,"",,,,,,,
"","","",,"","","","","","","",,"","","","","","","",,"","","","","","","",,"","","","","",699060,1,"2024-02-22_16h18.37.418","experiment","2023.2.3","Linux x86_64",59.88023952,"640ddabdcf41c28cc4a9ec2e","65d6198c9820d372ff6c9d7f","65d773b5444cff52c32152ba","",,,"",,,"",,,"",,,"",,,"",,,,,"",,,"","",,,,"",,,"","","",,,"","",,,,,"","","",,,,,,,,"",,,,,"",,,,,,,,,,,"","",,,,,"",,,"",,"",,,"","","",,,"","",,,,,"","","",,,,,,,,,,,"",,,"",,,"",,,"",,,,,,,"","",,,"",,,"",,,"",,,,,,,"",,,"","",,,,,,,,"",,,42.31770833,2.3585,32.68229167,5.0178,"space",4.7872,,"green_gnome","bright_forest","yellow_basket",0,7,7,6,1,3,0,"",,,,,"",,,,,"","","","",,,,,,"",,,,,"",,,,,"","",,,,,,"",,,,,,,
"","","",,"","","","","","","",,"","","","","","","",,"","","","","","","",,"","","","","",699060,1,"2024-02-22_16h18.37.418","experiment","2023.2.3","Linux x86_64",59.88023952,"640ddabdcf41c28cc4a9ec2e","65d6198c9820d372ff6c9d7f","65d773b5444cff52c32152ba","",,,"",,,"",,,"",,,"",,,"",,,,,"",,,"","",,,,"",,,"","","",,,"","",,,,,"","","",,,,,,,,"",,,,,"",,,,,,,,,,,"","",,,,,"",,,"",,"",,,"","","",,,"","",,,,,"","","",,,,,,,,,,,"",,,"",,,"",,,"",,,,,,,"","",,,"",,,"",,,"",,,,,,,"",,,"","",,,,,,,,"",,,,,,,"",,,"","","",,,,,,,,"space",7.114,,,,"space",0.1253,,,,"bright_forest","dark_forest","yellow_basket","red_basket",0,0,0,0,1,"",,,,,"",,,,,"","",,,,,,"",,,,,,,
"","","",,"","","","","","","",,"","","","","","","",,"","","","","","","",,"","","","","",699060,1,"2024-02-22_16h18.37.418","experiment","2023.2.3","Linux x86_64",59.88023952,"640ddabdcf41c28cc4a9ec2e","65d6198c9820d372ff6c9d7f","65d773b5444cff52c32152ba","",,,"",,,"",,,"",,,"",,,"",,,,,"",,,"","",,,,"",,,"","","",,,"","",,,,,"","","",,,,,,,,"",,,,,"",,,,,,,,,,,"","",,,,,"",,,"",,"",,,"","","",,,"","",,,,,"","","",,,,,,,,,,,"",,,"",,,"",,,"",,,,,,,"","",,,"",,,"",,,"",,,,,,,"",,,"","",,,,,,1,2,"",,,,,,,"",,,"","","",,,,,,,,"",,,,,"",,,,,"","","","",,,,,,"space",10.0335,,63.02083333,3.5967,"space",4.9493,,42.31770833,5.3063,"purple_gnome","red_gnome",0,0,0,3,1,"",,,,,,,
"","","",,"","","","","","","",,"","","","","","","",,"","","","","","","",,"","","","","",699060,1,"2024-02-22_16h18.37.418","experiment","2023.2.3","Linux x86_64",59.88023952,"640ddabdcf41c28cc4a9ec2e","65d6198c9820d372ff6c9d7f","65d773b5444cff52c32152ba","",,,"",,,"",,,"",,,"",,,"",,,,,"",,,"","",,,,"",,,"","","",,,"","",,,,,"","","",,,,,,,,"",,,,,"",,,,,,,,,,,"","",,,,,"",,,"",,"",,,"","","",,,"","",,,,,"","","",,,,,,,,,,,"",,,"",,,"",,,"",,,,,,,"","",,,"",,,"",,,"",,,,,,,"",,,"","",,,,,,2,3,"",,,,,,,"",,,"","","",,,,,,,,"",,,,,"",,,,,"","","","",,,,,,"",,,61.45833333,5.944,"space",7.3326,,38.28125,7.268,"green_gnome","red_gnome",0,1,1,5,1,"",,,,,,,
"","","",,"","","","","","","",,"","","","","","","",,"","","","","","","",,"","","","","",699060,1,"2024-02-22_16h18.37.418","experiment","2023.2.3","Linux x86_64",59.88023952,"640ddabdcf41c28cc4a9ec2e","65d6198c9820d372ff6c9d7f","65d773b5444cff52c32152ba","",,,"",,,"",,,"",,,"",,,"",,,,,"",,,"","",,,,"",,,"","","",,,"","",,,,,"","","",,,,,,,,"",,,,,"",,,,,,,,,,,"","",,,,,"",,,"",,"",,,"","","",,,"","",,,,,"","","",,,,,,,,,,,"",,,"",,,"",,,"",,,,,,,"","",,,"",,,"",,,"",,,,,,,"",,,"","",,,,,,0,1,"",,,,,,,"",,,"","","",,,,,,,,"",,,,,"",,,,,"","","","",,,,,,"",,,60.67708333,2.5764,"space",3.0223,,,,"purple_gnome","brown_gnomes",0,2,2,0,1,"",,,,,,,
"","","",,"","","","","","","",,"","","","","","","",,"","","","","","","",,"","","","","",699060,1,"2024-02-22_16h18.37.418","experiment","2023.2.3","Linux x86_64",59.88023952,"640ddabdcf41c28cc4a9ec2e","65d6198c9820d372ff6c9d7f","65d773b5444cff52c32152ba","",,,"",,,"",,,"",,,"",,,"",,,,,"",,,"","",,,,"",,,"","","",,,"","",,,,,"","","",,,,,,,,"",,,,,"",,,,,,,,,,,"","",,,,,"",,,"",,"",,,"","","",,,"","",,,,,"","","",,,,,,,,,,,"",,,"",,,"",,,"",,,,,,,"","",,,"",,,"",,,"",,,,,,,"",,,"","",,,,,,0,2,"",,,,,,,"",,,"","","",,,,,,,,"",,,,,"",,,,,"","","","",,,,,,"",,,41.796875,4.4479,"space",4.1989,,,,"brown_gnomes","red_gnome",0,3,3,1,1,"",,,,,,,
"","","",,"","","","","","","",,"","","","","","","",,"","","","","","","",,"","","","","",699060,1,"2024-02-22_16h18.37.418","experiment","2023.2.3","Linux x86_64",59.88023952,"640ddabdcf41c28cc4a9ec2e","65d6198c9820d372ff6c9d7f","65d773b5444cff52c32152ba","",,,"",,,"",,,"",,,"",,,"",,,,,"",,,"","",,,,"",,,"","","",,,"","",,,,,"","","",,,,,,,,"",,,,,"",,,,,,,,,,,"","",,,,,"",,,"",,"",,,"","","",,,"","",,,,,"","","",,,,,,,,,,,"",,,"",,,"",,,"",,,,,,,"","",,,"",,,"",,,"",,,,,,,"",,,"","",,,,,,1,3,"",,,,,,,"",,,"","","",,,,,,,,"",,,,,"",,,,,"","","","",,,,,,"",,,40.75520833,4.2818,"space",3.9837,,,,"green_gnome","purple_gnome",0,4,4,4,1,"",,,,,,,
"","","",,"","","","","","","",,"","","","","","","",,"","","","","","","",,"","","","","",699060,1,"2024-02-22_16h18.37.418","experiment","2023.2.3","Linux x86_64",59.88023952,"640ddabdcf41c28cc4a9ec2e","65d6198c9820d372ff6c9d7f","65d773b5444cff52c32152ba","",,,"",,,"",,,"",,,"",,,"",,,,,"",,,"","",,,,"",,,"","","",,,"","",,,,,"","","",,,,,,,,"",,,,,"",,,,,,,,,,,"","",,,,,"",,,"",,"",,,"","","",,,"","",,,,,"","","",,,,,,,,,,,"",,,"",,,"",,,"",,,,,,,"","",,,"",,,"",,,"",,,,,,,"",,,"","",,,,,,0,3,"",,,,,,,"",,,"","","",,,,,,,,"",,,,,"",,,,,"","","","",,,,,,"",,,36.84895833,2.1808,"space",1.8339,,,,"brown_gnomes","green_gnome",0,5,5,2,1,"",,,,,,,
"","","",,"","","","","","","",,"","","","","","","",,"","","","","","","",,"","","","","",699060,1,"2024-02-22_16h18.37.418","experiment","2023.2.3","Linux x86_64",59.88023952,"640ddabdcf41c28cc4a9ec2e","65d6198c9820d372ff6c9d7f","65d773b5444cff52c32152ba","",,,"",,,"",,,"",,,"",,,"",,,,,"",,,"","",,,,"",,,"","","",,,"","",,,,,"","","",,,,,,,,"",,,,,"",,,,,,,,,,,"","",,,,,"",,,"",,"",,,"","","",,,"","",,,,,"","","",,,,,,,,,,,"",,,"",,,"",,,"",,,,,,,"","",,,"",,,"",,,"",,,,,,,"",,,"","",,,,,,,,"",,,,,,,"",,,"","","",,,,,,,,"",,,,,"",,,,,"","","","",,,,,,"",,,,,"",,,,,"","",,,,,,"space",1.0774,,0,0,0,0,1
