parent_PID,stim1_name,stim1_file,stim1_pair,stim1_deact_file,stim1_step2_name,stim1_step2_file,stim1_step2_basket_name,stim1_step2_basket_file,stim2_name,stim2_file,stim2_pair,stim2_deact_file,stim2_step2_name,stim2_step2_file,stim2_step2_basket_name,stim2_step2_basket_file,stim3_name,stim3_file,stim3_pair,stim3_deact_file,stim3_step2_name,stim3_step2_file,stim3_step2_basket_name,stim3_step2_basket_file,stim4_name,stim4_file,stim4_pair,stim4_deact_file,stim4_step2_name,stim4_step2_file,stim4_step2_basket_name,stim4_step2_basket_file,participant,session,date,expName,psychopyVersion,OS,frameRate,PROLIFIC_PID,STUDY_ID,SESSION_ID,consent_keyresp.keys,consent_keyresp.rt,consent_keyresp.duration,global_instructions1_key.keys,global_instructions1_key.rt,global_instructions1_key.duration,global_instructions2_key.keys,global_instructions2_key.rt,global_instructions2_key.duration,global_instructions3_key.keys,global_instructions3_key.rt,global_instructions3_key.duration,global_instructions4_key.keys,global_instructions4_key.rt,global_instructions4_key.duration,global_instructions5_key.keys,global_instructions5_key.rt,global_instructions5_key.duration,p_fixation_2.started,p_fixation_2.stopped,p_step1_keyresp.keys,p_step1_keyresp.rt,p_step1_keyresp.duration,p_step2_keyresp.keys,p_step2_keyresp.rt,p_step2_keyresp.duration,p_step1_pair_index,p_step1_stimLeft_name,p_step1_stimLeft_pair,p_step1_stimLeft_reward,p_step1_stimLeft_step2Stim,p_step1_stimLeft_step2Basket,p_step1_stimRight_name,p_step1_stimRight_pair,p_step1_stimRight_reward,p_step1_stimRight_step2Stim,p_step1_stimRight_step2Basket,p_points,p_fail_step1,p_fail_step2,p_reward_flag,p_step1_choice,p_step2_stim,p_step2_basket,p_score,practice.thisRepN,practice.thisTrialN,practice.thisN,practice.thisIndex,practice.ran,pair_index,p_failStep2_keyresp.keys,p_failStep2_keyresp.rt,p_failStep2_keyresp.duration,t_instructions_keyresp.keys,t_instructions_keyresp.rt,t_instructions_keyresp.duration,t_advice_reading.started,t_advice_reading.stopped,t_advice_mouse.x,t_advice_mouse.y,t_advice_mouse.leftButton,t_advice_mouse.midButton,t_advice_mouse.rightButton,t_advice_mouse.time,t_advice_mouse.clicked_name,t_instructions_2_keyresp.keys,t_instructions_2_keyresp.rt,t_instructions_2_keyresp.duration,t_start.started,t_start.stopped,t_step1_keyresp.keys,t_step1_keyresp.rt,t_step1_keyresp.duration,t_step2_keyresp.keys,t_step2_keyresp.rt,t_step2_keyresp.duration,t_step1_pair_index,t_step1_stimLeft_name,t_step1_stimLeft_pair,t_step1_stimLeft_reward,t_step1_stimLeft_step2Stim,t_step1_stimLeft_step2Basket,t_step1_stimRight_name,t_step1_stimRight_pair,t_step1_stimRight_reward,t_step1_stimRight_step2Stim,t_step1_stimRight_step2Basket,t_points,t_fail_step1,t_fail_step2,t_reward_flag,t_step1_choice,t_step2_stim,t_step2_basket,globa_score,t_data_stimWalk0,t_data_stimWalk1,trials.thisRepN,trials.thisTrialN,trials.thisN,trials.thisIndex,trials.ran,pl_global_instructions_keyresp.keys,pl_global_instructions_keyresp.rt,pl_global_instructions_keyresp.duration,vb_instructions_keyresp.keys,vb_instructions_keyresp.rt,vb_instructions_keyresp.duration,vb_instructions_2_keyresp.keys,vb_instructions_2_keyresp.rt,vb_instructions_2_keyresp.duration,vb_textbox.text,vb_mouse.x,vb_mouse.y,vb_mouse.leftButton,vb_mouse.midButton,vb_mouse.rightButton,vb_mouse.time,vb_mouse.clicked_name,pl1_instructions1_keyresp.keys,pl1_instructions1_keyresp.rt,pl1_instructions1_keyresp.duration,pl1_instructions2_keyresp.keys,pl1_instructions2_keyresp.rt,pl1_instructions2_keyresp.duration,pl1_instructions3_keyresp.keys,pl1_instructions3_keyresp.rt,pl1_instructions3_keyresp.duration,pl1_instructions4_keyresp.keys,pl1_instructions4_keyresp.rt,pl1_instructions4_keyresp.duration,pl1_task_lickert.response,pl1_task_lickert.rt,pl1_task_confidence_lickert.response,pl1_task_confidence_lickert.rt,pl1_task_keyresp.keys,pl1_task_keyresp.rt,pl1_task_keyresp.duration,pl1_task_stimLeft,pl1_task_stimRight,pl1_loop.thisRepN,pl1_loop.thisTrialN,pl1_loop.thisN,pl1_loop.thisIndex,pl1_loop.ran,stimLeft_index,stimRight_index,pl2_instructions_keyresp.keys,pl2_instructions_keyresp.rt,pl2_instructions_keyresp.duration,pl2_task_lickert.response,pl2_task_lickert.rt,pl2_task_confidence_lickert.response,pl2_task_confidence_lickert.rt,pl2_task_keyresp.keys,pl2_task_keyresp.rt,pl2_task_keyresp.duration,pl2_task_gnome,pl2_task_forest,pl2_task_basket,pl2_loop.thisRepN,pl2_loop.thisTrialN,pl2_loop.thisN,pl2_loop.thisIndex,pl2_loop.ran,gnome_id,forest_id,pl3_instructions_keyresp.keys,pl3_instructions_keyresp.rt,pl3_instructions_keyresp.duration,pl3_task_lickert.response,pl3_task_lickert.rt,pl3_task_keyresp.keys,pl3_task_keyresp.rt,pl3_task_keyresp.duration,pl3_task_confidence_lickert.response,pl3_task_confidence_lickert.rt,pl3_task_stimLeftBg,pl3_task_stimRightBg,pl3_task_stimLeft,pl3_task_stimRight,pl3_loop.thisRepN,pl3_loop.thisTrialN,pl3_loop.thisN,pl3_loop.thisIndex,pl3_loop.ran,pl4_instructions_keyresp.keys,pl4_instructions_keyresp.rt,pl4_instructions_keyresp.duration,pl4_task_lickert.response,pl4_task_lickert.rt,pl4_task_keyresp.keys,pl4_task_keyresp.rt,pl4_task_keyresp.duration,pl4_task_confidence_lickert.response,pl4_task_confidence_lickert.rt,pl4_task_stimLeft,pl4_task_stimRight,pl4_loop.thisRepN,pl4_loop.thisTrialN,pl4_loop.thisN,pl4_loop.thisIndex,pl4_loop.ran,end_keyresp.keys,end_keyresp.rt,end_keyresp.duration,show_trials.thisRepN,show_trials.thisTrialN,show_trials.thisN,show_trials.thisIndex,show_trials.ran
5a0323d1c259f30001765337,brown_gnomes,ressources/step1_stim1.png,2,ressources/step1_stim1_deact.png,bright_forest,ressources/step2_background1.png,red_basket,ressources/step2_stim2.png,purple_gnome,ressources/step1_stim2.png,1,ressources/step1_stim2_deact.png,bright_forest,ressources/step2_background1.png,red_basket,ressources/step2_stim2.png,red_gnome,ressources/step1_stim3.png,2,ressources/step1_stim3_deact.png,dark_forest,ressources/step2_background2.png,yellow_basket,ressources/step2_stim1.png,green_gnome,ressources/step1_stim4.png,1,ressources/step1_stim4_deact.png,dark_forest,ressources/step2_background2.png,yellow_basket,ressources/step2_stim1.png,287659,001,2024-02-20_16h22.30.686,experiment,2023.2.3,Win32,59.52380952,63d00e3cea3280c3ed8a340c,65d4ce4bfe04d08c28397785,65d4d1a3bf805f04e491a04b,,,,,,,,,,,,,,,,,,,,,,,,,,,,,,,,,,,,,,,,,,,,,,,,,,,,,,,,,,,,,,,,,,,,,,,,,,,,,,,,,,,,,,,,,,,,,,,,,,,,,,,,,,,,,,,,,,,,,,,,,,,,,,,,,,,,,,,,,,,,,,,,,,,,,,,,,,,,,,,,,,,,,,,,,,,,,,,,,,,,,,,,,,,,,,,,,,,,,,,,,,,,,,,,,,,,
,,,,,,,,,,,,,,,,,,,,,,,,,,,,,,,,,287659,001,2024-02-20_16h22.30.686,experiment,2023.2.3,Win32,59.52380952,63d00e3cea3280c3ed8a340c,65d4ce4bfe04d08c28397785,65d4d1a3bf805f04e491a04b,y,7.5814,,,,,,,,,,,,,,,,,,,,,,,,,,,,,,,,,,,,,,,,,,,,,,,,,,,,,,,,,,,,,,,,,,,,,,,,,,,,,,,,,,,,,,,,,,,,,,,,,,,,,,,,,,,,,,,,,,,,,,,,,,,,,,,,,,,,,,,,,,,,,,,,,,,,,,,,,,,,,,,,,,,,,,,,,,,,,,,,,,,,,,,,,,,,,,,,,,,,,,,,,,,,,,,,,,
,,,,,,,,,,,,,,,,,,,,,,,,,,,,,,,,,287659,001,2024-02-20_16h22.30.686,experiment,2023.2.3,Win32,59.52380952,63d00e3cea3280c3ed8a340c,65d4ce4bfe04d08c28397785,65d4d1a3bf805f04e491a04b,,,,space,8.4399,,space,16.9618,,space,12.4689,,space,14.3315,,space,15.5852,,76.9475,77.4596,s,0.6622,,space,0.8629,,1,p_orange_gnome,1,5,p_green_forest,p_blue_basket,p_pink_gnome,1,0,p_yellow_forest,p_green_basket,5,0,0,1,p_orange_gnome,p_green_forest,p_blue_basket,5,0,0,0,0,1,1,,,,,,,,,,,,,,,,,,,,,,,,,,,,,,,,,,,,,,,,,,,,,,,,,,,,,,,,,,,,,,,,,,,,,,,,,,,,,,,,,,,,,,,,,,,,,,,,,,,,,,,,,,,,,,,,,,,,,,,,,,,,,,,,,,,,,,,,,,,,,,,,,,,,,,,,,,,,,,,,,
,,,,,,,,,,,,,,,,,,,,,,,,,,,,,,,,,287659,001,2024-02-20_16h22.30.686,experiment,2023.2.3,Win32,59.52380952,63d00e3cea3280c3ed8a340c,65d4ce4bfe04d08c28397785,65d4d1a3bf805f04e491a04b,,,,,,,,,,,,,,,,,,,82.481,82.9926,s,0.4587,,space,0.5909,,1,p_pink_gnome,1,0,p_yellow_forest,p_green_basket,p_orange_gnome,1,5,p_green_forest,p_blue_basket,0,0,0,1,p_pink_gnome,p_yellow_forest,p_green_basket,5,0,1,1,0,1,1,,,,,,,,,,,,,,,,,,,,,,,,,,,,,,,,,,,,,,,,,,,,,,,,,,,,,,,,,,,,,,,,,,,,,,,,,,,,,,,,,,,,,,,,,,,,,,,,,,,,,,,,,,,,,,,,,,,,,,,,,,,,,,,,,,,,,,,,,,,,,,,,,,,,,,,,,,,,,,,,,
,,,,,,,,,,,,,,,,,,,,,,,,,,,,,,,,,287659,001,2024-02-20_16h22.30.686,experiment,2023.2.3,Win32,59.52380952,63d00e3cea3280c3ed8a340c,65d4ce4bfe04d08c28397785,65d4d1a3bf805f04e491a04b,,,,,,,,,,,,,,,,,,,88.0145,88.5264,s,0.8789,,,,,1,p_pink_gnome,1,1,p_yellow_forest,p_green_basket,p_orange_gnome,1,6,p_green_forest,p_blue_basket,0,0,1,0,p_pink_gnome,p_yellow_forest,p_green_basket,5,1,0,2,0,1,1,space,1.7544,,,,,,,,,,,,,,,,,,,,,,,,,,,,,,,,,,,,,,,,,,,,,,,,,,,,,,,,,,,,,,,,,,,,,,,,,,,,,,,,,,,,,,,,,,,,,,,,,,,,,,,,,,,,,,,,,,,,,,,,,,,,,,,,,,,,,,,,,,,,,,,,,,,,,,,,,,,,,,,
,,,,,,,,,,,,,,,,,,,,,,,,,,,,,,,,,287659,001,2024-02-20_16h22.30.686,experiment,2023.2.3,Win32,59.52380952,63d00e3cea3280c3ed8a340c,65d4ce4bfe04d08c28397785,65d4d1a3bf805f04e491a04b,,,,,,,,,,,,,,,,,,,93.2976,93.8102,s,0.8909,,space,0.6735,,2,p_green_gnome,2,1,p_yellow_forest,p_green_basket,p_blue_gnome,2,6,p_green_forest,p_blue_basket,1,0,0,1,p_green_gnome,p_yellow_forest,p_green_basket,6,1,1,3,1,1,2,,,,,,,,,,,,,,,,,,,,,,,,,,,,,,,,,,,,,,,,,,,,,,,,,,,,,,,,,,,,,,,,,,,,,,,,,,,,,,,,,,,,,,,,,,,,,,,,,,,,,,,,,,,,,,,,,,,,,,,,,,,,,,,,,,,,,,,,,,,,,,,,,,,,,,,,,,,,,,,,,
,,,,,,,,,,,,,,,,,,,,,,,,,,,,,,,,,287659,001,2024-02-20_16h22.30.686,experiment,2023.2.3,Win32,59.52380952,63d00e3cea3280c3ed8a340c,65d4ce4bfe04d08c28397785,65d4d1a3bf805f04e491a04b,,,,,,,,,,,,,,,,,,,98.8316,99.3434,s,0.7206,,,,,1,p_pink_gnome,1,2,p_yellow_forest,p_green_basket,p_orange_gnome,1,7,p_green_forest,p_blue_basket,0,0,1,0,p_pink_gnome,p_yellow_forest,p_green_basket,6,2,0,4,0,1,1,space,0.1555,,,,,,,,,,,,,,,,,,,,,,,,,,,,,,,,,,,,,,,,,,,,,,,,,,,,,,,,,,,,,,,,,,,,,,,,,,,,,,,,,,,,,,,,,,,,,,,,,,,,,,,,,,,,,,,,,,,,,,,,,,,,,,,,,,,,,,,,,,,,,,,,,,,,,,,,,,,,,,,
,,,,,,,,,,,,,,,,,,,,,,,,,,,,,,,,,287659,001,2024-02-20_16h22.30.686,experiment,2023.2.3,Win32,59.52380952,63d00e3cea3280c3ed8a340c,65d4ce4bfe04d08c28397785,65d4d1a3bf805f04e491a04b,,,,,,,,,,,,,,,,,,,102.5141,103.027,s,0.8918,,space,0.472,,2,p_blue_gnome,2,7,p_green_forest,p_blue_basket,p_green_gnome,2,2,p_yellow_forest,p_green_basket,7,0,0,1,p_blue_gnome,p_green_forest,p_blue_basket,13,2,1,5,1,1,2,,,,,,,,,,,,,,,,,,,,,,,,,,,,,,,,,,,,,,,,,,,,,,,,,,,,,,,,,,,,,,,,,,,,,,,,,,,,,,,,,,,,,,,,,,,,,,,,,,,,,,,,,,,,,,,,,,,,,,,,,,,,,,,,,,,,,,,,,,,,,,,,,,,,,,,,,,,,,,,,,
,,,,,,,,,,,,,,,,,,,,,,,,,,,,,,,,,287659,001,2024-02-20_16h22.30.686,experiment,2023.2.3,Win32,59.52380952,63d00e3cea3280c3ed8a340c,65d4ce4bfe04d08c28397785,65d4d1a3bf805f04e491a04b,,,,,,,,,,,,,,,,,,,108.0478,108.5603,s,0.6393,,space,0.5424,,1,p_pink_gnome,1,3,p_yellow_forest,p_green_basket,p_orange_gnome,1,8,p_green_forest,p_blue_basket,3,0,0,1,p_pink_gnome,p_yellow_forest,p_green_basket,16,3,0,6,0,1,1,,,,,,,,,,,,,,,,,,,,,,,,,,,,,,,,,,,,,,,,,,,,,,,,,,,,,,,,,,,,,,,,,,,,,,,,,,,,,,,,,,,,,,,,,,,,,,,,,,,,,,,,,,,,,,,,,,,,,,,,,,,,,,,,,,,,,,,,,,,,,,,,,,,,,,,,,,,,,,,,,
,,,,,,,,,,,,,,,,,,,,,,,,,,,,,,,,,287659,001,2024-02-20_16h22.30.686,experiment,2023.2.3,Win32,59.52380952,63d00e3cea3280c3ed8a340c,65d4ce4bfe04d08c28397785,65d4d1a3bf805f04e491a04b,,,,,,,,,,,,,,,,,,,113.5812,114.0936,k,0.8109,,space,0.5539,,2,p_green_gnome,2,3,p_yellow_forest,p_green_basket,p_blue_gnome,2,8,p_green_forest,p_blue_basket,8,0,0,1,p_blue_gnome,p_green_forest,p_blue_basket,24,3,1,7,1,1,2,,,,,,,,,,,,,,,,,,,,,,,,,,,,,,,,,,,,,,,,,,,,,,,,,,,,,,,,,,,,,,,,,,,,,,,,,,,,,,,,,,,,,,,,,,,,,,,,,,,,,,,,,,,,,,,,,,,,,,,,,,,,,,,,,,,,,,,,,,,,,,,,,,,,,,,,,,,,,,,,,
,,,,,,,,,,,,,,,,,,,,,,,,,,,,,,,,,287659,001,2024-02-20_16h22.30.686,experiment,2023.2.3,Win32,59.52380952,63d00e3cea3280c3ed8a340c,65d4ce4bfe04d08c28397785,65d4d1a3bf805f04e491a04b,,,,,,,,,,,,,,,,,,,119.1155,119.6276,s,0.6867,,space,0.3969,,2,p_blue_gnome,2,9,p_green_forest,p_blue_basket,p_green_gnome,2,4,p_yellow_forest,p_green_basket,9,0,0,1,p_blue_gnome,p_green_forest,p_blue_basket,33,4,0,8,1,1,2,,,,,,,,,,,,,,,,,,,,,,,,,,,,,,,,,,,,,,,,,,,,,,,,,,,,,,,,,,,,,,,,,,,,,,,,,,,,,,,,,,,,,,,,,,,,,,,,,,,,,,,,,,,,,,,,,,,,,,,,,,,,,,,,,,,,,,,,,,,,,,,,,,,,,,,,,,,,,,,,,
,,,,,,,,,,,,,,,,,,,,,,,,,,,,,,,,,287659,001,2024-02-20_16h22.30.686,experiment,2023.2.3,Win32,59.52380952,63d00e3cea3280c3ed8a340c,65d4ce4bfe04d08c28397785,65d4d1a3bf805f04e491a04b,,,,,,,,,,,,,,,,,,,124.6481,125.1608,s,0.5941,,space,0.457,,2,p_blue_gnome,2,9,p_green_forest,p_blue_basket,p_green_gnome,2,4,p_yellow_forest,p_green_basket,9,0,0,1,p_blue_gnome,p_green_forest,p_blue_basket,42,4,1,9,1,1,2,,,,,,,,,,,,,,,,,,,,,,,,,,,,,,,,,,,,,,,,,,,,,,,,,,,,,,,,,,,,,,,,,,,,,,,,,,,,,,,,,,,,,,,,,,,,,,,,,,,,,,,,,,,,,,,,,,,,,,,,,,,,,,,,,,,,,,,,,,,,,,,,,,,,,,,,,,,,,,,,,
,,,,,,,,,,,,,,,,,,,,,,,,,,,,,,,,,287659,001,2024-02-20_16h22.30.686,experiment,2023.2.3,Win32,59.52380952,63d00e3cea3280c3ed8a340c,65d4ce4bfe04d08c28397785,65d4d1a3bf805f04e491a04b,,,,,,,,,,,,,,,,,,,,,,,,,,,,,,,,,,,,,,,,,,,,,,,,,,,1,,,,space,15.1564,,145.3453,153.6122,0.726851852,-0.306481481,1,0,0,8.2573,t_advice_finished_typing_rect,space,3.021,,158.1451,158.1452,k,0.6578,,space,0.7582,,1,green_gnome,1,5,dark_forest,yellow_basket,purple_gnome,1,4,bright_forest,red_basket,4,0,0,1,purple_gnome,bright_forest,red_basket,4,4,3,0,0,0,0,1,,,,,,,,,,,,,,,,,,,,,,,,,,,,,,,,,,,,,,,,,,,,,,,,,,,,,,,,,,,,,,,,,,,,,,,,,,,,,,,,,,,,,,,,,,,,,,,,,,,,,,,,,,,,,
,,,,,,,,,,,,,,,,,,,,,,,,,,,,,,,,,287659,001,2024-02-20_16h22.30.686,experiment,2023.2.3,Win32,59.52380952,63d00e3cea3280c3ed8a340c,65d4ce4bfe04d08c28397785,65d4d1a3bf805f04e491a04b,,,,,,,,,,,,,,,,,,,,,,,,,,,,,,,,,,,,,,,,,,,,,,,,,,,1,,,,,,,,,,,,,,,,,,,,,k,0.5421,,space,0.9141,,1,green_gnome,1,8,dark_forest,yellow_basket,purple_gnome,1,8,bright_forest,red_basket,8,0,0,1,purple_gnome,bright_forest,red_basket,12,-3,4,0,1,1,0,1,,,,,,,,,,,,,,,,,,,,,,,,,,,,,,,,,,,,,,,,,,,,,,,,,,,,,,,,,,,,,,,,,,,,,,,,,,,,,,,,,,,,,,,,,,,,,,,,,,,,,,,,,,,,,
,,,,,,,,,,,,,,,,,,,,,,,,,,,,,,,,,287659,001,2024-02-20_16h22.30.686,experiment,2023.2.3,Win32,59.52380952,63d00e3cea3280c3ed8a340c,65d4ce4bfe04d08c28397785,65d4d1a3bf805f04e491a04b,,,,,,,,,,,,,,,,,,,,,,,,,,,,,,,,,,,,,,,,,,,,,,,,,,,1,,,,,,,,,,,,,,,,,,,,,k,0.7151,,space,0.6163,,1,green_gnome,1,6,dark_forest,yellow_basket,purple_gnome,1,5,bright_forest,red_basket,5,0,0,1,purple_gnome,bright_forest,red_basket,17,5,-1,1,0,2,0,1,,,,,,,,,,,,,,,,,,,,,,,,,,,,,,,,,,,,,,,,,,,,,,,,,,,,,,,,,,,,,,,,,,,,,,,,,,,,,,,,,,,,,,,,,,,,,,,,,,,,,,,,,,,,,
,,,,,,,,,,,,,,,,,,,,,,,,,,,,,,,,,287659,001,2024-02-20_16h22.30.686,experiment,2023.2.3,Win32,59.52380952,63d00e3cea3280c3ed8a340c,65d4ce4bfe04d08c28397785,65d4d1a3bf805f04e491a04b,,,,,,,,,,,,,,,,,,,,,,,,,,,,,,,,,,,,,,,,,,,,,,,,,,,2,,,,,,,,,,,,,,,,,,,,,s,0.87,,space,0.5313,,2,red_gnome,2,5,dark_forest,yellow_basket,brown_gnomes,2,8,bright_forest,red_basket,5,0,0,1,red_gnome,dark_forest,yellow_basket,22,3,-1,1,1,3,1,1,,,,,,,,,,,,,,,,,,,,,,,,,,,,,,,,,,,,,,,,,,,,,,,,,,,,,,,,,,,,,,,,,,,,,,,,,,,,,,,,,,,,,,,,,,,,,,,,,,,,,,,,,,,,,
,,,,,,,,,,,,,,,,,,,,,,,,,,,,,,,,,287659,001,2024-02-20_16h22.30.686,experiment,2023.2.3,Win32,59.52380952,63d00e3cea3280c3ed8a340c,65d4ce4bfe04d08c28397785,65d4d1a3bf805f04e491a04b,,,,,,,,,,,,,,,,,,,,,,,,,,,,,,,,,,,,,,,,,,,,,,,,,,,1,,,,,,,,,,,,,,,,,,,,,s,0.7705,,space,0.5882,,1,purple_gnome,1,7,bright_forest,red_basket,green_gnome,1,4,dark_forest,yellow_basket,7,0,0,1,purple_gnome,bright_forest,red_basket,29,1,1,2,0,4,0,1,,,,,,,,,,,,,,,,,,,,,,,,,,,,,,,,,,,,,,,,,,,,,,,,,,,,,,,,,,,,,,,,,,,,,,,,,,,,,,,,,,,,,,,,,,,,,,,,,,,,,,,,,,,,,
,,,,,,,,,,,,,,,,,,,,,,,,,,,,,,,,,287659,001,2024-02-20_16h22.30.686,experiment,2023.2.3,Win32,59.52380952,63d00e3cea3280c3ed8a340c,65d4ce4bfe04d08c28397785,65d4d1a3bf805f04e491a04b,,,,,,,,,,,,,,,,,,,,,,,,,,,,,,,,,,,,,,,,,,,,,,,,,,,2,,,,,,,,,,,,,,,,,,,,,k,0.9024,,space,0.8879,,2,brown_gnomes,2,8,bright_forest,red_basket,red_gnome,2,5,dark_forest,yellow_basket,5,0,0,1,red_gnome,dark_forest,yellow_basket,34,-1,3,2,1,5,1,1,,,,,,,,,,,,,,,,,,,,,,,,,,,,,,,,,,,,,,,,,,,,,,,,,,,,,,,,,,,,,,,,,,,,,,,,,,,,,,,,,,,,,,,,,,,,,,,,,,,,,,,,,,,,,
,,,,,,,,,,,,,,,,,,,,,,,,,,,,,,,,,287659,001,2024-02-20_16h22.30.686,experiment,2023.2.3,Win32,59.52380952,63d00e3cea3280c3ed8a340c,65d4ce4bfe04d08c28397785,65d4d1a3bf805f04e491a04b,,,,,,,,,,,,,,,,,,,,,,,,,,,,,,,,,,,,,,,,,,,,,,,,,,,1,,,,,,,,,,,,,,,,,,,,,s,0.4964,,space,0.6622,,1,purple_gnome,1,7,bright_forest,red_basket,green_gnome,1,8,dark_forest,yellow_basket,7,0,0,1,purple_gnome,bright_forest,red_basket,41,1,-2,3,0,6,0,1,,,,,,,,,,,,,,,,,,,,,,,,,,,,,,,,,,,,,,,,,,,,,,,,,,,,,,,,,,,,,,,,,,,,,,,,,,,,,,,,,,,,,,,,,,,,,,,,,,,,,,,,,,,,,
,,,,,,,,,,,,,,,,,,,,,,,,,,,,,,,,,287659,001,2024-02-20_16h22.30.686,experiment,2023.2.3,Win32,59.52380952,63d00e3cea3280c3ed8a340c,65d4ce4bfe04d08c28397785,65d4d1a3bf805f04e491a04b,,,,,,,,,,,,,,,,,,,,,,,,,,,,,,,,,,,,,,,,,,,,,,,,,,,1,,,,,,,,,,,,,,,,,,,,,k,0.4534,,space,0.466,,1,green_gnome,1,6,dark_forest,yellow_basket,purple_gnome,1,8,bright_forest,red_basket,8,0,0,1,purple_gnome,bright_forest,red_basket,49,-5,1,3,1,7,0,1,,,,,,,,,,,,,,,,,,,,,,,,,,,,,,,,,,,,,,,,,,,,,,,,,,,,,,,,,,,,,,,,,,,,,,,,,,,,,,,,,,,,,,,,,,,,,,,,,,,,,,,,,,,,,
,,,,,,,,,,,,,,,,,,,,,,,,,,,,,,,,,287659,001,2024-02-20_16h22.30.686,experiment,2023.2.3,Win32,59.52380952,63d00e3cea3280c3ed8a340c,65d4ce4bfe04d08c28397785,65d4d1a3bf805f04e491a04b,,,,,,,,,,,,,,,,,,,,,,,,,,,,,,,,,,,,,,,,,,,,,,,,,,,1,,,,,,,,,,,,,,,,,,,,,s,0.4955,,space,0.6652,,1,purple_gnome,1,3,bright_forest,red_basket,green_gnome,1,7,dark_forest,yellow_basket,3,0,0,1,purple_gnome,bright_forest,red_basket,52,3,3,4,0,8,0,1,,,,,,,,,,,,,,,,,,,,,,,,,,,,,,,,,,,,,,,,,,,,,,,,,,,,,,,,,,,,,,,,,,,,,,,,,,,,,,,,,,,,,,,,,,,,,,,,,,,,,,,,,,,,,
,,,,,,,,,,,,,,,,,,,,,,,,,,,,,,,,,287659,001,2024-02-20_16h22.30.686,experiment,2023.2.3,Win32,59.52380952,63d00e3cea3280c3ed8a340c,65d4ce4bfe04d08c28397785,65d4d1a3bf805f04e491a04b,,,,,,,,,,,,,,,,,,,,,,,,,,,,,,,,,,,,,,,,,,,,,,,,,,,2,,,,,,,,,,,,,,,,,,,,,s,0.7215,,space,0.598,,2,red_gnome,2,8,dark_forest,yellow_basket,brown_gnomes,2,6,bright_forest,red_basket,8,0,0,1,red_gnome,dark_forest,yellow_basket,60,0,-2,4,1,9,1,1,,,,,,,,,,,,,,,,,,,,,,,,,,,,,,,,,,,,,,,,,,,,,,,,,,,,,,,,,,,,,,,,,,,,,,,,,,,,,,,,,,,,,,,,,,,,,,,,,,,,,,,,,,,,,
,,,,,,,,,,,,,,,,,,,,,,,,,,,,,,,,,287659,001,2024-02-20_16h22.30.686,experiment,2023.2.3,Win32,59.52380952,63d00e3cea3280c3ed8a340c,65d4ce4bfe04d08c28397785,65d4d1a3bf805f04e491a04b,,,,,,,,,,,,,,,,,,,,,,,,,,,,,,,,,,,,,,,,,,,,,,,,,,,1,,,,,,,,,,,,,,,,,,,,,s,0.8706,,space,0.6604,,1,purple_gnome,1,6,bright_forest,red_basket,green_gnome,1,6,dark_forest,yellow_basket,6,0,0,1,purple_gnome,bright_forest,red_basket,66,-3,-1,5,0,10,0,1,,,,,,,,,,,,,,,,,,,,,,,,,,,,,,,,,,,,,,,,,,,,,,,,,,,,,,,,,,,,,,,,,,,,,,,,,,,,,,,,,,,,,,,,,,,,,,,,,,,,,,,,,,,,,
,,,,,,,,,,,,,,,,,,,,,,,,,,,,,,,,,287659,001,2024-02-20_16h22.30.686,experiment,2023.2.3,Win32,59.52380952,63d00e3cea3280c3ed8a340c,65d4ce4bfe04d08c28397785,65d4d1a3bf805f04e491a04b,,,,,,,,,,,,,,,,,,,,,,,,,,,,,,,,,,,,,,,,,,,,,,,,,,,1,,,,,,,,,,,,,,,,,,,,,k,0.5761,,space,0.6982,,1,green_gnome,1,5,dark_forest,yellow_basket,purple_gnome,1,3,bright_forest,red_basket,3,0,0,1,purple_gnome,bright_forest,red_basket,69,5,-2,5,1,11,0,1,,,,,,,,,,,,,,,,,,,,,,,,,,,,,,,,,,,,,,,,,,,,,,,,,,,,,,,,,,,,,,,,,,,,,,,,,,,,,,,,,,,,,,,,,,,,,,,,,,,,,,,,,,,,,
,,,,,,,,,,,,,,,,,,,,,,,,,,,,,,,,,287659,001,2024-02-20_16h22.30.686,experiment,2023.2.3,Win32,59.52380952,63d00e3cea3280c3ed8a340c,65d4ce4bfe04d08c28397785,65d4d1a3bf805f04e491a04b,,,,,,,,,,,,,,,,,,,,,,,,,,,,,,,,,,,,,,,,,,,,,,,,,,,2,,,,,,,,,,,,,,,,,,,,,s,0.7242,,space,0.5311,,2,red_gnome,2,3,dark_forest,yellow_basket,brown_gnomes,2,8,bright_forest,red_basket,3,0,0,1,red_gnome,dark_forest,yellow_basket,72,-2,-2,6,0,12,1,1,,,,,,,,,,,,,,,,,,,,,,,,,,,,,,,,,,,,,,,,,,,,,,,,,,,,,,,,,,,,,,,,,,,,,,,,,,,,,,,,,,,,,,,,,,,,,,,,,,,,,,,,,,,,,
,,,,,,,,,,,,,,,,,,,,,,,,,,,,,,,,,287659,001,2024-02-20_16h22.30.686,experiment,2023.2.3,Win32,59.52380952,63d00e3cea3280c3ed8a340c,65d4ce4bfe04d08c28397785,65d4d1a3bf805f04e491a04b,,,,,,,,,,,,,,,,,,,,,,,,,,,,,,,,,,,,,,,,,,,,,,,,,,,2,,,,,,,,,,,,,,,,,,,,,k,0.9587,,space,0.9255,,2,red_gnome,2,1,dark_forest,yellow_basket,brown_gnomes,2,6,bright_forest,red_basket,6,0,0,1,brown_gnomes,bright_forest,red_basket,78,-1,2,6,1,13,1,1,,,,,,,,,,,,,,,,,,,,,,,,,,,,,,,,,,,,,,,,,,,,,,,,,,,,,,,,,,,,,,,,,,,,,,,,,,,,,,,,,,,,,,,,,,,,,,,,,,,,,,,,,,,,,
,,,,,,,,,,,,,,,,,,,,,,,,,,,,,,,,,287659,001,2024-02-20_16h22.30.686,experiment,2023.2.3,Win32,59.52380952,63d00e3cea3280c3ed8a340c,65d4ce4bfe04d08c28397785,65d4d1a3bf805f04e491a04b,,,,,,,,,,,,,,,,,,,,,,,,,,,,,,,,,,,,,,,,,,,,,,,,,,,2,,,,,,,,,,,,,,,,,,,,,k,0.4584,,space,0.6378,,2,red_gnome,2,3,dark_forest,yellow_basket,brown_gnomes,2,5,bright_forest,red_basket,5,0,0,1,brown_gnomes,bright_forest,red_basket,83,-2,2,7,0,14,1,1,,,,,,,,,,,,,,,,,,,,,,,,,,,,,,,,,,,,,,,,,,,,,,,,,,,,,,,,,,,,,,,,,,,,,,,,,,,,,,,,,,,,,,,,,,,,,,,,,,,,,,,,,,,,,
,,,,,,,,,,,,,,,,,,,,,,,,,,,,,,,,,287659,001,2024-02-20_16h22.30.686,experiment,2023.2.3,Win32,59.52380952,63d00e3cea3280c3ed8a340c,65d4ce4bfe04d08c28397785,65d4d1a3bf805f04e491a04b,,,,,,,,,,,,,,,,,,,,,,,,,,,,,,,,,,,,,,,,,,,,,,,,,,,2,,,,,,,,,,,,,,,,,,,,,k,0.4286,,space,0.4009,,2,red_gnome,2,5,dark_forest,yellow_basket,brown_gnomes,2,3,bright_forest,red_basket,3,0,0,1,brown_gnomes,bright_forest,red_basket,86,2,2,7,1,15,1,1,,,,,,,,,,,,,,,,,,,,,,,,,,,,,,,,,,,,,,,,,,,,,,,,,,,,,,,,,,,,,,,,,,,,,,,,,,,,,,,,,,,,,,,,,,,,,,,,,,,,,,,,,,,,,
,,,,,,,,,,,,,,,,,,,,,,,,,,,,,,,,,287659,001,2024-02-20_16h22.30.686,experiment,2023.2.3,Win32,59.52380952,63d00e3cea3280c3ed8a340c,65d4ce4bfe04d08c28397785,65d4d1a3bf805f04e491a04b,,,,,,,,,,,,,,,,,,,,,,,,,,,,,,,,,,,,,,,,,,,,,,,,,,,2,,,,,,,,,,,,,,,,,,,,,k,0.5135,,space,0.6614,,2,red_gnome,2,7,dark_forest,yellow_basket,brown_gnomes,2,5,bright_forest,red_basket,5,0,0,1,brown_gnomes,bright_forest,red_basket,91,0,0,8,0,16,1,1,,,,,,,,,,,,,,,,,,,,,,,,,,,,,,,,,,,,,,,,,,,,,,,,,,,,,,,,,,,,,,,,,,,,,,,,,,,,,,,,,,,,,,,,,,,,,,,,,,,,,,,,,,,,,
,,,,,,,,,,,,,,,,,,,,,,,,,,,,,,,,,287659,001,2024-02-20_16h22.30.686,experiment,2023.2.3,Win32,59.52380952,63d00e3cea3280c3ed8a340c,65d4ce4bfe04d08c28397785,65d4d1a3bf805f04e491a04b,,,,,,,,,,,,,,,,,,,,,,,,,,,,,,,,,,,,,,,,,,,,,,,,,,,1,,,,,,,,,,,,,,,,,,,,,k,0.539,,space,0.5324,,1,green_gnome,1,7,dark_forest,yellow_basket,purple_gnome,1,5,bright_forest,red_basket,5,0,0,1,purple_gnome,bright_forest,red_basket,96,-1,-3,8,1,17,0,1,,,,,,,,,,,,,,,,,,,,,,,,,,,,,,,,,,,,,,,,,,,,,,,,,,,,,,,,,,,,,,,,,,,,,,,,,,,,,,,,,,,,,,,,,,,,,,,,,,,,,,,,,,,,,
,,,,,,,,,,,,,,,,,,,,,,,,,,,,,,,,,287659,001,2024-02-20_16h22.30.686,experiment,2023.2.3,Win32,59.52380952,63d00e3cea3280c3ed8a340c,65d4ce4bfe04d08c28397785,65d4d1a3bf805f04e491a04b,,,,,,,,,,,,,,,,,,,,,,,,,,,,,,,,,,,,,,,,,,,,,,,,,,,2,,,,,,,,,,,,,,,,,,,,,s,0.721,,space,0.4785,,2,brown_gnomes,2,4,bright_forest,red_basket,red_gnome,2,4,dark_forest,yellow_basket,4,0,0,1,brown_gnomes,bright_forest,red_basket,100,1,-1,9,0,18,1,1,,,,,,,,,,,,,,,,,,,,,,,,,,,,,,,,,,,,,,,,,,,,,,,,,,,,,,,,,,,,,,,,,,,,,,,,,,,,,,,,,,,,,,,,,,,,,,,,,,,,,,,,,,,,,
,,,,,,,,,,,,,,,,,,,,,,,,,,,,,,,,,287659,001,2024-02-20_16h22.30.686,experiment,2023.2.3,Win32,59.52380952,63d00e3cea3280c3ed8a340c,65d4ce4bfe04d08c28397785,65d4d1a3bf805f04e491a04b,,,,,,,,,,,,,,,,,,,,,,,,,,,,,,,,,,,,,,,,,,,,,,,,,,,1,,,,,,,,,,,,,,,,,,,,,k,0.4828,,space,0.6312,,1,green_gnome,1,3,dark_forest,yellow_basket,purple_gnome,1,5,bright_forest,red_basket,5,0,0,1,purple_gnome,bright_forest,red_basket,105,1,-3,9,1,19,0,1,,,,,,,,,,,,,,,,,,,,,,,,,,,,,,,,,,,,,,,,,,,,,,,,,,,,,,,,,,,,,,,,,,,,,,,,,,,,,,,,,,,,,,,,,,,,,,,,,,,,,,,,,,,,,
,,,,,,,,,,,,,,,,,,,,,,,,,,,,,,,,,287659,001,2024-02-20_16h22.30.686,experiment,2023.2.3,Win32,59.52380952,63d00e3cea3280c3ed8a340c,65d4ce4bfe04d08c28397785,65d4d1a3bf805f04e491a04b,,,,,,,,,,,,,,,,,,,,,,,,,,,,,,,,,,,,,,,,,,,,,,,,,,,1,,,,,,,,,,,,,,,,,,,,,k,0.5202,,space,0.5817,,1,green_gnome,1,0,dark_forest,yellow_basket,purple_gnome,1,6,bright_forest,red_basket,6,0,0,1,purple_gnome,bright_forest,red_basket,111,-1,1,10,0,20,0,1,,,,,,,,,,,,,,,,,,,,,,,,,,,,,,,,,,,,,,,,,,,,,,,,,,,,,,,,,,,,,,,,,,,,,,,,,,,,,,,,,,,,,,,,,,,,,,,,,,,,,,,,,,,,,
,,,,,,,,,,,,,,,,,,,,,,,,,,,,,,,,,287659,001,2024-02-20_16h22.30.686,experiment,2023.2.3,Win32,59.52380952,63d00e3cea3280c3ed8a340c,65d4ce4bfe04d08c28397785,65d4d1a3bf805f04e491a04b,,,,,,,,,,,,,,,,,,,,,,,,,,,,,,,,,,,,,,,,,,,,,,,,,,,2,,,,,,,,,,,,,,,,,,,,,s,0.4976,,space,0.5499,,2,red_gnome,2,1,dark_forest,yellow_basket,brown_gnomes,2,5,bright_forest,red_basket,1,0,0,1,red_gnome,dark_forest,yellow_basket,112,1,1,10,1,21,1,1,,,,,,,,,,,,,,,,,,,,,,,,,,,,,,,,,,,,,,,,,,,,,,,,,,,,,,,,,,,,,,,,,,,,,,,,,,,,,,,,,,,,,,,,,,,,,,,,,,,,,,,,,,,,,
,,,,,,,,,,,,,,,,,,,,,,,,,,,,,,,,,287659,001,2024-02-20_16h22.30.686,experiment,2023.2.3,Win32,59.52380952,63d00e3cea3280c3ed8a340c,65d4ce4bfe04d08c28397785,65d4d1a3bf805f04e491a04b,,,,,,,,,,,,,,,,,,,,,,,,,,,,,,,,,,,,,,,,,,,,,,,,,,,1,,,,,,,,,,,,,,,,,,,,,k,0.5105,,space,0.5218,,1,green_gnome,1,2,dark_forest,yellow_basket,purple_gnome,1,6,bright_forest,red_basket,6,0,0,1,purple_gnome,bright_forest,red_basket,118,0,-1,11,0,22,0,1,,,,,,,,,,,,,,,,,,,,,,,,,,,,,,,,,,,,,,,,,,,,,,,,,,,,,,,,,,,,,,,,,,,,,,,,,,,,,,,,,,,,,,,,,,,,,,,,,,,,,,,,,,,,,
,,,,,,,,,,,,,,,,,,,,,,,,,,,,,,,,,287659,001,2024-02-20_16h22.30.686,experiment,2023.2.3,Win32,59.52380952,63d00e3cea3280c3ed8a340c,65d4ce4bfe04d08c28397785,65d4d1a3bf805f04e491a04b,,,,,,,,,,,,,,,,,,,,,,,,,,,,,,,,,,,,,,,,,,,,,,,,,,,1,,,,,,,,,,,,,,,,,,,,,k,0.4245,,space,0.6688,,1,green_gnome,1,1,dark_forest,yellow_basket,purple_gnome,1,6,bright_forest,red_basket,6,0,0,1,purple_gnome,bright_forest,red_basket,124,-2,-2,11,1,23,0,1,,,,,,,,,,,,,,,,,,,,,,,,,,,,,,,,,,,,,,,,,,,,,,,,,,,,,,,,,,,,,,,,,,,,,,,,,,,,,,,,,,,,,,,,,,,,,,,,,,,,,,,,,,,,,
,,,,,,,,,,,,,,,,,,,,,,,,,,,,,,,,,287659,001,2024-02-20_16h22.30.686,experiment,2023.2.3,Win32,59.52380952,63d00e3cea3280c3ed8a340c,65d4ce4bfe04d08c28397785,65d4d1a3bf805f04e491a04b,,,,,,,,,,,,,,,,,,,,,,,,,,,,,,,,,,,,,,,,,,,,,,,,,,,1,,,,,,,,,,,,,,,,,,,,,k,0.4132,,space,0.4649,,1,green_gnome,1,1,dark_forest,yellow_basket,purple_gnome,1,4,bright_forest,red_basket,4,0,0,1,purple_gnome,bright_forest,red_basket,128,3,-1,12,0,24,0,1,,,,,,,,,,,,,,,,,,,,,,,,,,,,,,,,,,,,,,,,,,,,,,,,,,,,,,,,,,,,,,,,,,,,,,,,,,,,,,,,,,,,,,,,,,,,,,,,,,,,,,,,,,,,,
,,,,,,,,,,,,,,,,,,,,,,,,,,,,,,,,,287659,001,2024-02-20_16h22.30.686,experiment,2023.2.3,Win32,59.52380952,63d00e3cea3280c3ed8a340c,65d4ce4bfe04d08c28397785,65d4d1a3bf805f04e491a04b,,,,,,,,,,,,,,,,,,,,,,,,,,,,,,,,,,,,,,,,,,,,,,,,,,,2,,,,,,,,,,,,,,,,,,,,,k,1.0235,,space,0.5747,,2,red_gnome,2,0,dark_forest,yellow_basket,brown_gnomes,2,7,bright_forest,red_basket,7,0,0,1,brown_gnomes,bright_forest,red_basket,135,-2,-2,12,1,25,1,1,,,,,,,,,,,,,,,,,,,,,,,,,,,,,,,,,,,,,,,,,,,,,,,,,,,,,,,,,,,,,,,,,,,,,,,,,,,,,,,,,,,,,,,,,,,,,,,,,,,,,,,,,,,,,
,,,,,,,,,,,,,,,,,,,,,,,,,,,,,,,,,287659,001,2024-02-20_16h22.30.686,experiment,2023.2.3,Win32,59.52380952,63d00e3cea3280c3ed8a340c,65d4ce4bfe04d08c28397785,65d4d1a3bf805f04e491a04b,,,,,,,,,,,,,,,,,,,,,,,,,,,,,,,,,,,,,,,,,,,,,,,,,,,1,,,,,,,,,,,,,,,,,,,,,k,0.7881,,space,0.4474,,1,green_gnome,1,2,dark_forest,yellow_basket,purple_gnome,1,5,bright_forest,red_basket,5,0,0,1,purple_gnome,bright_forest,red_basket,140,2,2,13,0,26,0,1,,,,,,,,,,,,,,,,,,,,,,,,,,,,,,,,,,,,,,,,,,,,,,,,,,,,,,,,,,,,,,,,,,,,,,,,,,,,,,,,,,,,,,,,,,,,,,,,,,,,,,,,,,,,,
,,,,,,,,,,,,,,,,,,,,,,,,,,,,,,,,,287659,001,2024-02-20_16h22.30.686,experiment,2023.2.3,Win32,59.52380952,63d00e3cea3280c3ed8a340c,65d4ce4bfe04d08c28397785,65d4d1a3bf805f04e491a04b,,,,,,,,,,,,,,,,,,,,,,,,,,,,,,,,,,,,,,,,,,,,,,,,,,,1,,,,,,,,,,,,,,,,,,,,,k,0.6068,,space,0.5179,,1,green_gnome,1,4,dark_forest,yellow_basket,purple_gnome,1,7,bright_forest,red_basket,7,0,0,1,purple_gnome,bright_forest,red_basket,147,3,-1,13,1,27,0,1,,,,,,,,,,,,,,,,,,,,,,,,,,,,,,,,,,,,,,,,,,,,,,,,,,,,,,,,,,,,,,,,,,,,,,,,,,,,,,,,,,,,,,,,,,,,,,,,,,,,,,,,,,,,,
,,,,,,,,,,,,,,,,,,,,,,,,,,,,,,,,,287659,001,2024-02-20_16h22.30.686,experiment,2023.2.3,Win32,59.52380952,63d00e3cea3280c3ed8a340c,65d4ce4bfe04d08c28397785,65d4d1a3bf805f04e491a04b,,,,,,,,,,,,,,,,,,,,,,,,,,,,,,,,,,,,,,,,,,,,,,,,,,,1,,,,,,,,,,,,,,,,,,,,,s,0.6593,,space,0.7646,,1,purple_gnome,1,8,bright_forest,red_basket,green_gnome,1,3,dark_forest,yellow_basket,8,0,0,1,purple_gnome,bright_forest,red_basket,155,0,0,14,0,28,0,1,,,,,,,,,,,,,,,,,,,,,,,,,,,,,,,,,,,,,,,,,,,,,,,,,,,,,,,,,,,,,,,,,,,,,,,,,,,,,,,,,,,,,,,,,,,,,,,,,,,,,,,,,,,,,
,,,,,,,,,,,,,,,,,,,,,,,,,,,,,,,,,287659,001,2024-02-20_16h22.30.686,experiment,2023.2.3,Win32,59.52380952,63d00e3cea3280c3ed8a340c,65d4ce4bfe04d08c28397785,65d4d1a3bf805f04e491a04b,,,,,,,,,,,,,,,,,,,,,,,,,,,,,,,,,,,,,,,,,,,,,,,,,,,2,,,,,,,,,,,,,,,,,,,,,k,0.6528,,space,0.6562,,2,red_gnome,2,3,dark_forest,yellow_basket,brown_gnomes,2,8,bright_forest,red_basket,8,0,0,1,brown_gnomes,bright_forest,red_basket,163,1,2,14,1,29,1,1,,,,,,,,,,,,,,,,,,,,,,,,,,,,,,,,,,,,,,,,,,,,,,,,,,,,,,,,,,,,,,,,,,,,,,,,,,,,,,,,,,,,,,,,,,,,,,,,,,,,,,,,,,,,,
,,,,,,,,,,,,,,,,,,,,,,,,,,,,,,,,,287659,001,2024-02-20_16h22.30.686,experiment,2023.2.3,Win32,59.52380952,63d00e3cea3280c3ed8a340c,65d4ce4bfe04d08c28397785,65d4d1a3bf805f04e491a04b,,,,,,,,,,,,,,,,,,,,,,,,,,,,,,,,,,,,,,,,,,,,,,,,,,,2,,,,,,,,,,,,,,,,,,,,,s,0.6092,,space,0.7084,,2,brown_gnomes,2,9,bright_forest,red_basket,red_gnome,2,5,dark_forest,yellow_basket,9,0,0,1,brown_gnomes,bright_forest,red_basket,172,-1,0,15,0,30,1,1,,,,,,,,,,,,,,,,,,,,,,,,,,,,,,,,,,,,,,,,,,,,,,,,,,,,,,,,,,,,,,,,,,,,,,,,,,,,,,,,,,,,,,,,,,,,,,,,,,,,,,,,,,,,,
,,,,,,,,,,,,,,,,,,,,,,,,,,,,,,,,,287659,001,2024-02-20_16h22.30.686,experiment,2023.2.3,Win32,59.52380952,63d00e3cea3280c3ed8a340c,65d4ce4bfe04d08c28397785,65d4d1a3bf805f04e491a04b,,,,,,,,,,,,,,,,,,,,,,,,,,,,,,,,,,,,,,,,,,,,,,,,,,,2,,,,,,,,,,,,,,,,,,,,,s,0.5472,,space,0.7392,,2,brown_gnomes,2,8,bright_forest,red_basket,red_gnome,2,5,dark_forest,yellow_basket,8,0,0,1,brown_gnomes,bright_forest,red_basket,180,0,3,15,1,31,1,1,,,,,,,,,,,,,,,,,,,,,,,,,,,,,,,,,,,,,,,,,,,,,,,,,,,,,,,,,,,,,,,,,,,,,,,,,,,,,,,,,,,,,,,,,,,,,,,,,,,,,,,,,,,,,
,,,,,,,,,,,,,,,,,,,,,,,,,,,,,,,,,287659,001,2024-02-20_16h22.30.686,experiment,2023.2.3,Win32,59.52380952,63d00e3cea3280c3ed8a340c,65d4ce4bfe04d08c28397785,65d4d1a3bf805f04e491a04b,,,,,,,,,,,,,,,,,,,,,,,,,,,,,,,,,,,,,,,,,,,,,,,,,,,2,,,,,,,,,,,,,,,,,,,,,k,0.4561,,space,0.8126,,2,red_gnome,2,8,dark_forest,yellow_basket,brown_gnomes,2,8,bright_forest,red_basket,8,0,0,1,brown_gnomes,bright_forest,red_basket,188,-3,0,16,0,32,1,1,,,,,,,,,,,,,,,,,,,,,,,,,,,,,,,,,,,,,,,,,,,,,,,,,,,,,,,,,,,,,,,,,,,,,,,,,,,,,,,,,,,,,,,,,,,,,,,,,,,,,,,,,,,,,
,,,,,,,,,,,,,,,,,,,,,,,,,,,,,,,,,287659,001,2024-02-20_16h22.30.686,experiment,2023.2.3,Win32,59.52380952,63d00e3cea3280c3ed8a340c,65d4ce4bfe04d08c28397785,65d4d1a3bf805f04e491a04b,,,,,,,,,,,,,,,,,,,,,,,,,,,,,,,,,,,,,,,,,,,,,,,,,,,2,,,,,,,,,,,,,,,,,,,,,s,0.6426,,space,0.6147,,2,brown_gnomes,2,5,bright_forest,red_basket,red_gnome,2,8,dark_forest,yellow_basket,5,0,0,1,brown_gnomes,bright_forest,red_basket,193,-1,-1,16,1,33,1,1,,,,,,,,,,,,,,,,,,,,,,,,,,,,,,,,,,,,,,,,,,,,,,,,,,,,,,,,,,,,,,,,,,,,,,,,,,,,,,,,,,,,,,,,,,,,,,,,,,,,,,,,,,,,,
,,,,,,,,,,,,,,,,,,,,,,,,,,,,,,,,,287659,001,2024-02-20_16h22.30.686,experiment,2023.2.3,Win32,59.52380952,63d00e3cea3280c3ed8a340c,65d4ce4bfe04d08c28397785,65d4d1a3bf805f04e491a04b,,,,,,,,,,,,,,,,,,,,,,,,,,,,,,,,,,,,,,,,,,,,,,,,,,,1,,,,,,,,,,,,,,,,,,,,,k,0.5199,,space,1.2583,,1,green_gnome,1,7,dark_forest,yellow_basket,purple_gnome,1,4,bright_forest,red_basket,4,0,0,1,purple_gnome,bright_forest,red_basket,197,0,-2,17,0,34,0,1,,,,,,,,,,,,,,,,,,,,,,,,,,,,,,,,,,,,,,,,,,,,,,,,,,,,,,,,,,,,,,,,,,,,,,,,,,,,,,,,,,,,,,,,,,,,,,,,,,,,,,,,,,,,,
,,,,,,,,,,,,,,,,,,,,,,,,,,,,,,,,,287659,001,2024-02-20_16h22.30.686,experiment,2023.2.3,Win32,59.52380952,63d00e3cea3280c3ed8a340c,65d4ce4bfe04d08c28397785,65d4d1a3bf805f04e491a04b,,,,,,,,,,,,,,,,,,,,,,,,,,,,,,,,,,,,,,,,,,,,,,,,,,,1,,,,,,,,,,,,,,,,,,,,,s,0.62,,space,0.3965,,1,purple_gnome,1,4,bright_forest,red_basket,green_gnome,1,5,dark_forest,yellow_basket,4,0,0,1,purple_gnome,bright_forest,red_basket,201,1,4,17,1,35,0,1,,,,,,,,,,,,,,,,,,,,,,,,,,,,,,,,,,,,,,,,,,,,,,,,,,,,,,,,,,,,,,,,,,,,,,,,,,,,,,,,,,,,,,,,,,,,,,,,,,,,,,,,,,,,,
,,,,,,,,,,,,,,,,,,,,,,,,,,,,,,,,,287659,001,2024-02-20_16h22.30.686,experiment,2023.2.3,Win32,59.52380952,63d00e3cea3280c3ed8a340c,65d4ce4bfe04d08c28397785,65d4d1a3bf805f04e491a04b,,,,,,,,,,,,,,,,,,,,,,,,,,,,,,,,,,,,,,,,,,,,,,,,,,,1,,,,,,,,,,,,,,,,,,,,,k,0.4302,,space,0.6334,,1,green_gnome,1,9,dark_forest,yellow_basket,purple_gnome,1,5,bright_forest,red_basket,5,0,0,1,purple_gnome,bright_forest,red_basket,206,0,-2,18,0,36,0,1,,,,,,,,,,,,,,,,,,,,,,,,,,,,,,,,,,,,,,,,,,,,,,,,,,,,,,,,,,,,,,,,,,,,,,,,,,,,,,,,,,,,,,,,,,,,,,,,,,,,,,,,,,,,,
,,,,,,,,,,,,,,,,,,,,,,,,,,,,,,,,,287659,001,2024-02-20_16h22.30.686,experiment,2023.2.3,Win32,59.52380952,63d00e3cea3280c3ed8a340c,65d4ce4bfe04d08c28397785,65d4d1a3bf805f04e491a04b,,,,,,,,,,,,,,,,,,,,,,,,,,,,,,,,,,,,,,,,,,,,,,,,,,,2,,,,,,,,,,,,,,,,,,,,,s,0.4241,,space,0.3275,,2,brown_gnomes,2,5,bright_forest,red_basket,red_gnome,2,7,dark_forest,yellow_basket,5,0,0,1,brown_gnomes,bright_forest,red_basket,211,-1,0,18,1,37,1,1,,,,,,,,,,,,,,,,,,,,,,,,,,,,,,,,,,,,,,,,,,,,,,,,,,,,,,,,,,,,,,,,,,,,,,,,,,,,,,,,,,,,,,,,,,,,,,,,,,,,,,,,,,,,,
,,,,,,,,,,,,,,,,,,,,,,,,,,,,,,,,,287659,001,2024-02-20_16h22.30.686,experiment,2023.2.3,Win32,59.52380952,63d00e3cea3280c3ed8a340c,65d4ce4bfe04d08c28397785,65d4d1a3bf805f04e491a04b,,,,,,,,,,,,,,,,,,,,,,,,,,,,,,,,,,,,,,,,,,,,,,,,,,,2,,,,,,,,,,,,,,,,,,,,,k,0.405,,space,0.5485,,2,red_gnome,2,7,dark_forest,yellow_basket,brown_gnomes,2,4,bright_forest,red_basket,4,0,0,1,brown_gnomes,bright_forest,red_basket,215,-2,-1,19,0,38,1,1,,,,,,,,,,,,,,,,,,,,,,,,,,,,,,,,,,,,,,,,,,,,,,,,,,,,,,,,,,,,,,,,,,,,,,,,,,,,,,,,,,,,,,,,,,,,,,,,,,,,,,,,,,,,,
,,,,,,,,,,,,,,,,,,,,,,,,,,,,,,,,,287659,001,2024-02-20_16h22.30.686,experiment,2023.2.3,Win32,59.52380952,63d00e3cea3280c3ed8a340c,65d4ce4bfe04d08c28397785,65d4d1a3bf805f04e491a04b,,,,,,,,,,,,,,,,,,,,,,,,,,,,,,,,,,,,,,,,,,,,,,,,,,,1,,,,,,,,,,,,,,,,,,,,,s,0.4951,,space,0.6058,,1,purple_gnome,1,2,bright_forest,red_basket,green_gnome,1,6,dark_forest,yellow_basket,2,0,0,1,purple_gnome,bright_forest,red_basket,217,1,-4,19,1,39,0,1,,,,,,,,,,,,,,,,,,,,,,,,,,,,,,,,,,,,,,,,,,,,,,,,,,,,,,,,,,,,,,,,,,,,,,,,,,,,,,,,,,,,,,,,,,,,,,,,,,,,,,,,,,,,,
,,,,,,,,,,,,,,,,,,,,,,,,,,,,,,,,,287659,001,2024-02-20_16h22.30.686,experiment,2023.2.3,Win32,59.52380952,63d00e3cea3280c3ed8a340c,65d4ce4bfe04d08c28397785,65d4d1a3bf805f04e491a04b,,,,,,,,,,,,,,,,,,,,,,,,,,,,,,,,,,,,,,,,,,,,,,,,,,,2,,,,,,,,,,,,,,,,,,,,,k,0.4279,,space,0.3691,,2,red_gnome,2,2,dark_forest,yellow_basket,brown_gnomes,2,3,bright_forest,red_basket,3,0,0,1,brown_gnomes,bright_forest,red_basket,220,0,0,20,0,40,1,1,,,,,,,,,,,,,,,,,,,,,,,,,,,,,,,,,,,,,,,,,,,,,,,,,,,,,,,,,,,,,,,,,,,,,,,,,,,,,,,,,,,,,,,,,,,,,,,,,,,,,,,,,,,,,
,,,,,,,,,,,,,,,,,,,,,,,,,,,,,,,,,287659,001,2024-02-20_16h22.30.686,experiment,2023.2.3,Win32,59.52380952,63d00e3cea3280c3ed8a340c,65d4ce4bfe04d08c28397785,65d4d1a3bf805f04e491a04b,,,,,,,,,,,,,,,,,,,,,,,,,,,,,,,,,,,,,,,,,,,,,,,,,,,2,,,,,,,,,,,,,,,,,,,,,s,0.6467,,space,0.5012,,2,brown_gnomes,2,3,bright_forest,red_basket,red_gnome,2,2,dark_forest,yellow_basket,3,0,0,1,brown_gnomes,bright_forest,red_basket,223,-1,-1,20,1,41,1,1,,,,,,,,,,,,,,,,,,,,,,,,,,,,,,,,,,,,,,,,,,,,,,,,,,,,,,,,,,,,,,,,,,,,,,,,,,,,,,,,,,,,,,,,,,,,,,,,,,,,,,,,,,,,,
,,,,,,,,,,,,,,,,,,,,,,,,,,,,,,,,,287659,001,2024-02-20_16h22.30.686,experiment,2023.2.3,Win32,59.52380952,63d00e3cea3280c3ed8a340c,65d4ce4bfe04d08c28397785,65d4d1a3bf805f04e491a04b,,,,,,,,,,,,,,,,,,,,,,,,,,,,,,,,,,,,,,,,,,,,,,,,,,,1,,,,,,,,,,,,,,,,,,,,,s,0.5945,,space,0.2978,,1,green_gnome,1,1,dark_forest,yellow_basket,purple_gnome,1,2,bright_forest,red_basket,1,0,0,1,green_gnome,dark_forest,yellow_basket,224,-1,0,21,0,42,0,1,,,,,,,,,,,,,,,,,,,,,,,,,,,,,,,,,,,,,,,,,,,,,,,,,,,,,,,,,,,,,,,,,,,,,,,,,,,,,,,,,,,,,,,,,,,,,,,,,,,,,,,,,,,,,
,,,,,,,,,,,,,,,,,,,,,,,,,,,,,,,,,287659,001,2024-02-20_16h22.30.686,experiment,2023.2.3,Win32,59.52380952,63d00e3cea3280c3ed8a340c,65d4ce4bfe04d08c28397785,65d4d1a3bf805f04e491a04b,,,,,,,,,,,,,,,,,,,,,,,,,,,,,,,,,,,,,,,,,,,,,,,,,,,2,,,,,,,,,,,,,,,,,,,,,k,0.5813,,space,0.5462,,2,red_gnome,2,1,dark_forest,yellow_basket,brown_gnomes,2,1,bright_forest,red_basket,1,0,0,1,brown_gnomes,bright_forest,red_basket,225,2,2,21,1,43,1,1,,,,,,,,,,,,,,,,,,,,,,,,,,,,,,,,,,,,,,,,,,,,,,,,,,,,,,,,,,,,,,,,,,,,,,,,,,,,,,,,,,,,,,,,,,,,,,,,,,,,,,,,,,,,,
,,,,,,,,,,,,,,,,,,,,,,,,,,,,,,,,,287659,001,2024-02-20_16h22.30.686,experiment,2023.2.3,Win32,59.52380952,63d00e3cea3280c3ed8a340c,65d4ce4bfe04d08c28397785,65d4d1a3bf805f04e491a04b,,,,,,,,,,,,,,,,,,,,,,,,,,,,,,,,,,,,,,,,,,,,,,,,,,,1,,,,,,,,,,,,,,,,,,,,,k,0.4578,,space,0.4698,,1,green_gnome,1,3,dark_forest,yellow_basket,purple_gnome,1,3,bright_forest,red_basket,3,0,0,1,purple_gnome,bright_forest,red_basket,228,1,0,22,0,44,0,1,,,,,,,,,,,,,,,,,,,,,,,,,,,,,,,,,,,,,,,,,,,,,,,,,,,,,,,,,,,,,,,,,,,,,,,,,,,,,,,,,,,,,,,,,,,,,,,,,,,,,,,,,,,,,
,,,,,,,,,,,,,,,,,,,,,,,,,,,,,,,,,287659,001,2024-02-20_16h22.30.686,experiment,2023.2.3,Win32,59.52380952,63d00e3cea3280c3ed8a340c,65d4ce4bfe04d08c28397785,65d4d1a3bf805f04e491a04b,,,,,,,,,,,,,,,,,,,,,,,,,,,,,,,,,,,,,,,,,,,,,,,,,,,2,,,,,,,,,,,,,,,,,,,,,k,0.516,,space,0.7957,,2,red_gnome,2,3,dark_forest,yellow_basket,brown_gnomes,2,4,bright_forest,red_basket,4,0,0,1,brown_gnomes,bright_forest,red_basket,232,0,-1,22,1,45,1,1,,,,,,,,,,,,,,,,,,,,,,,,,,,,,,,,,,,,,,,,,,,,,,,,,,,,,,,,,,,,,,,,,,,,,,,,,,,,,,,,,,,,,,,,,,,,,,,,,,,,,,,,,,,,,
,,,,,,,,,,,,,,,,,,,,,,,,,,,,,,,,,287659,001,2024-02-20_16h22.30.686,experiment,2023.2.3,Win32,59.52380952,63d00e3cea3280c3ed8a340c,65d4ce4bfe04d08c28397785,65d4d1a3bf805f04e491a04b,,,,,,,,,,,,,,,,,,,,,,,,,,,,,,,,,,,,,,,,,,,,,,,,,,,2,,,,,,,,,,,,,,,,,,,,,k,0.4409,,space,0.9592,,2,red_gnome,2,2,dark_forest,yellow_basket,brown_gnomes,2,4,bright_forest,red_basket,4,0,0,1,brown_gnomes,bright_forest,red_basket,236,2,-3,23,0,46,1,1,,,,,,,,,,,,,,,,,,,,,,,,,,,,,,,,,,,,,,,,,,,,,,,,,,,,,,,,,,,,,,,,,,,,,,,,,,,,,,,,,,,,,,,,,,,,,,,,,,,,,,,,,,,,,
,,,,,,,,,,,,,,,,,,,,,,,,,,,,,,,,,287659,001,2024-02-20_16h22.30.686,experiment,2023.2.3,Win32,59.52380952,63d00e3cea3280c3ed8a340c,65d4ce4bfe04d08c28397785,65d4d1a3bf805f04e491a04b,,,,,,,,,,,,,,,,,,,,,,,,,,,,,,,,,,,,,,,,,,,,,,,,,,,1,,,,,,,,,,,,,,,,,,,,,k,0.6273,,space,0.2909,,1,purple_gnome,1,6,bright_forest,red_basket,green_gnome,1,1,dark_forest,yellow_basket,1,0,0,1,green_gnome,dark_forest,yellow_basket,237,1,4,23,1,47,0,1,,,,,,,,,,,,,,,,,,,,,,,,,,,,,,,,,,,,,,,,,,,,,,,,,,,,,,,,,,,,,,,,,,,,,,,,,,,,,,,,,,,,,,,,,,,,,,,,,,,,,,,,,,,,,
,,,,,,,,,,,,,,,,,,,,,,,,,,,,,,,,,287659,001,2024-02-20_16h22.30.686,experiment,2023.2.3,Win32,59.52380952,63d00e3cea3280c3ed8a340c,65d4ce4bfe04d08c28397785,65d4d1a3bf805f04e491a04b,,,,,,,,,,,,,,,,,,,,,,,,,,,,,,,,,,,,,,,,,,,,,,,,,,,2,,,,,,,,,,,,,,,,,,,,,k,0.3754,,space,0.3067,,2,brown_gnomes,2,7,bright_forest,red_basket,red_gnome,2,5,dark_forest,yellow_basket,5,0,0,1,red_gnome,dark_forest,yellow_basket,242,0,-1,24,0,48,1,1,,,,,,,,,,,,,,,,,,,,,,,,,,,,,,,,,,,,,,,,,,,,,,,,,,,,,,,,,,,,,,,,,,,,,,,,,,,,,,,,,,,,,,,,,,,,,,,,,,,,,,,,,,,,,
,,,,,,,,,,,,,,,,,,,,,,,,,,,,,,,,,287659,001,2024-02-20_16h22.30.686,experiment,2023.2.3,Win32,59.52380952,63d00e3cea3280c3ed8a340c,65d4ce4bfe04d08c28397785,65d4d1a3bf805f04e491a04b,,,,,,,,,,,,,,,,,,,,,,,,,,,,,,,,,,,,,,,,,,,,,,,,,,,2,,,,,,,,,,,,,,,,,,,,,k,0.8267,,space,0.4144,,2,red_gnome,2,4,dark_forest,yellow_basket,brown_gnomes,2,7,bright_forest,red_basket,7,0,0,1,brown_gnomes,bright_forest,red_basket,249,-1,-4,24,1,49,1,1,,,,,,,,,,,,,,,,,,,,,,,,,,,,,,,,,,,,,,,,,,,,,,,,,,,,,,,,,,,,,,,,,,,,,,,,,,,,,,,,,,,,,,,,,,,,,,,,,,,,,,,,,,,,,
,,,,,,,,,,,,,,,,,,,,,,,,,,,,,,,,,287659,001,2024-02-20_16h22.30.686,experiment,2023.2.3,Win32,59.52380952,63d00e3cea3280c3ed8a340c,65d4ce4bfe04d08c28397785,65d4d1a3bf805f04e491a04b,,,,,,,,,,,,,,,,,,,,,,,,,,,,,,,,,,,,,,,,,,,,,,,,,,,2,,,,,,,,,,,,,,,,,,,,,k,0.4065,,space,0.2499,,2,red_gnome,2,0,dark_forest,yellow_basket,brown_gnomes,2,6,bright_forest,red_basket,6,0,0,1,brown_gnomes,bright_forest,red_basket,255,2,-2,25,0,50,1,1,,,,,,,,,,,,,,,,,,,,,,,,,,,,,,,,,,,,,,,,,,,,,,,,,,,,,,,,,,,,,,,,,,,,,,,,,,,,,,,,,,,,,,,,,,,,,,,,,,,,,,,,,,,,,
,,,,,,,,,,,,,,,,,,,,,,,,,,,,,,,,,287659,001,2024-02-20_16h22.30.686,experiment,2023.2.3,Win32,59.52380952,63d00e3cea3280c3ed8a340c,65d4ce4bfe04d08c28397785,65d4d1a3bf805f04e491a04b,,,,,,,,,,,,,,,,,,,,,,,,,,,,,,,,,,,,,,,,,,,,,,,,,,,2,,,,,,,,,,,,,,,,,,,,,k,0.4028,,space,0.3656,,2,red_gnome,2,2,dark_forest,yellow_basket,brown_gnomes,2,8,bright_forest,red_basket,8,0,0,1,brown_gnomes,bright_forest,red_basket,263,-1,1,25,1,51,1,1,,,,,,,,,,,,,,,,,,,,,,,,,,,,,,,,,,,,,,,,,,,,,,,,,,,,,,,,,,,,,,,,,,,,,,,,,,,,,,,,,,,,,,,,,,,,,,,,,,,,,,,,,,,,,
,,,,,,,,,,,,,,,,,,,,,,,,,,,,,,,,,287659,001,2024-02-20_16h22.30.686,experiment,2023.2.3,Win32,59.52380952,63d00e3cea3280c3ed8a340c,65d4ce4bfe04d08c28397785,65d4d1a3bf805f04e491a04b,,,,,,,,,,,,,,,,,,,,,,,,,,,,,,,,,,,,,,,,,,,,,,,,,,,1,,,,,,,,,,,,,,,,,,,,,k,0.4706,,space,0.6124,,1,green_gnome,1,3,dark_forest,yellow_basket,purple_gnome,1,7,bright_forest,red_basket,7,0,0,1,purple_gnome,bright_forest,red_basket,270,-1,1,26,0,52,0,1,,,,,,,,,,,,,,,,,,,,,,,,,,,,,,,,,,,,,,,,,,,,,,,,,,,,,,,,,,,,,,,,,,,,,,,,,,,,,,,,,,,,,,,,,,,,,,,,,,,,,,,,,,,,,
,,,,,,,,,,,,,,,,,,,,,,,,,,,,,,,,,287659,001,2024-02-20_16h22.30.686,experiment,2023.2.3,Win32,59.52380952,63d00e3cea3280c3ed8a340c,65d4ce4bfe04d08c28397785,65d4d1a3bf805f04e491a04b,,,,,,,,,,,,,,,,,,,,,,,,,,,,,,,,,,,,,,,,,,,,,,,,,,,1,,,,,,,,,,,,,,,,,,,,,k,0.4197,,space,0.5802,,1,green_gnome,1,4,dark_forest,yellow_basket,purple_gnome,1,6,bright_forest,red_basket,6,0,0,1,purple_gnome,bright_forest,red_basket,276,2,2,26,1,53,0,1,,,,,,,,,,,,,,,,,,,,,,,,,,,,,,,,,,,,,,,,,,,,,,,,,,,,,,,,,,,,,,,,,,,,,,,,,,,,,,,,,,,,,,,,,,,,,,,,,,,,,,,,,,,,,
,,,,,,,,,,,,,,,,,,,,,,,,,,,,,,,,,287659,001,2024-02-20_16h22.30.686,experiment,2023.2.3,Win32,59.52380952,63d00e3cea3280c3ed8a340c,65d4ce4bfe04d08c28397785,65d4d1a3bf805f04e491a04b,,,,,,,,,,,,,,,,,,,,,,,,,,,,,,,,,,,,,,,,,,,,,,,,,,,1,,,,,,,,,,,,,,,,,,,,,k,0.4126,,space,0.2997,,1,green_gnome,1,6,dark_forest,yellow_basket,purple_gnome,1,8,bright_forest,red_basket,8,0,0,1,purple_gnome,bright_forest,red_basket,284,0,3,27,0,54,0,1,,,,,,,,,,,,,,,,,,,,,,,,,,,,,,,,,,,,,,,,,,,,,,,,,,,,,,,,,,,,,,,,,,,,,,,,,,,,,,,,,,,,,,,,,,,,,,,,,,,,,,,,,,,,,
,,,,,,,,,,,,,,,,,,,,,,,,,,,,,,,,,287659,001,2024-02-20_16h22.30.686,experiment,2023.2.3,Win32,59.52380952,63d00e3cea3280c3ed8a340c,65d4ce4bfe04d08c28397785,65d4d1a3bf805f04e491a04b,,,,,,,,,,,,,,,,,,,,,,,,,,,,,,,,,,,,,,,,,,,,,,,,,,,1,,,,,,,,,,,,,,,,,,,,,k,0.4228,,space,0.2975,,1,green_gnome,1,9,dark_forest,yellow_basket,purple_gnome,1,8,bright_forest,red_basket,8,0,0,1,purple_gnome,bright_forest,red_basket,292,1,2,27,1,55,0,1,,,,,,,,,,,,,,,,,,,,,,,,,,,,,,,,,,,,,,,,,,,,,,,,,,,,,,,,,,,,,,,,,,,,,,,,,,,,,,,,,,,,,,,,,,,,,,,,,,,,,,,,,,,,,
,,,,,,,,,,,,,,,,,,,,,,,,,,,,,,,,,287659,001,2024-02-20_16h22.30.686,experiment,2023.2.3,Win32,59.52380952,63d00e3cea3280c3ed8a340c,65d4ce4bfe04d08c28397785,65d4d1a3bf805f04e491a04b,,,,,,,,,,,,,,,,,,,,,,,,,,,,,,,,,,,,,,,,,,,,,,,,,,,1,,,,,,,,,,,,,,,,,,,,,s,0.5076,,space,0.3831,,1,purple_gnome,1,9,bright_forest,red_basket,green_gnome,1,7,dark_forest,yellow_basket,9,0,0,1,purple_gnome,bright_forest,red_basket,301,-2,0,28,0,56,0,1,,,,,,,,,,,,,,,,,,,,,,,,,,,,,,,,,,,,,,,,,,,,,,,,,,,,,,,,,,,,,,,,,,,,,,,,,,,,,,,,,,,,,,,,,,,,,,,,,,,,,,,,,,,,,
,,,,,,,,,,,,,,,,,,,,,,,,,,,,,,,,,287659,001,2024-02-20_16h22.30.686,experiment,2023.2.3,Win32,59.52380952,63d00e3cea3280c3ed8a340c,65d4ce4bfe04d08c28397785,65d4d1a3bf805f04e491a04b,,,,,,,,,,,,,,,,,,,,,,,,,,,,,,,,,,,,,,,,,,,,,,,,,,,1,,,,,,,,,,,,,,,,,,,,,s,0.4379,,space,0.6118,,1,purple_gnome,1,7,bright_forest,red_basket,green_gnome,1,7,dark_forest,yellow_basket,7,0,0,1,purple_gnome,bright_forest,red_basket,308,-1,2,28,1,57,0,1,,,,,,,,,,,,,,,,,,,,,,,,,,,,,,,,,,,,,,,,,,,,,,,,,,,,,,,,,,,,,,,,,,,,,,,,,,,,,,,,,,,,,,,,,,,,,,,,,,,,,,,,,,,,,
,,,,,,,,,,,,,,,,,,,,,,,,,,,,,,,,,287659,001,2024-02-20_16h22.30.686,experiment,2023.2.3,Win32,59.52380952,63d00e3cea3280c3ed8a340c,65d4ce4bfe04d08c28397785,65d4d1a3bf805f04e491a04b,,,,,,,,,,,,,,,,,,,,,,,,,,,,,,,,,,,,,,,,,,,,,,,,,,,2,,,,,,,,,,,,,,,,,,,,,s,0.4908,,space,0.3847,,2,brown_gnomes,2,6,bright_forest,red_basket,red_gnome,2,9,dark_forest,yellow_basket,6,0,0,1,brown_gnomes,bright_forest,red_basket,314,1,-1,29,0,58,1,1,,,,,,,,,,,,,,,,,,,,,,,,,,,,,,,,,,,,,,,,,,,,,,,,,,,,,,,,,,,,,,,,,,,,,,,,,,,,,,,,,,,,,,,,,,,,,,,,,,,,,,,,,,,,,
,,,,,,,,,,,,,,,,,,,,,,,,,,,,,,,,,287659,001,2024-02-20_16h22.30.686,experiment,2023.2.3,Win32,59.52380952,63d00e3cea3280c3ed8a340c,65d4ce4bfe04d08c28397785,65d4d1a3bf805f04e491a04b,,,,,,,,,,,,,,,,,,,,,,,,,,,,,,,,,,,,,,,,,,,,,,,,,,,1,,,,,,,,,,,,,,,,,,,,,k,0.4049,,space,0.33,,1,green_gnome,1,8,dark_forest,yellow_basket,purple_gnome,1,7,bright_forest,red_basket,7,0,0,1,purple_gnome,bright_forest,red_basket,321,2,1,29,1,59,0,1,,,,,,,,,,,,,,,,,,,,,,,,,,,,,,,,,,,,,,,,,,,,,,,,,,,,,,,,,,,,,,,,,,,,,,,,,,,,,,,,,,,,,,,,,,,,,,,,,,,,,,,,,,,,,
,,,,,,,,,,,,,,,,,,,,,,,,,,,,,,,,,287659,001,2024-02-20_16h22.30.686,experiment,2023.2.3,Win32,59.52380952,63d00e3cea3280c3ed8a340c,65d4ce4bfe04d08c28397785,65d4d1a3bf805f04e491a04b,,,,,,,,,,,,,,,,,,,,,,,,,,,,,,,,,,,,,,,,,,,,,,,,,,,2,,,,,,,,,,,,,,,,,,,,,k,0.513,,space,0.4982,,2,red_gnome,2,9,dark_forest,yellow_basket,brown_gnomes,2,9,bright_forest,red_basket,9,0,0,1,brown_gnomes,bright_forest,red_basket,330,-2,4,30,0,60,1,1,,,,,,,,,,,,,,,,,,,,,,,,,,,,,,,,,,,,,,,,,,,,,,,,,,,,,,,,,,,,,,,,,,,,,,,,,,,,,,,,,,,,,,,,,,,,,,,,,,,,,,,,,,,,,
,,,,,,,,,,,,,,,,,,,,,,,,,,,,,,,,,287659,001,2024-02-20_16h22.30.686,experiment,2023.2.3,Win32,59.52380952,63d00e3cea3280c3ed8a340c,65d4ce4bfe04d08c28397785,65d4d1a3bf805f04e491a04b,,,,,,,,,,,,,,,,,,,,,,,,,,,,,,,,,,,,,,,,,,,,,,,,,,,2,,,,,,,,,,,,,,,,,,,,,k,0.4192,,space,0.2961,,2,brown_gnomes,2,7,bright_forest,red_basket,red_gnome,2,5,dark_forest,yellow_basket,5,0,0,1,red_gnome,dark_forest,yellow_basket,335,1,3,30,1,61,1,1,,,,,,,,,,,,,,,,,,,,,,,,,,,,,,,,,,,,,,,,,,,,,,,,,,,,,,,,,,,,,,,,,,,,,,,,,,,,,,,,,,,,,,,,,,,,,,,,,,,,,,,,,,,,,
,,,,,,,,,,,,,,,,,,,,,,,,,,,,,,,,,287659,001,2024-02-20_16h22.30.686,experiment,2023.2.3,Win32,59.52380952,63d00e3cea3280c3ed8a340c,65d4ce4bfe04d08c28397785,65d4d1a3bf805f04e491a04b,,,,,,,,,,,,,,,,,,,,,,,,,,,,,,,,,,,,,,,,,,,,,,,,,,,1,,,,,,,,,,,,,,,,,,,,,s,0.5282,,space,0.3586,,1,purple_gnome,1,8,bright_forest,red_basket,green_gnome,1,8,dark_forest,yellow_basket,8,0,0,1,purple_gnome,bright_forest,red_basket,343,2,-1,31,0,62,0,1,,,,,,,,,,,,,,,,,,,,,,,,,,,,,,,,,,,,,,,,,,,,,,,,,,,,,,,,,,,,,,,,,,,,,,,,,,,,,,,,,,,,,,,,,,,,,,,,,,,,,,,,,,,,,
,,,,,,,,,,,,,,,,,,,,,,,,,,,,,,,,,287659,001,2024-02-20_16h22.30.686,experiment,2023.2.3,Win32,59.52380952,63d00e3cea3280c3ed8a340c,65d4ce4bfe04d08c28397785,65d4d1a3bf805f04e491a04b,,,,,,,,,,,,,,,,,,,,,,,,,,,,,,,,,,,,,,,,,,,,,,,,,,,2,,,,,,,,,,,,,,,,,,,,,k,0.4097,,space,0.2795,,2,brown_gnomes,2,8,bright_forest,red_basket,red_gnome,2,7,dark_forest,yellow_basket,7,0,0,1,red_gnome,dark_forest,yellow_basket,350,3,2,31,1,63,1,1,,,,,,,,,,,,,,,,,,,,,,,,,,,,,,,,,,,,,,,,,,,,,,,,,,,,,,,,,,,,,,,,,,,,,,,,,,,,,,,,,,,,,,,,,,,,,,,,,,,,,,,,,,,,,
,,,,,,,,,,,,,,,,,,,,,,,,,,,,,,,,,287659,001,2024-02-20_16h22.30.686,experiment,2023.2.3,Win32,59.52380952,63d00e3cea3280c3ed8a340c,65d4ce4bfe04d08c28397785,65d4d1a3bf805f04e491a04b,,,,,,,,,,,,,,,,,,,,,,,,,,,,,,,,,,,,,,,,,,,,,,,,,,,2,,,,,,,,,,,,,,,,,,,,,s,0.6149,,space,0.4453,,2,brown_gnomes,2,7,bright_forest,red_basket,red_gnome,2,9,dark_forest,yellow_basket,7,0,0,1,brown_gnomes,bright_forest,red_basket,357,0,1,32,0,64,1,1,,,,,,,,,,,,,,,,,,,,,,,,,,,,,,,,,,,,,,,,,,,,,,,,,,,,,,,,,,,,,,,,,,,,,,,,,,,,,,,,,,,,,,,,,,,,,,,,,,,,,,,,,,,,,
,,,,,,,,,,,,,,,,,,,,,,,,,,,,,,,,,287659,001,2024-02-20_16h22.30.686,experiment,2023.2.3,Win32,59.52380952,63d00e3cea3280c3ed8a340c,65d4ce4bfe04d08c28397785,65d4d1a3bf805f04e491a04b,,,,,,,,,,,,,,,,,,,,,,,,,,,,,,,,,,,,,,,,,,,,,,,,,,,2,,,,,,,,,,,,,,,,,,,,,k,0.5858,,space,0.4622,,2,red_gnome,2,8,dark_forest,yellow_basket,brown_gnomes,2,7,bright_forest,red_basket,7,0,0,1,brown_gnomes,bright_forest,red_basket,364,5,-3,32,1,65,1,1,,,,,,,,,,,,,,,,,,,,,,,,,,,,,,,,,,,,,,,,,,,,,,,,,,,,,,,,,,,,,,,,,,,,,,,,,,,,,,,,,,,,,,,,,,,,,,,,,,,,,,,,,,,,,
,,,,,,,,,,,,,,,,,,,,,,,,,,,,,,,,,287659,001,2024-02-20_16h22.30.686,experiment,2023.2.3,Win32,59.52380952,63d00e3cea3280c3ed8a340c,65d4ce4bfe04d08c28397785,65d4d1a3bf805f04e491a04b,,,,,,,,,,,,,,,,,,,,,,,,,,,,,,,,,,,,,,,,,,,,,,,,,,,2,,,,,,,,,,,,,,,,,,,,,s,0.7037,,space,0.4801,,2,brown_gnomes,2,6,bright_forest,red_basket,red_gnome,2,5,dark_forest,yellow_basket,6,0,0,1,brown_gnomes,bright_forest,red_basket,370,1,-2,33,0,66,1,1,,,,,,,,,,,,,,,,,,,,,,,,,,,,,,,,,,,,,,,,,,,,,,,,,,,,,,,,,,,,,,,,,,,,,,,,,,,,,,,,,,,,,,,,,,,,,,,,,,,,,,,,,,,,,
,,,,,,,,,,,,,,,,,,,,,,,,,,,,,,,,,287659,001,2024-02-20_16h22.30.686,experiment,2023.2.3,Win32,59.52380952,63d00e3cea3280c3ed8a340c,65d4ce4bfe04d08c28397785,65d4d1a3bf805f04e491a04b,,,,,,,,,,,,,,,,,,,,,,,,,,,,,,,,,,,,,,,,,,,,,,,,,,,2,,,,,,,,,,,,,,,,,,,,,s,0.52,,space,0.8461,,2,brown_gnomes,2,7,bright_forest,red_basket,red_gnome,2,3,dark_forest,yellow_basket,7,0,0,1,brown_gnomes,bright_forest,red_basket,377,-2,1,33,1,67,1,1,,,,,,,,,,,,,,,,,,,,,,,,,,,,,,,,,,,,,,,,,,,,,,,,,,,,,,,,,,,,,,,,,,,,,,,,,,,,,,,,,,,,,,,,,,,,,,,,,,,,,,,,,,,,,
,,,,,,,,,,,,,,,,,,,,,,,,,,,,,,,,,287659,001,2024-02-20_16h22.30.686,experiment,2023.2.3,Win32,59.52380952,63d00e3cea3280c3ed8a340c,65d4ce4bfe04d08c28397785,65d4d1a3bf805f04e491a04b,,,,,,,,,,,,,,,,,,,,,,,,,,,,,,,,,,,,,,,,,,,,,,,,,,,2,,,,,,,,,,,,,,,,,,,,,s,0.4528,,space,0.3035,,2,brown_gnomes,2,5,bright_forest,red_basket,red_gnome,2,4,dark_forest,yellow_basket,5,0,0,1,brown_gnomes,bright_forest,red_basket,382,-1,1,34,0,68,1,1,,,,,,,,,,,,,,,,,,,,,,,,,,,,,,,,,,,,,,,,,,,,,,,,,,,,,,,,,,,,,,,,,,,,,,,,,,,,,,,,,,,,,,,,,,,,,,,,,,,,,,,,,,,,,
,,,,,,,,,,,,,,,,,,,,,,,,,,,,,,,,,287659,001,2024-02-20_16h22.30.686,experiment,2023.2.3,Win32,59.52380952,63d00e3cea3280c3ed8a340c,65d4ce4bfe04d08c28397785,65d4d1a3bf805f04e491a04b,,,,,,,,,,,,,,,,,,,,,,,,,,,,,,,,,,,,,,,,,,,,,,,,,,,1,,,,,,,,,,,,,,,,,,,,,s,0.447,,space,0.7021,,1,purple_gnome,1,4,bright_forest,red_basket,green_gnome,1,5,dark_forest,yellow_basket,4,0,0,1,purple_gnome,bright_forest,red_basket,386,2,2,34,1,69,0,1,,,,,,,,,,,,,,,,,,,,,,,,,,,,,,,,,,,,,,,,,,,,,,,,,,,,,,,,,,,,,,,,,,,,,,,,,,,,,,,,,,,,,,,,,,,,,,,,,,,,,,,,,,,,,
,,,,,,,,,,,,,,,,,,,,,,,,,,,,,,,,,287659,001,2024-02-20_16h22.30.686,experiment,2023.2.3,Win32,59.52380952,63d00e3cea3280c3ed8a340c,65d4ce4bfe04d08c28397785,65d4d1a3bf805f04e491a04b,,,,,,,,,,,,,,,,,,,,,,,,,,,,,,,,,,,,,,,,,,,,,,,,,,,2,,,,,,,,,,,,,,,,,,,,,k,0.4691,,space,0.3318,,2,red_gnome,2,7,dark_forest,yellow_basket,brown_gnomes,2,6,bright_forest,red_basket,6,0,0,1,brown_gnomes,bright_forest,red_basket,392,-1,0,35,0,70,1,1,,,,,,,,,,,,,,,,,,,,,,,,,,,,,,,,,,,,,,,,,,,,,,,,,,,,,,,,,,,,,,,,,,,,,,,,,,,,,,,,,,,,,,,,,,,,,,,,,,,,,,,,,,,,,
,,,,,,,,,,,,,,,,,,,,,,,,,,,,,,,,,287659,001,2024-02-20_16h22.30.686,experiment,2023.2.3,Win32,59.52380952,63d00e3cea3280c3ed8a340c,65d4ce4bfe04d08c28397785,65d4d1a3bf805f04e491a04b,,,,,,,,,,,,,,,,,,,,,,,,,,,,,,,,,,,,,,,,,,,,,,,,,,,1,,,,,,,,,,,,,,,,,,,,,k,0.4456,,space,0.4052,,1,green_gnome,1,7,dark_forest,yellow_basket,purple_gnome,1,5,bright_forest,red_basket,5,0,0,1,purple_gnome,bright_forest,red_basket,397,-1,-1,35,1,71,0,1,,,,,,,,,,,,,,,,,,,,,,,,,,,,,,,,,,,,,,,,,,,,,,,,,,,,,,,,,,,,,,,,,,,,,,,,,,,,,,,,,,,,,,,,,,,,,,,,,,,,,,,,,,,,,
,,,,,,,,,,,,,,,,,,,,,,,,,,,,,,,,,287659,001,2024-02-20_16h22.30.686,experiment,2023.2.3,Win32,59.52380952,63d00e3cea3280c3ed8a340c,65d4ce4bfe04d08c28397785,65d4d1a3bf805f04e491a04b,,,,,,,,,,,,,,,,,,,,,,,,,,,,,,,,,,,,,,,,,,,,,,,,,,,2,,,,,,,,,,,,,,,,,,,,,k,0.6195,,space,0.2946,,2,brown_gnomes,2,4,bright_forest,red_basket,red_gnome,2,6,dark_forest,yellow_basket,6,0,0,1,red_gnome,dark_forest,yellow_basket,403,3,3,36,0,72,1,1,,,,,,,,,,,,,,,,,,,,,,,,,,,,,,,,,,,,,,,,,,,,,,,,,,,,,,,,,,,,,,,,,,,,,,,,,,,,,,,,,,,,,,,,,,,,,,,,,,,,,,,,,,,,,
,,,,,,,,,,,,,,,,,,,,,,,,,,,,,,,,,287659,001,2024-02-20_16h22.30.686,experiment,2023.2.3,Win32,59.52380952,63d00e3cea3280c3ed8a340c,65d4ce4bfe04d08c28397785,65d4d1a3bf805f04e491a04b,,,,,,,,,,,,,,,,,,,,,,,,,,,,,,,,,,,,,,,,,,,,,,,,,,,1,,,,,,,,,,,,,,,,,,,,,k,0.4518,,space,0.3539,,1,green_gnome,1,9,dark_forest,yellow_basket,purple_gnome,1,7,bright_forest,red_basket,7,0,0,1,purple_gnome,bright_forest,red_basket,410,2,1,36,1,73,0,1,,,,,,,,,,,,,,,,,,,,,,,,,,,,,,,,,,,,,,,,,,,,,,,,,,,,,,,,,,,,,,,,,,,,,,,,,,,,,,,,,,,,,,,,,,,,,,,,,,,,,,,,,,,,,
,,,,,,,,,,,,,,,,,,,,,,,,,,,,,,,,,287659,001,2024-02-20_16h22.30.686,experiment,2023.2.3,Win32,59.52380952,63d00e3cea3280c3ed8a340c,65d4ce4bfe04d08c28397785,65d4d1a3bf805f04e491a04b,,,,,,,,,,,,,,,,,,,,,,,,,,,,,,,,,,,,,,,,,,,,,,,,,,,1,,,,,,,,,,,,,,,,,,,,,s,0.4655,,space,0.341,,1,purple_gnome,1,9,bright_forest,red_basket,green_gnome,1,8,dark_forest,yellow_basket,9,0,0,1,purple_gnome,bright_forest,red_basket,419,1,1,37,0,74,0,1,,,,,,,,,,,,,,,,,,,,,,,,,,,,,,,,,,,,,,,,,,,,,,,,,,,,,,,,,,,,,,,,,,,,,,,,,,,,,,,,,,,,,,,,,,,,,,,,,,,,,,,,,,,,,
,,,,,,,,,,,,,,,,,,,,,,,,,,,,,,,,,287659,001,2024-02-20_16h22.30.686,experiment,2023.2.3,Win32,59.52380952,63d00e3cea3280c3ed8a340c,65d4ce4bfe04d08c28397785,65d4d1a3bf805f04e491a04b,,,,,,,,,,,,,,,,,,,,,,,,,,,,,,,,,,,,,,,,,,,,,,,,,,,2,,,,,,,,,,,,,,,,,,,,,s,0.5554,,space,0.5691,,2,brown_gnomes,2,8,bright_forest,red_basket,red_gnome,2,9,dark_forest,yellow_basket,8,0,0,1,brown_gnomes,bright_forest,red_basket,427,0,-4,37,1,75,1,1,,,,,,,,,,,,,,,,,,,,,,,,,,,,,,,,,,,,,,,,,,,,,,,,,,,,,,,,,,,,,,,,,,,,,,,,,,,,,,,,,,,,,,,,,,,,,,,,,,,,,,,,,,,,,
,,,,,,,,,,,,,,,,,,,,,,,,,,,,,,,,,287659,001,2024-02-20_16h22.30.686,experiment,2023.2.3,Win32,59.52380952,63d00e3cea3280c3ed8a340c,65d4ce4bfe04d08c28397785,65d4d1a3bf805f04e491a04b,,,,,,,,,,,,,,,,,,,,,,,,,,,,,,,,,,,,,,,,,,,,,,,,,,,1,,,,,,,,,,,,,,,,,,,,,s,0.5118,,space,0.4685,,1,purple_gnome,1,8,bright_forest,red_basket,green_gnome,1,5,dark_forest,yellow_basket,8,0,0,1,purple_gnome,bright_forest,red_basket,435,1,2,38,0,76,0,1,,,,,,,,,,,,,,,,,,,,,,,,,,,,,,,,,,,,,,,,,,,,,,,,,,,,,,,,,,,,,,,,,,,,,,,,,,,,,,,,,,,,,,,,,,,,,,,,,,,,,,,,,,,,,
,,,,,,,,,,,,,,,,,,,,,,,,,,,,,,,,,287659,001,2024-02-20_16h22.30.686,experiment,2023.2.3,Win32,59.52380952,63d00e3cea3280c3ed8a340c,65d4ce4bfe04d08c28397785,65d4d1a3bf805f04e491a04b,,,,,,,,,,,,,,,,,,,,,,,,,,,,,,,,,,,,,,,,,,,,,,,,,,,2,,,,,,,,,,,,,,,,,,,,,k,0.4531,,space,0.4955,,2,red_gnome,2,7,dark_forest,yellow_basket,brown_gnomes,2,9,bright_forest,red_basket,9,0,0,1,brown_gnomes,bright_forest,red_basket,444,1,-2,38,1,77,1,1,,,,,,,,,,,,,,,,,,,,,,,,,,,,,,,,,,,,,,,,,,,,,,,,,,,,,,,,,,,,,,,,,,,,,,,,,,,,,,,,,,,,,,,,,,,,,,,,,,,,,,,,,,,,,
,,,,,,,,,,,,,,,,,,,,,,,,,,,,,,,,,287659,001,2024-02-20_16h22.30.686,experiment,2023.2.3,Win32,59.52380952,63d00e3cea3280c3ed8a340c,65d4ce4bfe04d08c28397785,65d4d1a3bf805f04e491a04b,,,,,,,,,,,,,,,,,,,,,,,,,,,,,,,,,,,,,,,,,,,,,,,,,,,1,,,,,,,,,,,,,,,,,,,,,s,0.4788,,space,0.299,,1,purple_gnome,1,8,bright_forest,red_basket,green_gnome,1,5,dark_forest,yellow_basket,8,0,0,1,purple_gnome,bright_forest,red_basket,452,0,0,39,0,78,0,1,,,,,,,,,,,,,,,,,,,,,,,,,,,,,,,,,,,,,,,,,,,,,,,,,,,,,,,,,,,,,,,,,,,,,,,,,,,,,,,,,,,,,,,,,,,,,,,,,,,,,,,,,,,,,
,,,,,,,,,,,,,,,,,,,,,,,,,,,,,,,,,287659,001,2024-02-20_16h22.30.686,experiment,2023.2.3,Win32,59.52380952,63d00e3cea3280c3ed8a340c,65d4ce4bfe04d08c28397785,65d4d1a3bf805f04e491a04b,,,,,,,,,,,,,,,,,,,,,,,,,,,,,,,,,,,,,,,,,,,,,,,,,,,2,,,,,,,,,,,,,,,,,,,,,s,0.4102,,space,0.1121,,2,brown_gnomes,2,8,bright_forest,red_basket,red_gnome,2,5,dark_forest,yellow_basket,8,0,0,1,brown_gnomes,bright_forest,red_basket,460,3,1,39,1,79,1,1,,,,,,,,,,,,,,,,,,,,,,,,,,,,,,,,,,,,,,,,,,,,,,,,,,,,,,,,,,,,,,,,,,,,,,,,,,,,,,,,,,,,,,,,,,,,,,,,,,,,,,,,,,,,,
,,,,,,,,,,,,,,,,,,,,,,,,,,,,,,,,,287659,001,2024-02-20_16h22.30.686,experiment,2023.2.3,Win32,59.52380952,63d00e3cea3280c3ed8a340c,65d4ce4bfe04d08c28397785,65d4d1a3bf805f04e491a04b,,,,,,,,,,,,,,,,,,,,,,,,,,,,,,,,,,,,,,,,,,,,,,,,,,,1,,,,,,,,,,,,,,,,,,,,,s,0.5729,,space,0.4749,,1,purple_gnome,1,7,bright_forest,red_basket,green_gnome,1,6,dark_forest,yellow_basket,7,0,0,1,purple_gnome,bright_forest,red_basket,467,3,1,40,0,80,0,1,,,,,,,,,,,,,,,,,,,,,,,,,,,,,,,,,,,,,,,,,,,,,,,,,,,,,,,,,,,,,,,,,,,,,,,,,,,,,,,,,,,,,,,,,,,,,,,,,,,,,,,,,,,,,
,,,,,,,,,,,,,,,,,,,,,,,,,,,,,,,,,287659,001,2024-02-20_16h22.30.686,experiment,2023.2.3,Win32,59.52380952,63d00e3cea3280c3ed8a340c,65d4ce4bfe04d08c28397785,65d4d1a3bf805f04e491a04b,,,,,,,,,,,,,,,,,,,,,,,,,,,,,,,,,,,,,,,,,,,,,,,,,,,1,,,,,,,,,,,,,,,,,,,,,k,0.4733,,space,0.5744,,1,green_gnome,1,7,dark_forest,yellow_basket,purple_gnome,1,8,bright_forest,red_basket,8,0,0,1,purple_gnome,bright_forest,red_basket,475,0,-1,40,1,81,0,1,,,,,,,,,,,,,,,,,,,,,,,,,,,,,,,,,,,,,,,,,,,,,,,,,,,,,,,,,,,,,,,,,,,,,,,,,,,,,,,,,,,,,,,,,,,,,,,,,,,,,,,,,,,,,
,,,,,,,,,,,,,,,,,,,,,,,,,,,,,,,,,287659,001,2024-02-20_16h22.30.686,experiment,2023.2.3,Win32,59.52380952,63d00e3cea3280c3ed8a340c,65d4ce4bfe04d08c28397785,65d4d1a3bf805f04e491a04b,,,,,,,,,,,,,,,,,,,,,,,,,,,,,,,,,,,,,,,,,,,,,,,,,,,2,,,,,,,,,,,,,,,,,,,,,s,0.5571,,space,0.4014,,2,brown_gnomes,2,8,bright_forest,red_basket,red_gnome,2,6,dark_forest,yellow_basket,8,0,0,1,brown_gnomes,bright_forest,red_basket,483,-5,1,41,0,82,1,1,,,,,,,,,,,,,,,,,,,,,,,,,,,,,,,,,,,,,,,,,,,,,,,,,,,,,,,,,,,,,,,,,,,,,,,,,,,,,,,,,,,,,,,,,,,,,,,,,,,,,,,,,,,,,
,,,,,,,,,,,,,,,,,,,,,,,,,,,,,,,,,287659,001,2024-02-20_16h22.30.686,experiment,2023.2.3,Win32,59.52380952,63d00e3cea3280c3ed8a340c,65d4ce4bfe04d08c28397785,65d4d1a3bf805f04e491a04b,,,,,,,,,,,,,,,,,,,,,,,,,,,,,,,,,,,,,,,,,,,,,,,,,,,2,,,,,,,,,,,,,,,,,,,,,s,0.4644,,space,0.3598,,2,brown_gnomes,2,3,bright_forest,red_basket,red_gnome,2,7,dark_forest,yellow_basket,3,0,0,1,brown_gnomes,bright_forest,red_basket,486,0,1,41,1,83,1,1,,,,,,,,,,,,,,,,,,,,,,,,,,,,,,,,,,,,,,,,,,,,,,,,,,,,,,,,,,,,,,,,,,,,,,,,,,,,,,,,,,,,,,,,,,,,,,,,,,,,,,,,,,,,,
,,,,,,,,,,,,,,,,,,,,,,,,,,,,,,,,,287659,001,2024-02-20_16h22.30.686,experiment,2023.2.3,Win32,59.52380952,63d00e3cea3280c3ed8a340c,65d4ce4bfe04d08c28397785,65d4d1a3bf805f04e491a04b,,,,,,,,,,,,,,,,,,,,,,,,,,,,,,,,,,,,,,,,,,,,,,,,,,,2,,,,,,,,,,,,,,,,,,,,,k,0.4286,,space,0.5956,,2,red_gnome,2,8,dark_forest,yellow_basket,brown_gnomes,2,3,bright_forest,red_basket,3,0,0,1,brown_gnomes,bright_forest,red_basket,489,-5,-1,42,0,84,1,1,,,,,,,,,,,,,,,,,,,,,,,,,,,,,,,,,,,,,,,,,,,,,,,,,,,,,,,,,,,,,,,,,,,,,,,,,,,,,,,,,,,,,,,,,,,,,,,,,,,,,,,,,,,,,
,,,,,,,,,,,,,,,,,,,,,,,,,,,,,,,,,287659,001,2024-02-20_16h22.30.686,experiment,2023.2.3,Win32,59.52380952,63d00e3cea3280c3ed8a340c,65d4ce4bfe04d08c28397785,65d4d1a3bf805f04e491a04b,,,,,,,,,,,,,,,,,,,,,,,,,,,,,,,,,,,,,,,,,,,,,,,,,,,2,,,,,,,,,,,,,,,,,,,,,s,0.4629,,space,0.3238,,2,brown_gnomes,2,2,bright_forest,red_basket,red_gnome,2,7,dark_forest,yellow_basket,2,0,0,1,brown_gnomes,bright_forest,red_basket,491,1,0,42,1,85,1,1,,,,,,,,,,,,,,,,,,,,,,,,,,,,,,,,,,,,,,,,,,,,,,,,,,,,,,,,,,,,,,,,,,,,,,,,,,,,,,,,,,,,,,,,,,,,,,,,,,,,,,,,,,,,,
,,,,,,,,,,,,,,,,,,,,,,,,,,,,,,,,,287659,001,2024-02-20_16h22.30.686,experiment,2023.2.3,Win32,59.52380952,63d00e3cea3280c3ed8a340c,65d4ce4bfe04d08c28397785,65d4d1a3bf805f04e491a04b,,,,,,,,,,,,,,,,,,,,,,,,,,,,,,,,,,,,,,,,,,,,,,,,,,,1,,,,,,,,,,,,,,,,,,,,,k,0.8906,,space,0.091,,1,purple_gnome,1,3,bright_forest,red_basket,green_gnome,1,7,dark_forest,yellow_basket,7,0,0,1,green_gnome,dark_forest,yellow_basket,498,-2,4,43,0,86,0,1,,,,,,,,,,,,,,,,,,,,,,,,,,,,,,,,,,,,,,,,,,,,,,,,,,,,,,,,,,,,,,,,,,,,,,,,,,,,,,,,,,,,,,,,,,,,,,,,,,,,,,,,,,,,,
,,,,,,,,,,,,,,,,,,,,,,,,,,,,,,,,,287659,001,2024-02-20_16h22.30.686,experiment,2023.2.3,Win32,59.52380952,63d00e3cea3280c3ed8a340c,65d4ce4bfe04d08c28397785,65d4d1a3bf805f04e491a04b,,,,,,,,,,,,,,,,,,,,,,,,,,,,,,,,,,,,,,,,,,,,,,,,,,,1,,,,,,,,,,,,,,,,,,,,,s,0.6699,,space,0.3306,,1,purple_gnome,1,1,bright_forest,red_basket,green_gnome,1,7,dark_forest,yellow_basket,1,0,0,1,purple_gnome,bright_forest,red_basket,499,-4,3,43,1,87,0,1,,,,,,,,,,,,,,,,,,,,,,,,,,,,,,,,,,,,,,,,,,,,,,,,,,,,,,,,,,,,,,,,,,,,,,,,,,,,,,,,,,,,,,,,,,,,,,,,,,,,,,,,,,,,,
,,,,,,,,,,,,,,,,,,,,,,,,,,,,,,,,,287659,001,2024-02-20_16h22.30.686,experiment,2023.2.3,Win32,59.52380952,63d00e3cea3280c3ed8a340c,65d4ce4bfe04d08c28397785,65d4d1a3bf805f04e491a04b,,,,,,,,,,,,,,,,,,,,,,,,,,,,,,,,,,,,,,,,,,,,,,,,,,,2,,,,,,,,,,,,,,,,,,,,,s,0.69,,space,0.331,,2,brown_gnomes,2,3,bright_forest,red_basket,red_gnome,2,8,dark_forest,yellow_basket,3,0,0,1,brown_gnomes,bright_forest,red_basket,502,-4,-2,44,0,88,1,1,,,,,,,,,,,,,,,,,,,,,,,,,,,,,,,,,,,,,,,,,,,,,,,,,,,,,,,,,,,,,,,,,,,,,,,,,,,,,,,,,,,,,,,,,,,,,,,,,,,,,,,,,,,,,
,,,,,,,,,,,,,,,,,,,,,,,,,,,,,,,,,287659,001,2024-02-20_16h22.30.686,experiment,2023.2.3,Win32,59.52380952,63d00e3cea3280c3ed8a340c,65d4ce4bfe04d08c28397785,65d4d1a3bf805f04e491a04b,,,,,,,,,,,,,,,,,,,,,,,,,,,,,,,,,,,,,,,,,,,,,,,,,,,1,,,,,,,,,,,,,,,,,,,,,k,0.4368,,space,0.2746,,1,green_gnome,1,6,dark_forest,yellow_basket,purple_gnome,1,1,bright_forest,red_basket,1,0,0,1,purple_gnome,bright_forest,red_basket,503,0,-2,44,1,89,0,1,,,,,,,,,,,,,,,,,,,,,,,,,,,,,,,,,,,,,,,,,,,,,,,,,,,,,,,,,,,,,,,,,,,,,,,,,,,,,,,,,,,,,,,,,,,,,,,,,,,,,,,,,,,,,
,,,,,,,,,,,,,,,,,,,,,,,,,,,,,,,,,287659,001,2024-02-20_16h22.30.686,experiment,2023.2.3,Win32,59.52380952,63d00e3cea3280c3ed8a340c,65d4ce4bfe04d08c28397785,65d4d1a3bf805f04e491a04b,,,,,,,,,,,,,,,,,,,,,,,,,,,,,,,,,,,,,,,,,,,,,,,,,,,2,,,,,,,,,,,,,,,,,,,,,k,0.6332,,space,0.3146,,2,brown_gnomes,2,1,bright_forest,red_basket,red_gnome,2,4,dark_forest,yellow_basket,4,0,0,1,red_gnome,dark_forest,yellow_basket,507,-1,3,45,0,90,1,1,,,,,,,,,,,,,,,,,,,,,,,,,,,,,,,,,,,,,,,,,,,,,,,,,,,,,,,,,,,,,,,,,,,,,,,,,,,,,,,,,,,,,,,,,,,,,,,,,,,,,,,,,,,,,
,,,,,,,,,,,,,,,,,,,,,,,,,,,,,,,,,287659,001,2024-02-20_16h22.30.686,experiment,2023.2.3,Win32,59.52380952,63d00e3cea3280c3ed8a340c,65d4ce4bfe04d08c28397785,65d4d1a3bf805f04e491a04b,,,,,,,,,,,,,,,,,,,,,,,,,,,,,,,,,,,,,,,,,,,,,,,,,,,2,,,,,,,,,,,,,,,,,,,,,k,0.5472,,space,0.3944,,2,brown_gnomes,2,0,bright_forest,red_basket,red_gnome,2,7,dark_forest,yellow_basket,7,0,0,1,red_gnome,dark_forest,yellow_basket,514,0,-1,45,1,91,1,1,,,,,,,,,,,,,,,,,,,,,,,,,,,,,,,,,,,,,,,,,,,,,,,,,,,,,,,,,,,,,,,,,,,,,,,,,,,,,,,,,,,,,,,,,,,,,,,,,,,,,,,,,,,,,
,,,,,,,,,,,,,,,,,,,,,,,,,,,,,,,,,287659,001,2024-02-20_16h22.30.686,experiment,2023.2.3,Win32,59.52380952,63d00e3cea3280c3ed8a340c,65d4ce4bfe04d08c28397785,65d4d1a3bf805f04e491a04b,,,,,,,,,,,,,,,,,,,,,,,,,,,,,,,,,,,,,,,,,,,,,,,,,,,1,,,,,,,,,,,,,,,,,,,,,s,0.8401,,space,0.3963,,1,purple_gnome,1,0,bright_forest,red_basket,green_gnome,1,6,dark_forest,yellow_basket,0,0,0,1,purple_gnome,bright_forest,red_basket,514,-5,1,46,0,92,0,1,,,,,,,,,,,,,,,,,,,,,,,,,,,,,,,,,,,,,,,,,,,,,,,,,,,,,,,,,,,,,,,,,,,,,,,,,,,,,,,,,,,,,,,,,,,,,,,,,,,,,,,,,,,,,
,,,,,,,,,,,,,,,,,,,,,,,,,,,,,,,,,287659,001,2024-02-20_16h22.30.686,experiment,2023.2.3,Win32,59.52380952,63d00e3cea3280c3ed8a340c,65d4ce4bfe04d08c28397785,65d4d1a3bf805f04e491a04b,,,,,,,,,,,,,,,,,,,,,,,,,,,,,,,,,,,,,,,,,,,,,,,,,,,1,,,,,,,,,,,,,,,,,,,,,k,0.5624,,space,0.6264,,1,purple_gnome,1,5,bright_forest,red_basket,green_gnome,1,7,dark_forest,yellow_basket,7,0,0,1,green_gnome,dark_forest,yellow_basket,521,-2,2,46,1,93,0,1,,,,,,,,,,,,,,,,,,,,,,,,,,,,,,,,,,,,,,,,,,,,,,,,,,,,,,,,,,,,,,,,,,,,,,,,,,,,,,,,,,,,,,,,,,,,,,,,,,,,,,,,,,,,,
,,,,,,,,,,,,,,,,,,,,,,,,,,,,,,,,,287659,001,2024-02-20_16h22.30.686,experiment,2023.2.3,Win32,59.52380952,63d00e3cea3280c3ed8a340c,65d4ce4bfe04d08c28397785,65d4d1a3bf805f04e491a04b,,,,,,,,,,,,,,,,,,,,,,,,,,,,,,,,,,,,,,,,,,,,,,,,,,,1,,,,,,,,,,,,,,,,,,,,,k,0.511,,space,0.4534,,1,purple_gnome,1,3,bright_forest,red_basket,green_gnome,1,9,dark_forest,yellow_basket,9,0,0,1,green_gnome,dark_forest,yellow_basket,530,-1,-2,47,0,94,0,1,,,,,,,,,,,,,,,,,,,,,,,,,,,,,,,,,,,,,,,,,,,,,,,,,,,,,,,,,,,,,,,,,,,,,,,,,,,,,,,,,,,,,,,,,,,,,,,,,,,,,,,,,,,,,
,,,,,,,,,,,,,,,,,,,,,,,,,,,,,,,,,287659,001,2024-02-20_16h22.30.686,experiment,2023.2.3,Win32,59.52380952,63d00e3cea3280c3ed8a340c,65d4ce4bfe04d08c28397785,65d4d1a3bf805f04e491a04b,,,,,,,,,,,,,,,,,,,,,,,,,,,,,,,,,,,,,,,,,,,,,,,,,,,1,,,,,,,,,,,,,,,,,,,,,s,0.4894,,space,0.3319,,1,green_gnome,1,7,dark_forest,yellow_basket,purple_gnome,1,2,bright_forest,red_basket,7,0,0,1,green_gnome,dark_forest,yellow_basket,537,-1,0,47,1,95,0,1,,,,,,,,,,,,,,,,,,,,,,,,,,,,,,,,,,,,,,,,,,,,,,,,,,,,,,,,,,,,,,,,,,,,,,,,,,,,,,,,,,,,,,,,,,,,,,,,,,,,,,,,,,,,,
,,,,,,,,,,,,,,,,,,,,,,,,,,,,,,,,,287659,001,2024-02-20_16h22.30.686,experiment,2023.2.3,Win32,59.52380952,63d00e3cea3280c3ed8a340c,65d4ce4bfe04d08c28397785,65d4d1a3bf805f04e491a04b,,,,,,,,,,,,,,,,,,,,,,,,,,,,,,,,,,,,,,,,,,,,,,,,,,,2,,,,,,,,,,,,,,,,,,,,,s,0.5257,,space,0.6837,,2,red_gnome,2,7,dark_forest,yellow_basket,brown_gnomes,2,1,bright_forest,red_basket,7,0,0,1,red_gnome,dark_forest,yellow_basket,544,5,2,48,0,96,1,1,,,,,,,,,,,,,,,,,,,,,,,,,,,,,,,,,,,,,,,,,,,,,,,,,,,,,,,,,,,,,,,,,,,,,,,,,,,,,,,,,,,,,,,,,,,,,,,,,,,,,,,,,,,,,
,,,,,,,,,,,,,,,,,,,,,,,,,,,,,,,,,287659,001,2024-02-20_16h22.30.686,experiment,2023.2.3,Win32,59.52380952,63d00e3cea3280c3ed8a340c,65d4ce4bfe04d08c28397785,65d4d1a3bf805f04e491a04b,,,,,,,,,,,,,,,,,,,,,,,,,,,,,,,,,,,,,,,,,,,,,,,,,,,2,,,,,,,,,,,,,,,,,,,,,k,0.7368,,space,0.3927,,2,red_gnome,2,9,dark_forest,yellow_basket,brown_gnomes,2,6,bright_forest,red_basket,6,0,0,1,brown_gnomes,bright_forest,red_basket,550,1,-4,48,1,97,1,1,,,,,,,,,,,,,,,,,,,,,,,,,,,,,,,,,,,,,,,,,,,,,,,,,,,,,,,,,,,,,,,,,,,,,,,,,,,,,,,,,,,,,,,,,,,,,,,,,,,,,,,,,,,,,
,,,,,,,,,,,,,,,,,,,,,,,,,,,,,,,,,287659,001,2024-02-20_16h22.30.686,experiment,2023.2.3,Win32,59.52380952,63d00e3cea3280c3ed8a340c,65d4ce4bfe04d08c28397785,65d4d1a3bf805f04e491a04b,,,,,,,,,,,,,,,,,,,,,,,,,,,,,,,,,,,,,,,,,,,,,,,,,,,1,,,,,,,,,,,,,,,,,,,,,s,0.6372,,space,0.2991,,1,green_gnome,1,5,dark_forest,yellow_basket,purple_gnome,1,7,bright_forest,red_basket,5,0,0,1,green_gnome,dark_forest,yellow_basket,555,2,-3,49,0,98,0,1,,,,,,,,,,,,,,,,,,,,,,,,,,,,,,,,,,,,,,,,,,,,,,,,,,,,,,,,,,,,,,,,,,,,,,,,,,,,,,,,,,,,,,,,,,,,,,,,,,,,,,,,,,,,,
,,,,,,,,,,,,,,,,,,,,,,,,,,,,,,,,,287659,001,2024-02-20_16h22.30.686,experiment,2023.2.3,Win32,59.52380952,63d00e3cea3280c3ed8a340c,65d4ce4bfe04d08c28397785,65d4d1a3bf805f04e491a04b,,,,,,,,,,,,,,,,,,,,,,,,,,,,,,,,,,,,,,,,,,,,,,,,,,,1,,,,,,,,,,,,,,,,,,,,,s,0.4957,,space,0.3749,,1,purple_gnome,1,9,bright_forest,red_basket,green_gnome,1,2,dark_forest,yellow_basket,9,0,0,1,purple_gnome,bright_forest,red_basket,564,-1,1,49,1,99,0,1,,,,,,,,,,,,,,,,,,,,,,,,,,,,,,,,,,,,,,,,,,,,,,,,,,,,,,,,,,,,,,,,,,,,,,,,,,,,,,,,,,,,,,,,,,,,,,,,,,,,,,,,,,,,,
,,,,,,,,,,,,,,,,,,,,,,,,,,,,,,,,,287659,001,2024-02-20_16h22.30.686,experiment,2023.2.3,Win32,59.52380952,63d00e3cea3280c3ed8a340c,65d4ce4bfe04d08c28397785,65d4d1a3bf805f04e491a04b,,,,,,,,,,,,,,,,,,,,,,,,,,,,,,,,,,,,,,,,,,,,,,,,,,,1,,,,,,,,,,,,,,,,,,,,,s,0.4865,,space,0.3379,,1,purple_gnome,1,8,bright_forest,red_basket,green_gnome,1,3,dark_forest,yellow_basket,8,0,0,1,purple_gnome,bright_forest,red_basket,572,3,-1,50,0,100,0,1,,,,,,,,,,,,,,,,,,,,,,,,,,,,,,,,,,,,,,,,,,,,,,,,,,,,,,,,,,,,,,,,,,,,,,,,,,,,,,,,,,,,,,,,,,,,,,,,,,,,,,,,,,,,,
,,,,,,,,,,,,,,,,,,,,,,,,,,,,,,,,,287659,001,2024-02-20_16h22.30.686,experiment,2023.2.3,Win32,59.52380952,63d00e3cea3280c3ed8a340c,65d4ce4bfe04d08c28397785,65d4d1a3bf805f04e491a04b,,,,,,,,,,,,,,,,,,,,,,,,,,,,,,,,,,,,,,,,,,,,,,,,,,,1,,,,,,,,,,,,,,,,,,,,,s,0.4075,,space,0.3425,,1,purple_gnome,1,7,bright_forest,red_basket,green_gnome,1,2,dark_forest,yellow_basket,7,0,0,1,purple_gnome,bright_forest,red_basket,579,-2,-1,50,1,101,0,1,,,,,,,,,,,,,,,,,,,,,,,,,,,,,,,,,,,,,,,,,,,,,,,,,,,,,,,,,,,,,,,,,,,,,,,,,,,,,,,,,,,,,,,,,,,,,,,,,,,,,,,,,,,,,
,,,,,,,,,,,,,,,,,,,,,,,,,,,,,,,,,287659,001,2024-02-20_16h22.30.686,experiment,2023.2.3,Win32,59.52380952,63d00e3cea3280c3ed8a340c,65d4ce4bfe04d08c28397785,65d4d1a3bf805f04e491a04b,,,,,,,,,,,,,,,,,,,,,,,,,,,,,,,,,,,,,,,,,,,,,,,,,,,1,,,,,,,,,,,,,,,,,,,,,s,0.395,,space,0.359,,1,purple_gnome,1,5,bright_forest,red_basket,green_gnome,1,1,dark_forest,yellow_basket,5,0,0,1,purple_gnome,bright_forest,red_basket,584,0,-2,51,0,102,0,1,,,,,,,,,,,,,,,,,,,,,,,,,,,,,,,,,,,,,,,,,,,,,,,,,,,,,,,,,,,,,,,,,,,,,,,,,,,,,,,,,,,,,,,,,,,,,,,,,,,,,,,,,,,,,
,,,,,,,,,,,,,,,,,,,,,,,,,,,,,,,,,287659,001,2024-02-20_16h22.30.686,experiment,2023.2.3,Win32,59.52380952,63d00e3cea3280c3ed8a340c,65d4ce4bfe04d08c28397785,65d4d1a3bf805f04e491a04b,,,,,,,,,,,,,,,,,,,,,,,,,,,,,,,,,,,,,,,,,,,,,,,,,,,1,,,,,,,,,,,,,,,,,,,,,s,0.4047,,space,0.6664,,1,purple_gnome,1,5,bright_forest,red_basket,green_gnome,1,1,dark_forest,yellow_basket,5,0,0,1,purple_gnome,bright_forest,red_basket,589,0,-1,51,1,103,0,1,,,,,,,,,,,,,,,,,,,,,,,,,,,,,,,,,,,,,,,,,,,,,,,,,,,,,,,,,,,,,,,,,,,,,,,,,,,,,,,,,,,,,,,,,,,,,,,,,,,,,,,,,,,,,
,,,,,,,,,,,,,,,,,,,,,,,,,,,,,,,,,287659,001,2024-02-20_16h22.30.686,experiment,2023.2.3,Win32,59.52380952,63d00e3cea3280c3ed8a340c,65d4ce4bfe04d08c28397785,65d4d1a3bf805f04e491a04b,,,,,,,,,,,,,,,,,,,,,,,,,,,,,,,,,,,,,,,,,,,,,,,,,,,2,,,,,,,,,,,,,,,,,,,,,s,0.4099,,space,0.3337,,2,red_gnome,2,0,dark_forest,yellow_basket,brown_gnomes,2,5,bright_forest,red_basket,0,0,0,1,red_gnome,dark_forest,yellow_basket,589,2,3,52,0,104,1,1,,,,,,,,,,,,,,,,,,,,,,,,,,,,,,,,,,,,,,,,,,,,,,,,,,,,,,,,,,,,,,,,,,,,,,,,,,,,,,,,,,,,,,,,,,,,,,,,,,,,,,,,,,,,,
,,,,,,,,,,,,,,,,,,,,,,,,,,,,,,,,,287659,001,2024-02-20_16h22.30.686,experiment,2023.2.3,Win32,59.52380952,63d00e3cea3280c3ed8a340c,65d4ce4bfe04d08c28397785,65d4d1a3bf805f04e491a04b,,,,,,,,,,,,,,,,,,,,,,,,,,,,,,,,,,,,,,,,,,,,,,,,,,,2,,,,,,,,,,,,,,,,,,,,,k,0.7083,,space,0.5636,,2,red_gnome,2,3,dark_forest,yellow_basket,brown_gnomes,2,7,bright_forest,red_basket,7,0,0,1,brown_gnomes,bright_forest,red_basket,596,-2,-3,52,1,105,1,1,,,,,,,,,,,,,,,,,,,,,,,,,,,,,,,,,,,,,,,,,,,,,,,,,,,,,,,,,,,,,,,,,,,,,,,,,,,,,,,,,,,,,,,,,,,,,,,,,,,,,,,,,,,,,
,,,,,,,,,,,,,,,,,,,,,,,,,,,,,,,,,287659,001,2024-02-20_16h22.30.686,experiment,2023.2.3,Win32,59.52380952,63d00e3cea3280c3ed8a340c,65d4ce4bfe04d08c28397785,65d4d1a3bf805f04e491a04b,,,,,,,,,,,,,,,,,,,,,,,,,,,,,,,,,,,,,,,,,,,,,,,,,,,2,,,,,,,,,,,,,,,,,,,,,s,0.5368,,space,0.3252,,2,brown_gnomes,2,5,bright_forest,red_basket,red_gnome,2,0,dark_forest,yellow_basket,5,0,0,1,brown_gnomes,bright_forest,red_basket,601,-1,-1,53,0,106,1,1,,,,,,,,,,,,,,,,,,,,,,,,,,,,,,,,,,,,,,,,,,,,,,,,,,,,,,,,,,,,,,,,,,,,,,,,,,,,,,,,,,,,,,,,,,,,,,,,,,,,,,,,,,,,,
,,,,,,,,,,,,,,,,,,,,,,,,,,,,,,,,,287659,001,2024-02-20_16h22.30.686,experiment,2023.2.3,Win32,59.52380952,63d00e3cea3280c3ed8a340c,65d4ce4bfe04d08c28397785,65d4d1a3bf805f04e491a04b,,,,,,,,,,,,,,,,,,,,,,,,,,,,,,,,,,,,,,,,,,,,,,,,,,,1,,,,,,,,,,,,,,,,,,,,,s,0.5309,,space,0.632,,1,purple_gnome,1,4,bright_forest,red_basket,green_gnome,1,1,dark_forest,yellow_basket,4,0,0,1,purple_gnome,bright_forest,red_basket,605,5,2,53,1,107,0,1,,,,,,,,,,,,,,,,,,,,,,,,,,,,,,,,,,,,,,,,,,,,,,,,,,,,,,,,,,,,,,,,,,,,,,,,,,,,,,,,,,,,,,,,,,,,,,,,,,,,,,,,,,,,,
,,,,,,,,,,,,,,,,,,,,,,,,,,,,,,,,,287659,001,2024-02-20_16h22.30.686,experiment,2023.2.3,Win32,59.52380952,63d00e3cea3280c3ed8a340c,65d4ce4bfe04d08c28397785,65d4d1a3bf805f04e491a04b,,,,,,,,,,,,,,,,,,,,,,,,,,,,,,,,,,,,,,,,,,,,,,,,,,,2,,,,,,,,,,,,,,,,,,,,,k,0.6478,,space,0.747,,2,red_gnome,2,3,dark_forest,yellow_basket,brown_gnomes,2,9,bright_forest,red_basket,9,0,0,1,brown_gnomes,bright_forest,red_basket,614,1,1,54,0,108,1,1,,,,,,,,,,,,,,,,,,,,,,,,,,,,,,,,,,,,,,,,,,,,,,,,,,,,,,,,,,,,,,,,,,,,,,,,,,,,,,,,,,,,,,,,,,,,,,,,,,,,,,,,,,,,,
,,,,,,,,,,,,,,,,,,,,,,,,,,,,,,,,,287659,001,2024-02-20_16h22.30.686,experiment,2023.2.3,Win32,59.52380952,63d00e3cea3280c3ed8a340c,65d4ce4bfe04d08c28397785,65d4d1a3bf805f04e491a04b,,,,,,,,,,,,,,,,,,,,,,,,,,,,,,,,,,,,,,,,,,,,,,,,,,,2,,,,,,,,,,,,,,,,,,,,,s,0.5383,,space,0.5703,,2,brown_gnomes,2,8,bright_forest,red_basket,red_gnome,2,4,dark_forest,yellow_basket,8,0,0,1,brown_gnomes,bright_forest,red_basket,622,-4,0,54,1,109,1,1,,,,,,,,,,,,,,,,,,,,,,,,,,,,,,,,,,,,,,,,,,,,,,,,,,,,,,,,,,,,,,,,,,,,,,,,,,,,,,,,,,,,,,,,,,,,,,,,,,,,,,,,,,,,,
,,,,,,,,,,,,,,,,,,,,,,,,,,,,,,,,,287659,001,2024-02-20_16h22.30.686,experiment,2023.2.3,Win32,59.52380952,63d00e3cea3280c3ed8a340c,65d4ce4bfe04d08c28397785,65d4d1a3bf805f04e491a04b,,,,,,,,,,,,,,,,,,,,,,,,,,,,,,,,,,,,,,,,,,,,,,,,,,,2,,,,,,,,,,,,,,,,,,,,,s,0.4225,,space,0.3726,,2,brown_gnomes,2,4,bright_forest,red_basket,red_gnome,2,4,dark_forest,yellow_basket,4,0,0,1,brown_gnomes,bright_forest,red_basket,626,2,0,55,0,110,1,1,,,,,,,,,,,,,,,,,,,,,,,,,,,,,,,,,,,,,,,,,,,,,,,,,,,,,,,,,,,,,,,,,,,,,,,,,,,,,,,,,,,,,,,,,,,,,,,,,,,,,,,,,,,,,
,,,,,,,,,,,,,,,,,,,,,,,,,,,,,,,,,287659,001,2024-02-20_16h22.30.686,experiment,2023.2.3,Win32,59.52380952,63d00e3cea3280c3ed8a340c,65d4ce4bfe04d08c28397785,65d4d1a3bf805f04e491a04b,,,,,,,,,,,,,,,,,,,,,,,,,,,,,,,,,,,,,,,,,,,,,,,,,,,1,,,,,,,,,,,,,,,,,,,,,k,0.4089,,space,0.5444,,1,green_gnome,1,4,dark_forest,yellow_basket,purple_gnome,1,6,bright_forest,red_basket,6,0,0,1,purple_gnome,bright_forest,red_basket,632,2,1,55,1,111,0,1,,,,,,,,,,,,,,,,,,,,,,,,,,,,,,,,,,,,,,,,,,,,,,,,,,,,,,,,,,,,,,,,,,,,,,,,,,,,,,,,,,,,,,,,,,,,,,,,,,,,,,,,,,,,,
,,,,,,,,,,,,,,,,,,,,,,,,,,,,,,,,,287659,001,2024-02-20_16h22.30.686,experiment,2023.2.3,Win32,59.52380952,63d00e3cea3280c3ed8a340c,65d4ce4bfe04d08c28397785,65d4d1a3bf805f04e491a04b,,,,,,,,,,,,,,,,,,,,,,,,,,,,,,,,,,,,,,,,,,,,,,,,,,,1,,,,,,,,,,,,,,,,,,,,,s,0.3892,,space,0.7217,,1,purple_gnome,1,8,bright_forest,red_basket,green_gnome,1,5,dark_forest,yellow_basket,8,0,0,1,purple_gnome,bright_forest,red_basket,640,0,1,56,0,112,0,1,,,,,,,,,,,,,,,,,,,,,,,,,,,,,,,,,,,,,,,,,,,,,,,,,,,,,,,,,,,,,,,,,,,,,,,,,,,,,,,,,,,,,,,,,,,,,,,,,,,,,,,,,,,,,
,,,,,,,,,,,,,,,,,,,,,,,,,,,,,,,,,287659,001,2024-02-20_16h22.30.686,experiment,2023.2.3,Win32,59.52380952,63d00e3cea3280c3ed8a340c,65d4ce4bfe04d08c28397785,65d4d1a3bf805f04e491a04b,,,,,,,,,,,,,,,,,,,,,,,,,,,,,,,,,,,,,,,,,,,,,,,,,,,2,,,,,,,,,,,,,,,,,,,,,k,0.4231,,space,0.2867,,2,brown_gnomes,2,8,bright_forest,red_basket,red_gnome,2,6,dark_forest,yellow_basket,6,0,0,1,red_gnome,dark_forest,yellow_basket,646,1,-3,56,1,113,1,1,,,,,,,,,,,,,,,,,,,,,,,,,,,,,,,,,,,,,,,,,,,,,,,,,,,,,,,,,,,,,,,,,,,,,,,,,,,,,,,,,,,,,,,,,,,,,,,,,,,,,,,,,,,,,
,,,,,,,,,,,,,,,,,,,,,,,,,,,,,,,,,287659,001,2024-02-20_16h22.30.686,experiment,2023.2.3,Win32,59.52380952,63d00e3cea3280c3ed8a340c,65d4ce4bfe04d08c28397785,65d4d1a3bf805f04e491a04b,,,,,,,,,,,,,,,,,,,,,,,,,,,,,,,,,,,,,,,,,,,,,,,,,,,2,,,,,,,,,,,,,,,,,,,,,s,0.3082,,space,0.2982,,2,red_gnome,2,3,dark_forest,yellow_basket,brown_gnomes,2,9,bright_forest,red_basket,3,0,0,1,red_gnome,dark_forest,yellow_basket,649,-2,1,57,0,114,1,1,,,,,,,,,,,,,,,,,,,,,,,,,,,,,,,,,,,,,,,,,,,,,,,,,,,,,,,,,,,,,,,,,,,,,,,,,,,,,,,,,,,,,,,,,,,,,,,,,,,,,,,,,,,,,
,,,,,,,,,,,,,,,,,,,,,,,,,,,,,,,,,287659,001,2024-02-20_16h22.30.686,experiment,2023.2.3,Win32,59.52380952,63d00e3cea3280c3ed8a340c,65d4ce4bfe04d08c28397785,65d4d1a3bf805f04e491a04b,,,,,,,,,,,,,,,,,,,,,,,,,,,,,,,,,,,,,,,,,,,,,,,,,,,2,,,,,,,,,,,,,,,,,,,,,k,0.3988,,space,0.3265,,2,red_gnome,2,4,dark_forest,yellow_basket,brown_gnomes,2,7,bright_forest,red_basket,7,0,0,1,brown_gnomes,bright_forest,red_basket,656,2,2,57,1,115,1,1,,,,,,,,,,,,,,,,,,,,,,,,,,,,,,,,,,,,,,,,,,,,,,,,,,,,,,,,,,,,,,,,,,,,,,,,,,,,,,,,,,,,,,,,,,,,,,,,,,,,,,,,,,,,,
,,,,,,,,,,,,,,,,,,,,,,,,,,,,,,,,,287659,001,2024-02-20_16h22.30.686,experiment,2023.2.3,Win32,59.52380952,63d00e3cea3280c3ed8a340c,65d4ce4bfe04d08c28397785,65d4d1a3bf805f04e491a04b,,,,,,,,,,,,,,,,,,,,,,,,,,,,,,,,,,,,,,,,,,,,,,,,,,,2,,,,,,,,,,,,,,,,,,,,,s,0.4433,,space,0.4552,,2,brown_gnomes,2,9,bright_forest,red_basket,red_gnome,2,6,dark_forest,yellow_basket,9,0,0,1,brown_gnomes,bright_forest,red_basket,665,2,-1,58,0,116,1,1,,,,,,,,,,,,,,,,,,,,,,,,,,,,,,,,,,,,,,,,,,,,,,,,,,,,,,,,,,,,,,,,,,,,,,,,,,,,,,,,,,,,,,,,,,,,,,,,,,,,,,,,,,,,,
,,,,,,,,,,,,,,,,,,,,,,,,,,,,,,,,,287659,001,2024-02-20_16h22.30.686,experiment,2023.2.3,Win32,59.52380952,63d00e3cea3280c3ed8a340c,65d4ce4bfe04d08c28397785,65d4d1a3bf805f04e491a04b,,,,,,,,,,,,,,,,,,,,,,,,,,,,,,,,,,,,,,,,,,,,,,,,,,,1,,,,,,,,,,,,,,,,,,,,,k,0.535,,space,0.5628,,1,green_gnome,1,5,dark_forest,yellow_basket,purple_gnome,1,7,bright_forest,red_basket,7,0,0,1,purple_gnome,bright_forest,red_basket,672,1,1,58,1,117,0,1,,,,,,,,,,,,,,,,,,,,,,,,,,,,,,,,,,,,,,,,,,,,,,,,,,,,,,,,,,,,,,,,,,,,,,,,,,,,,,,,,,,,,,,,,,,,,,,,,,,,,,,,,,,,,
,,,,,,,,,,,,,,,,,,,,,,,,,,,,,,,,,287659,001,2024-02-20_16h22.30.686,experiment,2023.2.3,Win32,59.52380952,63d00e3cea3280c3ed8a340c,65d4ce4bfe04d08c28397785,65d4d1a3bf805f04e491a04b,,,,,,,,,,,,,,,,,,,,,,,,,,,,,,,,,,,,,,,,,,,,,,,,,,,1,,,,,,,,,,,,,,,,,,,,,k,0.4651,,space,0.6138,,1,green_gnome,1,6,dark_forest,yellow_basket,purple_gnome,1,8,bright_forest,red_basket,8,0,0,1,purple_gnome,bright_forest,red_basket,680,-1,2,59,0,118,0,1,,,,,,,,,,,,,,,,,,,,,,,,,,,,,,,,,,,,,,,,,,,,,,,,,,,,,,,,,,,,,,,,,,,,,,,,,,,,,,,,,,,,,,,,,,,,,,,,,,,,,,,,,,,,,
,,,,,,,,,,,,,,,,,,,,,,,,,,,,,,,,,287659,001,2024-02-20_16h22.30.686,experiment,2023.2.3,Win32,59.52380952,63d00e3cea3280c3ed8a340c,65d4ce4bfe04d08c28397785,65d4d1a3bf805f04e491a04b,,,,,,,,,,,,,,,,,,,,,,,,,,,,,,,,,,,,,,,,,,,,,,,,,,,2,,,,,,,,,,,,,,,,,,,,,s,0.5713,,space,0.5797,,2,brown_gnomes,2,7,bright_forest,red_basket,red_gnome,2,8,dark_forest,yellow_basket,7,0,0,1,brown_gnomes,bright_forest,red_basket,687,-2,-2,59,1,119,1,1,,,,,,,,,,,,,,,,,,,,,,,,,,,,,,,,,,,,,,,,,,,,,,,,,,,,,,,,,,,,,,,,,,,,,,,,,,,,,,,,,,,,,,,,,,,,,,,,,,,,,,,,,,,,,
,,,,,,,,,,,,,,,,,,,,,,,,,,,,,,,,,287659,001,2024-02-20_16h22.30.686,experiment,2023.2.3,Win32,59.52380952,63d00e3cea3280c3ed8a340c,65d4ce4bfe04d08c28397785,65d4d1a3bf805f04e491a04b,,,,,,,,,,,,,,,,,,,,,,,,,,,,,,,,,,,,,,,,,,,,,,,,,,,1,,,,,,,,,,,,,,,,,,,,,k,0.4882,,space,0.5242,,1,green_gnome,1,6,dark_forest,yellow_basket,purple_gnome,1,5,bright_forest,red_basket,5,0,0,1,purple_gnome,bright_forest,red_basket,692,0,0,60,0,120,0,1,,,,,,,,,,,,,,,,,,,,,,,,,,,,,,,,,,,,,,,,,,,,,,,,,,,,,,,,,,,,,,,,,,,,,,,,,,,,,,,,,,,,,,,,,,,,,,,,,,,,,,,,,,,,,
,,,,,,,,,,,,,,,,,,,,,,,,,,,,,,,,,287659,001,2024-02-20_16h22.30.686,experiment,2023.2.3,Win32,59.52380952,63d00e3cea3280c3ed8a340c,65d4ce4bfe04d08c28397785,65d4d1a3bf805f04e491a04b,,,,,,,,,,,,,,,,,,,,,,,,,,,,,,,,,,,,,,,,,,,,,,,,,,,2,,,,,,,,,,,,,,,,,,,,,s,0.6357,,space,0.3996,,2,red_gnome,2,6,dark_forest,yellow_basket,brown_gnomes,2,5,bright_forest,red_basket,6,0,0,1,red_gnome,dark_forest,yellow_basket,698,1,2,60,1,121,1,1,,,,,,,,,,,,,,,,,,,,,,,,,,,,,,,,,,,,,,,,,,,,,,,,,,,,,,,,,,,,,,,,,,,,,,,,,,,,,,,,,,,,,,,,,,,,,,,,,,,,,,,,,,,,,
,,,,,,,,,,,,,,,,,,,,,,,,,,,,,,,,,287659,001,2024-02-20_16h22.30.686,experiment,2023.2.3,Win32,59.52380952,63d00e3cea3280c3ed8a340c,65d4ce4bfe04d08c28397785,65d4d1a3bf805f04e491a04b,,,,,,,,,,,,,,,,,,,,,,,,,,,,,,,,,,,,,,,,,,,,,,,,,,,2,,,,,,,,,,,,,,,,,,,,,k,0.7435,,space,0.3076,,2,brown_gnomes,2,6,bright_forest,red_basket,red_gnome,2,8,dark_forest,yellow_basket,8,0,0,1,red_gnome,dark_forest,yellow_basket,706,3,-1,61,0,122,1,1,,,,,,,,,,,,,,,,,,,,,,,,,,,,,,,,,,,,,,,,,,,,,,,,,,,,,,,,,,,,,,,,,,,,,,,,,,,,,,,,,,,,,,,,,,,,,,,,,,,,,,,,,,,,,
,,,,,,,,,,,,,,,,,,,,,,,,,,,,,,,,,287659,001,2024-02-20_16h22.30.686,experiment,2023.2.3,Win32,59.52380952,63d00e3cea3280c3ed8a340c,65d4ce4bfe04d08c28397785,65d4d1a3bf805f04e491a04b,,,,,,,,,,,,,,,,,,,,,,,,,,,,,,,,,,,,,,,,,,,,,,,,,,,2,,,,,,,,,,,,,,,,,,,,,k,0.6095,,space,0.3145,,2,brown_gnomes,2,9,bright_forest,red_basket,red_gnome,2,7,dark_forest,yellow_basket,7,0,0,1,red_gnome,dark_forest,yellow_basket,713,-2,0,61,1,123,1,1,,,,,,,,,,,,,,,,,,,,,,,,,,,,,,,,,,,,,,,,,,,,,,,,,,,,,,,,,,,,,,,,,,,,,,,,,,,,,,,,,,,,,,,,,,,,,,,,,,,,,,,,,,,,,
,,,,,,,,,,,,,,,,,,,,,,,,,,,,,,,,,287659,001,2024-02-20_16h22.30.686,experiment,2023.2.3,Win32,59.52380952,63d00e3cea3280c3ed8a340c,65d4ce4bfe04d08c28397785,65d4d1a3bf805f04e491a04b,,,,,,,,,,,,,,,,,,,,,,,,,,,,,,,,,,,,,,,,,,,,,,,,,,,1,,,,,,,,,,,,,,,,,,,,,k,0.7584,,space,0.3777,,1,purple_gnome,1,7,bright_forest,red_basket,green_gnome,1,7,dark_forest,yellow_basket,7,0,0,1,green_gnome,dark_forest,yellow_basket,720,4,-2,62,0,124,0,1,,,,,,,,,,,,,,,,,,,,,,,,,,,,,,,,,,,,,,,,,,,,,,,,,,,,,,,,,,,,,,,,,,,,,,,,,,,,,,,,,,,,,,,,,,,,,,,,,,,,,,,,,,,,,
,,,,,,,,,,,,,,,,,,,,,,,,,,,,,,,,,287659,001,2024-02-20_16h22.30.686,experiment,2023.2.3,Win32,59.52380952,63d00e3cea3280c3ed8a340c,65d4ce4bfe04d08c28397785,65d4d1a3bf805f04e491a04b,,,,,,,,,,,,,,,,,,,,,,,,,,,,,,,,,,,,,,,,,,,,,,,,,,,1,,,,,,,,,,,,,,,,,,,,,s,0.4723,,space,0.2124,,1,green_gnome,1,5,dark_forest,yellow_basket,purple_gnome,1,7,bright_forest,red_basket,5,0,0,1,green_gnome,dark_forest,yellow_basket,725,0,-1,62,1,125,0,1,,,,,,,,,,,,,,,,,,,,,,,,,,,,,,,,,,,,,,,,,,,,,,,,,,,,,,,,,,,,,,,,,,,,,,,,,,,,,,,,,,,,,,,,,,,,,,,,,,,,,,,,,,,,,
,,,,,,,,,,,,,,,,,,,,,,,,,,,,,,,,,287659,001,2024-02-20_16h22.30.686,experiment,2023.2.3,Win32,59.52380952,63d00e3cea3280c3ed8a340c,65d4ce4bfe04d08c28397785,65d4d1a3bf805f04e491a04b,,,,,,,,,,,,,,,,,,,,,,,,,,,,,,,,,,,,,,,,,,,,,,,,,,,1,,,,,,,,,,,,,,,,,,,,,s,0.5889,,space,0.0894,,1,purple_gnome,1,7,bright_forest,red_basket,green_gnome,1,4,dark_forest,yellow_basket,7,0,0,1,purple_gnome,bright_forest,red_basket,732,1,3,63,0,126,0,1,,,,,,,,,,,,,,,,,,,,,,,,,,,,,,,,,,,,,,,,,,,,,,,,,,,,,,,,,,,,,,,,,,,,,,,,,,,,,,,,,,,,,,,,,,,,,,,,,,,,,,,,,,,,,
,,,,,,,,,,,,,,,,,,,,,,,,,,,,,,,,,287659,001,2024-02-20_16h22.30.686,experiment,2023.2.3,Win32,59.52380952,63d00e3cea3280c3ed8a340c,65d4ce4bfe04d08c28397785,65d4d1a3bf805f04e491a04b,,,,,,,,,,,,,,,,,,,,,,,,,,,,,,,,,,,,,,,,,,,,,,,,,,,2,,,,,,,,,,,,,,,,,,,,,k,0.648,,space,0.2466,,2,red_gnome,2,7,dark_forest,yellow_basket,brown_gnomes,2,8,bright_forest,red_basket,8,0,0,1,brown_gnomes,bright_forest,red_basket,740,3,-1,63,1,127,1,1,,,,,,,,,,,,,,,,,,,,,,,,,,,,,,,,,,,,,,,,,,,,,,,,,,,,,,,,,,,,,,,,,,,,,,,,,,,,,,,,,,,,,,,,,,,,,,,,,,,,,,,,,,,,,
,,,,,,,,,,,,,,,,,,,,,,,,,,,,,,,,,287659,001,2024-02-20_16h22.30.686,experiment,2023.2.3,Win32,59.52380952,63d00e3cea3280c3ed8a340c,65d4ce4bfe04d08c28397785,65d4d1a3bf805f04e491a04b,,,,,,,,,,,,,,,,,,,,,,,,,,,,,,,,,,,,,,,,,,,,,,,,,,,1,,,,,,,,,,,,,,,,,,,,,s,0.5086,,space,0.288,,1,purple_gnome,1,7,bright_forest,red_basket,green_gnome,1,6,dark_forest,yellow_basket,7,0,0,1,purple_gnome,bright_forest,red_basket,747,-1,-3,64,0,128,0,1,,,,,,,,,,,,,,,,,,,,,,,,,,,,,,,,,,,,,,,,,,,,,,,,,,,,,,,,,,,,,,,,,,,,,,,,,,,,,,,,,,,,,,,,,,,,,,,,,,,,,,,,,,,,,
,,,,,,,,,,,,,,,,,,,,,,,,,,,,,,,,,287659,001,2024-02-20_16h22.30.686,experiment,2023.2.3,Win32,59.52380952,63d00e3cea3280c3ed8a340c,65d4ce4bfe04d08c28397785,65d4d1a3bf805f04e491a04b,,,,,,,,,,,,,,,,,,,,,,,,,,,,,,,,,,,,,,,,,,,,,,,,,,,1,,,,,,,,,,,,,,,,,,,,,s,0.4708,,space,0.1885,,1,purple_gnome,1,6,bright_forest,red_basket,green_gnome,1,3,dark_forest,yellow_basket,6,0,0,1,purple_gnome,bright_forest,red_basket,753,2,-2,64,1,129,0,1,,,,,,,,,,,,,,,,,,,,,,,,,,,,,,,,,,,,,,,,,,,,,,,,,,,,,,,,,,,,,,,,,,,,,,,,,,,,,,,,,,,,,,,,,,,,,,,,,,,,,,,,,,,,,
,,,,,,,,,,,,,,,,,,,,,,,,,,,,,,,,,287659,001,2024-02-20_16h22.30.686,experiment,2023.2.3,Win32,59.52380952,63d00e3cea3280c3ed8a340c,65d4ce4bfe04d08c28397785,65d4d1a3bf805f04e491a04b,,,,,,,,,,,,,,,,,,,,,,,,,,,,,,,,,,,,,,,,,,,,,,,,,,,2,,,,,,,,,,,,,,,,,,,,,k,0.5234,,space,0.3754,,2,red_gnome,2,1,dark_forest,yellow_basket,brown_gnomes,2,8,bright_forest,red_basket,8,0,0,1,brown_gnomes,bright_forest,red_basket,761,-2,2,65,0,130,1,1,,,,,,,,,,,,,,,,,,,,,,,,,,,,,,,,,,,,,,,,,,,,,,,,,,,,,,,,,,,,,,,,,,,,,,,,,,,,,,,,,,,,,,,,,,,,,,,,,,,,,,,,,,,,,
,,,,,,,,,,,,,,,,,,,,,,,,,,,,,,,,,287659,001,2024-02-20_16h22.30.686,experiment,2023.2.3,Win32,59.52380952,63d00e3cea3280c3ed8a340c,65d4ce4bfe04d08c28397785,65d4d1a3bf805f04e491a04b,,,,,,,,,,,,,,,,,,,,,,,,,,,,,,,,,,,,,,,,,,,,,,,,,,,2,,,,,,,,,,,,,,,,,,,,,k,0.8138,,space,0.3223,,2,red_gnome,2,3,dark_forest,yellow_basket,brown_gnomes,2,6,bright_forest,red_basket,6,0,0,1,brown_gnomes,bright_forest,red_basket,767,1,-1,65,1,131,1,1,,,,,,,,,,,,,,,,,,,,,,,,,,,,,,,,,,,,,,,,,,,,,,,,,,,,,,,,,,,,,,,,,,,,,,,,,,,,,,,,,,,,,,,,,,,,,,,,,,,,,,,,,,,,,
,,,,,,,,,,,,,,,,,,,,,,,,,,,,,,,,,287659,001,2024-02-20_16h22.30.686,experiment,2023.2.3,Win32,59.52380952,63d00e3cea3280c3ed8a340c,65d4ce4bfe04d08c28397785,65d4d1a3bf805f04e491a04b,,,,,,,,,,,,,,,,,,,,,,,,,,,,,,,,,,,,,,,,,,,,,,,,,,,2,,,,,,,,,,,,,,,,,,,,,s,0.6364,,space,0.1688,,2,brown_gnomes,2,7,bright_forest,red_basket,red_gnome,2,2,dark_forest,yellow_basket,7,0,0,1,brown_gnomes,bright_forest,red_basket,774,0,-2,66,0,132,1,1,,,,,,,,,,,,,,,,,,,,,,,,,,,,,,,,,,,,,,,,,,,,,,,,,,,,,,,,,,,,,,,,,,,,,,,,,,,,,,,,,,,,,,,,,,,,,,,,,,,,,,,,,,,,,
,,,,,,,,,,,,,,,,,,,,,,,,,,,,,,,,,287659,001,2024-02-20_16h22.30.686,experiment,2023.2.3,Win32,59.52380952,63d00e3cea3280c3ed8a340c,65d4ce4bfe04d08c28397785,65d4d1a3bf805f04e491a04b,,,,,,,,,,,,,,,,,,,,,,,,,,,,,,,,,,,,,,,,,,,,,,,,,,,1,,,,,,,,,,,,,,,,,,,,,s,0.4927,,space,0.1301,,1,purple_gnome,1,7,bright_forest,red_basket,green_gnome,1,0,dark_forest,yellow_basket,7,0,0,1,purple_gnome,bright_forest,red_basket,781,5,2,66,1,133,0,1,,,,,,,,,,,,,,,,,,,,,,,,,,,,,,,,,,,,,,,,,,,,,,,,,,,,,,,,,,,,,,,,,,,,,,,,,,,,,,,,,,,,,,,,,,,,,,,,,,,,,,,,,,,,,
,,,,,,,,,,,,,,,,,,,,,,,,,,,,,,,,,287659,001,2024-02-20_16h22.30.686,experiment,2023.2.3,Win32,59.52380952,63d00e3cea3280c3ed8a340c,65d4ce4bfe04d08c28397785,65d4d1a3bf805f04e491a04b,,,,,,,,,,,,,,,,,,,,,,,,,,,,,,,,,,,,,,,,,,,,,,,,,,,1,,,,,,,,,,,,,,,,,,,,,s,0.4539,,space,0.3417,,1,purple_gnome,1,6,bright_forest,red_basket,green_gnome,1,2,dark_forest,yellow_basket,6,0,0,1,purple_gnome,bright_forest,red_basket,787,3,2,67,0,134,0,1,,,,,,,,,,,,,,,,,,,,,,,,,,,,,,,,,,,,,,,,,,,,,,,,,,,,,,,,,,,,,,,,,,,,,,,,,,,,,,,,,,,,,,,,,,,,,,,,,,,,,,,,,,,,,
,,,,,,,,,,,,,,,,,,,,,,,,,,,,,,,,,287659,001,2024-02-20_16h22.30.686,experiment,2023.2.3,Win32,59.52380952,63d00e3cea3280c3ed8a340c,65d4ce4bfe04d08c28397785,65d4d1a3bf805f04e491a04b,,,,,,,,,,,,,,,,,,,,,,,,,,,,,,,,,,,,,,,,,,,,,,,,,,,2,,,,,,,,,,,,,,,,,,,,,k,0.5238,,space,0.7553,,2,red_gnome,2,4,dark_forest,yellow_basket,brown_gnomes,2,9,bright_forest,red_basket,9,0,0,1,brown_gnomes,bright_forest,red_basket,796,-1,-4,67,1,135,1,1,,,,,,,,,,,,,,,,,,,,,,,,,,,,,,,,,,,,,,,,,,,,,,,,,,,,,,,,,,,,,,,,,,,,,,,,,,,,,,,,,,,,,,,,,,,,,,,,,,,,,,,,,,,,,
,,,,,,,,,,,,,,,,,,,,,,,,,,,,,,,,,287659,001,2024-02-20_16h22.30.686,experiment,2023.2.3,Win32,59.52380952,63d00e3cea3280c3ed8a340c,65d4ce4bfe04d08c28397785,65d4d1a3bf805f04e491a04b,,,,,,,,,,,,,,,,,,,,,,,,,,,,,,,,,,,,,,,,,,,,,,,,,,,1,,,,,,,,,,,,,,,,,,,,,k,0.5045,,space,0.324,,1,green_gnome,1,0,dark_forest,yellow_basket,purple_gnome,1,8,bright_forest,red_basket,8,0,0,1,purple_gnome,bright_forest,red_basket,804,-2,3,68,0,136,0,1,,,,,,,,,,,,,,,,,,,,,,,,,,,,,,,,,,,,,,,,,,,,,,,,,,,,,,,,,,,,,,,,,,,,,,,,,,,,,,,,,,,,,,,,,,,,,,,,,,,,,,,,,,,,,
,,,,,,,,,,,,,,,,,,,,,,,,,,,,,,,,,287659,001,2024-02-20_16h22.30.686,experiment,2023.2.3,Win32,59.52380952,63d00e3cea3280c3ed8a340c,65d4ce4bfe04d08c28397785,65d4d1a3bf805f04e491a04b,,,,,,,,,,,,,,,,,,,,,,,,,,,,,,,,,,,,,,,,,,,,,,,,,,,1,,,,,,,,,,,,,,,,,,,,,s,0.443,,space,0.3783,,1,purple_gnome,1,6,bright_forest,red_basket,green_gnome,1,3,dark_forest,yellow_basket,6,0,0,1,purple_gnome,bright_forest,red_basket,810,1,-3,68,1,137,0,1,,,,,,,,,,,,,,,,,,,,,,,,,,,,,,,,,,,,,,,,,,,,,,,,,,,,,,,,,,,,,,,,,,,,,,,,,,,,,,,,,,,,,,,,,,,,,,,,,,,,,,,,,,,,,
,,,,,,,,,,,,,,,,,,,,,,,,,,,,,,,,,287659,001,2024-02-20_16h22.30.686,experiment,2023.2.3,Win32,59.52380952,63d00e3cea3280c3ed8a340c,65d4ce4bfe04d08c28397785,65d4d1a3bf805f04e491a04b,,,,,,,,,,,,,,,,,,,,,,,,,,,,,,,,,,,,,,,,,,,,,,,,,,,1,,,,,,,,,,,,,,,,,,,,,s,0.4713,,space,0.6055,,1,purple_gnome,1,7,bright_forest,red_basket,green_gnome,1,0,dark_forest,yellow_basket,7,0,0,1,purple_gnome,bright_forest,red_basket,817,0,1,69,0,138,0,1,,,,,,,,,,,,,,,,,,,,,,,,,,,,,,,,,,,,,,,,,,,,,,,,,,,,,,,,,,,,,,,,,,,,,,,,,,,,,,,,,,,,,,,,,,,,,,,,,,,,,,,,,,,,,
,,,,,,,,,,,,,,,,,,,,,,,,,,,,,,,,,287659,001,2024-02-20_16h22.30.686,experiment,2023.2.3,Win32,59.52380952,63d00e3cea3280c3ed8a340c,65d4ce4bfe04d08c28397785,65d4d1a3bf805f04e491a04b,,,,,,,,,,,,,,,,,,,,,,,,,,,,,,,,,,,,,,,,,,,,,,,,,,,2,,,,,,,,,,,,,,,,,,,,,k,0.4521,,space,0.2541,,2,brown_gnomes,2,7,bright_forest,red_basket,red_gnome,2,1,dark_forest,yellow_basket,1,0,0,1,red_gnome,dark_forest,yellow_basket,818,2,0,69,1,139,1,1,,,,,,,,,,,,,,,,,,,,,,,,,,,,,,,,,,,,,,,,,,,,,,,,,,,,,,,,,,,,,,,,,,,,,,,,,,,,,,,,,,,,,,,,,,,,,,,,,,,,,,,,,,,,,
,,,,,,,,,,,,,,,,,,,,,,,,,,,,,,,,,287659,001,2024-02-20_16h22.30.686,experiment,2023.2.3,Win32,59.52380952,63d00e3cea3280c3ed8a340c,65d4ce4bfe04d08c28397785,65d4d1a3bf805f04e491a04b,,,,,,,,,,,,,,,,,,,,,,,,,,,,,,,,,,,,,,,,,,,,,,,,,,,2,,,,,,,,,,,,,,,,,,,,,s,0.4619,,space,0.2812,,2,brown_gnomes,2,9,bright_forest,red_basket,red_gnome,2,1,dark_forest,yellow_basket,9,0,0,1,brown_gnomes,bright_forest,red_basket,827,0,-1,70,0,140,1,1,,,,,,,,,,,,,,,,,,,,,,,,,,,,,,,,,,,,,,,,,,,,,,,,,,,,,,,,,,,,,,,,,,,,,,,,,,,,,,,,,,,,,,,,,,,,,,,,,,,,,,,,,,,,,
,,,,,,,,,,,,,,,,,,,,,,,,,,,,,,,,,287659,001,2024-02-20_16h22.30.686,experiment,2023.2.3,Win32,59.52380952,63d00e3cea3280c3ed8a340c,65d4ce4bfe04d08c28397785,65d4d1a3bf805f04e491a04b,,,,,,,,,,,,,,,,,,,,,,,,,,,,,,,,,,,,,,,,,,,,,,,,,,,1,,,,,,,,,,,,,,,,,,,,,s,0.6886,,space,0.3023,,1,purple_gnome,1,9,bright_forest,red_basket,green_gnome,1,0,dark_forest,yellow_basket,9,0,0,1,purple_gnome,bright_forest,red_basket,836,-1,1,70,1,141,0,1,,,,,,,,,,,,,,,,,,,,,,,,,,,,,,,,,,,,,,,,,,,,,,,,,,,,,,,,,,,,,,,,,,,,,,,,,,,,,,,,,,,,,,,,,,,,,,,,,,,,,,,,,,,,,
,,,,,,,,,,,,,,,,,,,,,,,,,,,,,,,,,287659,001,2024-02-20_16h22.30.686,experiment,2023.2.3,Win32,59.52380952,63d00e3cea3280c3ed8a340c,65d4ce4bfe04d08c28397785,65d4d1a3bf805f04e491a04b,,,,,,,,,,,,,,,,,,,,,,,,,,,,,,,,,,,,,,,,,,,,,,,,,,,2,,,,,,,,,,,,,,,,,,,,,k,0.4863,,space,0.3633,,2,red_gnome,2,1,dark_forest,yellow_basket,brown_gnomes,2,8,bright_forest,red_basket,8,0,0,1,brown_gnomes,bright_forest,red_basket,844,2,3,71,0,142,1,1,,,,,,,,,,,,,,,,,,,,,,,,,,,,,,,,,,,,,,,,,,,,,,,,,,,,,,,,,,,,,,,,,,,,,,,,,,,,,,,,,,,,,,,,,,,,,,,,,,,,,,,,,,,,,
,,,,,,,,,,,,,,,,,,,,,,,,,,,,,,,,,287659,001,2024-02-20_16h22.30.686,experiment,2023.2.3,Win32,59.52380952,63d00e3cea3280c3ed8a340c,65d4ce4bfe04d08c28397785,65d4d1a3bf805f04e491a04b,,,,,,,,,,,,,,,,,,,,,,,,,,,,,,,,,,,,,,,,,,,,,,,,,,,1,,,,,,,,,,,,,,,,,,,,,s,0.5116,,space,0.3725,,1,purple_gnome,1,8,bright_forest,red_basket,green_gnome,1,4,dark_forest,yellow_basket,8,0,0,1,purple_gnome,bright_forest,red_basket,852,0,0,71,1,143,0,1,,,,,,,,,,,,,,,,,,,,,,,,,,,,,,,,,,,,,,,,,,,,,,,,,,,,,,,,,,,,,,,,,,,,,,,,,,,,,,,,,,,,,,,,,,,,,,,,,,,,,,,,,,,,,
,,,,,,,,,,,,,,,,,,,,,,,,,,,,,,,,,287659,001,2024-02-20_16h22.30.686,experiment,2023.2.3,Win32,59.52380952,63d00e3cea3280c3ed8a340c,65d4ce4bfe04d08c28397785,65d4d1a3bf805f04e491a04b,,,,,,,,,,,,,,,,,,,,,,,,,,,,,,,,,,,,,,,,,,,,,,,,,,,2,,,,,,,,,,,,,,,,,,,,,s,0.4861,,space,0.3195,,2,brown_gnomes,2,8,bright_forest,red_basket,red_gnome,2,4,dark_forest,yellow_basket,8,0,0,1,brown_gnomes,bright_forest,red_basket,860,-4,0,72,0,144,1,1,,,,,,,,,,,,,,,,,,,,,,,,,,,,,,,,,,,,,,,,,,,,,,,,,,,,,,,,,,,,,,,,,,,,,,,,,,,,,,,,,,,,,,,,,,,,,,,,,,,,,,,,,,,,,
,,,,,,,,,,,,,,,,,,,,,,,,,,,,,,,,,287659,001,2024-02-20_16h22.30.686,experiment,2023.2.3,Win32,59.52380952,63d00e3cea3280c3ed8a340c,65d4ce4bfe04d08c28397785,65d4d1a3bf805f04e491a04b,,,,,,,,,,,,,,,,,,,,,,,,,,,,,,,,,,,,,,,,,,,,,,,,,,,1,,,,,,,,,,,,,,,,,,,,,k,0.4945,,space,1.0659,,1,green_gnome,1,4,dark_forest,yellow_basket,purple_gnome,1,4,bright_forest,red_basket,4,0,0,1,purple_gnome,bright_forest,red_basket,864,2,-1,72,1,145,0,1,,,,,,,,,,,,,,,,,,,,,,,,,,,,,,,,,,,,,,,,,,,,,,,,,,,,,,,,,,,,,,,,,,,,,,,,,,,,,,,,,,,,,,,,,,,,,,,,,,,,,,,,,,,,,
,,,,,,,,,,,,,,,,,,,,,,,,,,,,,,,,,287659,001,2024-02-20_16h22.30.686,experiment,2023.2.3,Win32,59.52380952,63d00e3cea3280c3ed8a340c,65d4ce4bfe04d08c28397785,65d4d1a3bf805f04e491a04b,,,,,,,,,,,,,,,,,,,,,,,,,,,,,,,,,,,,,,,,,,,,,,,,,,,1,,,,,,,,,,,,,,,,,,,,,k,0.5793,,space,0.4258,,1,purple_gnome,1,6,bright_forest,red_basket,green_gnome,1,3,dark_forest,yellow_basket,3,0,0,1,green_gnome,dark_forest,yellow_basket,867,-2,2,73,0,146,0,1,,,,,,,,,,,,,,,,,,,,,,,,,,,,,,,,,,,,,,,,,,,,,,,,,,,,,,,,,,,,,,,,,,,,,,,,,,,,,,,,,,,,,,,,,,,,,,,,,,,,,,,,,,,,,
,,,,,,,,,,,,,,,,,,,,,,,,,,,,,,,,,287659,001,2024-02-20_16h22.30.686,experiment,2023.2.3,Win32,59.52380952,63d00e3cea3280c3ed8a340c,65d4ce4bfe04d08c28397785,65d4d1a3bf805f04e491a04b,,,,,,,,,,,,,,,,,,,,,,,,,,,,,,,,,,,,,,,,,,,,,,,,,,,1,,,,,,,,,,,,,,,,,,,,,k,0.486,,space,0.5058,,1,green_gnome,1,5,dark_forest,yellow_basket,purple_gnome,1,4,bright_forest,red_basket,4,0,0,1,purple_gnome,bright_forest,red_basket,871,-2,-2,73,1,147,0,1,,,,,,,,,,,,,,,,,,,,,,,,,,,,,,,,,,,,,,,,,,,,,,,,,,,,,,,,,,,,,,,,,,,,,,,,,,,,,,,,,,,,,,,,,,,,,,,,,,,,,,,,,,,,,
,,,,,,,,,,,,,,,,,,,,,,,,,,,,,,,,,287659,001,2024-02-20_16h22.30.686,experiment,2023.2.3,Win32,59.52380952,63d00e3cea3280c3ed8a340c,65d4ce4bfe04d08c28397785,65d4d1a3bf805f04e491a04b,,,,,,,,,,,,,,,,,,,,,,,,,,,,,,,,,,,,,,,,,,,,,,,,,,,1,,,,,,,,,,,,,,,,,,,,,s,0.5457,,space,0.4136,,1,green_gnome,1,3,dark_forest,yellow_basket,purple_gnome,1,2,bright_forest,red_basket,3,0,0,1,green_gnome,dark_forest,yellow_basket,874,-3,-1,74,0,148,0,1,,,,,,,,,,,,,,,,,,,,,,,,,,,,,,,,,,,,,,,,,,,,,,,,,,,,,,,,,,,,,,,,,,,,,,,,,,,,,,,,,,,,,,,,,,,,,,,,,,,,,,,,,,,,,
,,,,,,,,,,,,,,,,,,,,,,,,,,,,,,,,,287659,001,2024-02-20_16h22.30.686,experiment,2023.2.3,Win32,59.52380952,63d00e3cea3280c3ed8a340c,65d4ce4bfe04d08c28397785,65d4d1a3bf805f04e491a04b,,,,,,,,,,,,,,,,,,,,,,,,,,,,,,,,,,,,,,,,,,,,,,,,,,,2,,,,,,,,,,,,,,,,,,,,,k,0.589,,space,0.2902,,2,brown_gnomes,2,1,bright_forest,red_basket,red_gnome,2,2,dark_forest,yellow_basket,2,0,0,1,red_gnome,dark_forest,yellow_basket,876,-1,-1,74,1,149,1,1,,,,,,,,,,,,,,,,,,,,,,,,,,,,,,,,,,,,,,,,,,,,,,,,,,,,,,,,,,,,,,,,,,,,,,,,,,,,,,,,,,,,,,,,,,,,,,,,,,,,,,,,,,,,,
,,,,,,,,,,,,,,,,,,,,,,,,,,,,,,,,,287659,001,2024-02-20_16h22.30.686,experiment,2023.2.3,Win32,59.52380952,63d00e3cea3280c3ed8a340c,65d4ce4bfe04d08c28397785,65d4d1a3bf805f04e491a04b,,,,,,,,,,,,,,,,,,,,,,,,,,,,,,,,,,,,,,,,,,,,,,,,,,,2,,,,,,,,,,,,,,,,,,,,,s,0.4362,,space,0.7174,,2,brown_gnomes,2,0,bright_forest,red_basket,red_gnome,2,1,dark_forest,yellow_basket,0,0,0,1,brown_gnomes,bright_forest,red_basket,876,1,1,75,0,150,1,1,,,,,,,,,,,,,,,,,,,,,,,,,,,,,,,,,,,,,,,,,,,,,,,,,,,,,,,,,,,,,,,,,,,,,,,,,,,,,,,,,,,,,,,,,,,,,,,,,,,,,,,,,,,,,
,,,,,,,,,,,,,,,,,,,,,,,,,,,,,,,,,287659,001,2024-02-20_16h22.30.686,experiment,2023.2.3,Win32,59.52380952,63d00e3cea3280c3ed8a340c,65d4ce4bfe04d08c28397785,65d4d1a3bf805f04e491a04b,,,,,,,,,,,,,,,,,,,,,,,,,,,,,,,,,,,,,,,,,,,,,,,,,,,2,,,,,,,,,,,,,,,,,,,,,k,0.4361,,space,0.3693,,2,red_gnome,2,2,dark_forest,yellow_basket,brown_gnomes,2,1,bright_forest,red_basket,1,0,0,1,brown_gnomes,bright_forest,red_basket,877,4,2,75,1,151,1,1,,,,,,,,,,,,,,,,,,,,,,,,,,,,,,,,,,,,,,,,,,,,,,,,,,,,,,,,,,,,,,,,,,,,,,,,,,,,,,,,,,,,,,,,,,,,,,,,,,,,,,,,,,,,,
,,,,,,,,,,,,,,,,,,,,,,,,,,,,,,,,,287659,001,2024-02-20_16h22.30.686,experiment,2023.2.3,Win32,59.52380952,63d00e3cea3280c3ed8a340c,65d4ce4bfe04d08c28397785,65d4d1a3bf805f04e491a04b,,,,,,,,,,,,,,,,,,,,,,,,,,,,,,,,,,,,,,,,,,,,,,,,,,,2,,,,,,,,,,,,,,,,,,,,,k,0.4806,,space,0.2614,,2,brown_gnomes,2,5,bright_forest,red_basket,red_gnome,2,4,dark_forest,yellow_basket,4,0,0,1,red_gnome,dark_forest,yellow_basket,881,1,0,76,0,152,1,1,,,,,,,,,,,,,,,,,,,,,,,,,,,,,,,,,,,,,,,,,,,,,,,,,,,,,,,,,,,,,,,,,,,,,,,,,,,,,,,,,,,,,,,,,,,,,,,,,,,,,,,,,,,,,
,,,,,,,,,,,,,,,,,,,,,,,,,,,,,,,,,287659,001,2024-02-20_16h22.30.686,experiment,2023.2.3,Win32,59.52380952,63d00e3cea3280c3ed8a340c,65d4ce4bfe04d08c28397785,65d4d1a3bf805f04e491a04b,,,,,,,,,,,,,,,,,,,,,,,,,,,,,,,,,,,,,,,,,,,,,,,,,,,2,,,,,,,,,,,,,,,,,,,,,k,0.5152,,space,0.6639,,2,brown_gnomes,2,6,bright_forest,red_basket,red_gnome,2,4,dark_forest,yellow_basket,4,0,0,1,red_gnome,dark_forest,yellow_basket,885,3,3,76,1,153,1,1,,,,,,,,,,,,,,,,,,,,,,,,,,,,,,,,,,,,,,,,,,,,,,,,,,,,,,,,,,,,,,,,,,,,,,,,,,,,,,,,,,,,,,,,,,,,,,,,,,,,,,,,,,,,,
,,,,,,,,,,,,,,,,,,,,,,,,,,,,,,,,,287659,001,2024-02-20_16h22.30.686,experiment,2023.2.3,Win32,59.52380952,63d00e3cea3280c3ed8a340c,65d4ce4bfe04d08c28397785,65d4d1a3bf805f04e491a04b,,,,,,,,,,,,,,,,,,,,,,,,,,,,,,,,,,,,,,,,,,,,,,,,,,,1,,,,,,,,,,,,,,,,,,,,,s,0.6809,,space,0.419,,1,green_gnome,1,7,dark_forest,yellow_basket,purple_gnome,1,9,bright_forest,red_basket,7,0,0,1,green_gnome,dark_forest,yellow_basket,892,-2,-2,77,0,154,0,1,,,,,,,,,,,,,,,,,,,,,,,,,,,,,,,,,,,,,,,,,,,,,,,,,,,,,,,,,,,,,,,,,,,,,,,,,,,,,,,,,,,,,,,,,,,,,,,,,,,,,,,,,,,,,
,,,,,,,,,,,,,,,,,,,,,,,,,,,,,,,,,287659,001,2024-02-20_16h22.30.686,experiment,2023.2.3,Win32,59.52380952,63d00e3cea3280c3ed8a340c,65d4ce4bfe04d08c28397785,65d4d1a3bf805f04e491a04b,,,,,,,,,,,,,,,,,,,,,,,,,,,,,,,,,,,,,,,,,,,,,,,,,,,1,,,,,,,,,,,,,,,,,,,,,k,0.5137,,space,0.3511,,1,green_gnome,1,5,dark_forest,yellow_basket,purple_gnome,1,7,bright_forest,red_basket,7,0,0,1,purple_gnome,bright_forest,red_basket,899,2,4,77,1,155,0,1,,,,,,,,,,,,,,,,,,,,,,,,,,,,,,,,,,,,,,,,,,,,,,,,,,,,,,,,,,,,,,,,,,,,,,,,,,,,,,,,,,,,,,,,,,,,,,,,,,,,,,,,,,,,,
,,,,,,,,,,,,,,,,,,,,,,,,,,,,,,,,,287659,001,2024-02-20_16h22.30.686,experiment,2023.2.3,Win32,59.52380952,63d00e3cea3280c3ed8a340c,65d4ce4bfe04d08c28397785,65d4d1a3bf805f04e491a04b,,,,,,,,,,,,,,,,,,,,,,,,,,,,,,,,,,,,,,,,,,,,,,,,,,,1,,,,,,,,,,,,,,,,,,,,,k,0.4067,,space,0.5845,,1,green_gnome,1,9,dark_forest,yellow_basket,purple_gnome,1,9,bright_forest,red_basket,9,0,0,1,purple_gnome,bright_forest,red_basket,908,7,-1,78,0,156,0,1,,,,,,,,,,,,,,,,,,,,,,,,,,,,,,,,,,,,,,,,,,,,,,,,,,,,,,,,,,,,,,,,,,,,,,,,,,,,,,,,,,,,,,,,,,,,,,,,,,,,,,,,,,,,,
,,,,,,,,,,,,,,,,,,,,,,,,,,,,,,,,,287659,001,2024-02-20_16h22.30.686,experiment,2023.2.3,Win32,59.52380952,63d00e3cea3280c3ed8a340c,65d4ce4bfe04d08c28397785,65d4d1a3bf805f04e491a04b,,,,,,,,,,,,,,,,,,,,,,,,,,,,,,,,,,,,,,,,,,,,,,,,,,,1,,,,,,,,,,,,,,,,,,,,,k,0.4203,,space,0.3328,,1,green_gnome,1,8,dark_forest,yellow_basket,purple_gnome,1,2,bright_forest,red_basket,2,0,0,1,purple_gnome,bright_forest,red_basket,910,-3,0,78,1,157,0,1,,,,,,,,,,,,,,,,,,,,,,,,,,,,,,,,,,,,,,,,,,,,,,,,,,,,,,,,,,,,,,,,,,,,,,,,,,,,,,,,,,,,,,,,,,,,,,,,,,,,,,,,,,,,,
,,,,,,,,,,,,,,,,,,,,,,,,,,,,,,,,,287659,001,2024-02-20_16h22.30.686,experiment,2023.2.3,Win32,59.52380952,63d00e3cea3280c3ed8a340c,65d4ce4bfe04d08c28397785,65d4d1a3bf805f04e491a04b,,,,,,,,,,,,,,,,,,,,,,,,,,,,,,,,,,,,,,,,,,,,,,,,,,,1,,,,,,,,,,,,,,,,,,,,,k,0.7822,,space,0.4622,,1,purple_gnome,1,1,bright_forest,red_basket,green_gnome,1,8,dark_forest,yellow_basket,8,0,0,1,green_gnome,dark_forest,yellow_basket,918,3,5,79,0,158,0,1,,,,,,,,,,,,,,,,,,,,,,,,,,,,,,,,,,,,,,,,,,,,,,,,,,,,,,,,,,,,,,,,,,,,,,,,,,,,,,,,,,,,,,,,,,,,,,,,,,,,,,,,,,,,,
,,,,,,,,,,,,,,,,,,,,,,,,,,,,,,,,,287659,001,2024-02-20_16h22.30.686,experiment,2023.2.3,Win32,59.52380952,63d00e3cea3280c3ed8a340c,65d4ce4bfe04d08c28397785,65d4d1a3bf805f04e491a04b,,,,,,,,,,,,,,,,,,,,,,,,,,,,,,,,,,,,,,,,,,,,,,,,,,,1,,,,,,,,,,,,,,,,,,,,,s,0.4643,,space,0.1573,,1,purple_gnome,1,4,bright_forest,red_basket,green_gnome,1,5,dark_forest,yellow_basket,4,0,0,1,purple_gnome,bright_forest,red_basket,922,-4,-2,79,1,159,0,1,,,,,,,,,,,,,,,,,,,,,,,,,,,,,,,,,,,,,,,,,,,,,,,,,,,,,,,,,,,,,,,,,,,,,,,,,,,,,,,,,,,,,,,,,,,,,,,,,,,,,,,,,,,,,
,,,,,,,,,,,,,,,,,,,,,,,,,,,,,,,,,287659,001,2024-02-20_16h22.30.686,experiment,2023.2.3,Win32,59.52380952,63d00e3cea3280c3ed8a340c,65d4ce4bfe04d08c28397785,65d4d1a3bf805f04e491a04b,,,,,,,,,,,,,,,,,,,,,,,,,,,,,,,,,,,,,,,,,,,,,,,,,,,2,,,,,,,,,,,,,,,,,,,,,k,0.7245,,space,0.417,,2,red_gnome,2,3,dark_forest,yellow_basket,brown_gnomes,2,0,bright_forest,red_basket,0,0,0,1,brown_gnomes,bright_forest,red_basket,922,-1,-3,80,0,160,1,1,,,,,,,,,,,,,,,,,,,,,,,,,,,,,,,,,,,,,,,,,,,,,,,,,,,,,,,,,,,,,,,,,,,,,,,,,,,,,,,,,,,,,,,,,,,,,,,,,,,,,,,,,,,,,
,,,,,,,,,,,,,,,,,,,,,,,,,,,,,,,,,287659,001,2024-02-20_16h22.30.686,experiment,2023.2.3,Win32,59.52380952,63d00e3cea3280c3ed8a340c,65d4ce4bfe04d08c28397785,65d4d1a3bf805f04e491a04b,,,,,,,,,,,,,,,,,,,,,,,,,,,,,,,,,,,,,,,,,,,,,,,,,,,1,,,,,,,,,,,,,,,,,,,,,k,0.4391,,space,0.7487,,1,green_gnome,1,0,dark_forest,yellow_basket,purple_gnome,1,1,bright_forest,red_basket,1,0,0,1,purple_gnome,bright_forest,red_basket,923,-2,-1,80,1,161,0,1,,,,,,,,,,,,,,,,,,,,,,,,,,,,,,,,,,,,,,,,,,,,,,,,,,,,,,,,,,,,,,,,,,,,,,,,,,,,,,,,,,,,,,,,,,,,,,,,,,,,,,,,,,,,,
,,,,,,,,,,,,,,,,,,,,,,,,,,,,,,,,,287659,001,2024-02-20_16h22.30.686,experiment,2023.2.3,Win32,59.52380952,63d00e3cea3280c3ed8a340c,65d4ce4bfe04d08c28397785,65d4d1a3bf805f04e491a04b,,,,,,,,,,,,,,,,,,,,,,,,,,,,,,,,,,,,,,,,,,,,,,,,,,,2,,,,,,,,,,,,,,,,,,,,,k,0.4757,,space,0.3542,,2,brown_gnomes,2,1,bright_forest,red_basket,red_gnome,2,1,dark_forest,yellow_basket,1,0,0,1,red_gnome,dark_forest,yellow_basket,924,1,1,81,0,162,1,1,,,,,,,,,,,,,,,,,,,,,,,,,,,,,,,,,,,,,,,,,,,,,,,,,,,,,,,,,,,,,,,,,,,,,,,,,,,,,,,,,,,,,,,,,,,,,,,,,,,,,,,,,,,,,
,,,,,,,,,,,,,,,,,,,,,,,,,,,,,,,,,287659,001,2024-02-20_16h22.30.686,experiment,2023.2.3,Win32,59.52380952,63d00e3cea3280c3ed8a340c,65d4ce4bfe04d08c28397785,65d4d1a3bf805f04e491a04b,,,,,,,,,,,,,,,,,,,,,,,,,,,,,,,,,,,,,,,,,,,,,,,,,,,1,,,,,,,,,,,,,,,,,,,,,k,0.6215,,space,0.2583,,1,purple_gnome,1,2,bright_forest,red_basket,green_gnome,1,2,dark_forest,yellow_basket,2,0,0,1,green_gnome,dark_forest,yellow_basket,926,-3,-2,81,1,163,0,1,,,,,,,,,,,,,,,,,,,,,,,,,,,,,,,,,,,,,,,,,,,,,,,,,,,,,,,,,,,,,,,,,,,,,,,,,,,,,,,,,,,,,,,,,,,,,,,,,,,,,,,,,,,,,
,,,,,,,,,,,,,,,,,,,,,,,,,,,,,,,,,287659,001,2024-02-20_16h22.30.686,experiment,2023.2.3,Win32,59.52380952,63d00e3cea3280c3ed8a340c,65d4ce4bfe04d08c28397785,65d4d1a3bf805f04e491a04b,,,,,,,,,,,,,,,,,,,,,,,,,,,,,,,,,,,,,,,,,,,,,,,,,,,1,,,,,,,,,,,,,,,,,,,,,k,0.4589,,space,0.5148,,1,green_gnome,1,0,dark_forest,yellow_basket,purple_gnome,1,1,bright_forest,red_basket,1,0,0,1,purple_gnome,bright_forest,red_basket,927,-1,2,82,0,164,0,1,,,,,,,,,,,,,,,,,,,,,,,,,,,,,,,,,,,,,,,,,,,,,,,,,,,,,,,,,,,,,,,,,,,,,,,,,,,,,,,,,,,,,,,,,,,,,,,,,,,,,,,,,,,,,
,,,,,,,,,,,,,,,,,,,,,,,,,,,,,,,,,287659,001,2024-02-20_16h22.30.686,experiment,2023.2.3,Win32,59.52380952,63d00e3cea3280c3ed8a340c,65d4ce4bfe04d08c28397785,65d4d1a3bf805f04e491a04b,,,,,,,,,,,,,,,,,,,,,,,,,,,,,,,,,,,,,,,,,,,,,,,,,,,2,,,,,,,,,,,,,,,,,,,,,k,0.6696,,space,0.3149,,2,red_gnome,2,2,dark_forest,yellow_basket,brown_gnomes,2,0,bright_forest,red_basket,0,0,0,1,brown_gnomes,bright_forest,red_basket,927,-2,0,82,1,165,1,1,,,,,,,,,,,,,,,,,,,,,,,,,,,,,,,,,,,,,,,,,,,,,,,,,,,,,,,,,,,,,,,,,,,,,,,,,,,,,,,,,,,,,,,,,,,,,,,,,,,,,,,,,,,,,
,,,,,,,,,,,,,,,,,,,,,,,,,,,,,,,,,287659,001,2024-02-20_16h22.30.686,experiment,2023.2.3,Win32,59.52380952,63d00e3cea3280c3ed8a340c,65d4ce4bfe04d08c28397785,65d4d1a3bf805f04e491a04b,,,,,,,,,,,,,,,,,,,,,,,,,,,,,,,,,,,,,,,,,,,,,,,,,,,2,,,,,,,,,,,,,,,,,,,,,s,0.4816,,space,0.318,,2,red_gnome,2,2,dark_forest,yellow_basket,brown_gnomes,2,2,bright_forest,red_basket,2,0,0,1,red_gnome,dark_forest,yellow_basket,929,-3,0,83,0,166,1,1,,,,,,,,,,,,,,,,,,,,,,,,,,,,,,,,,,,,,,,,,,,,,,,,,,,,,,,,,,,,,,,,,,,,,,,,,,,,,,,,,,,,,,,,,,,,,,,,,,,,,,,,,,,,,
,,,,,,,,,,,,,,,,,,,,,,,,,,,,,,,,,287659,001,2024-02-20_16h22.30.686,experiment,2023.2.3,Win32,59.52380952,63d00e3cea3280c3ed8a340c,65d4ce4bfe04d08c28397785,65d4d1a3bf805f04e491a04b,,,,,,,,,,,,,,,,,,,,,,,,,,,,,,,,,,,,,,,,,,,,,,,,,,,2,,,,,,,,,,,,,,,,,,,,,s,0.5324,,space,0.3288,,2,red_gnome,2,2,dark_forest,yellow_basket,brown_gnomes,2,1,bright_forest,red_basket,2,0,0,1,red_gnome,dark_forest,yellow_basket,931,1,1,83,1,167,1,1,,,,,,,,,,,,,,,,,,,,,,,,,,,,,,,,,,,,,,,,,,,,,,,,,,,,,,,,,,,,,,,,,,,,,,,,,,,,,,,,,,,,,,,,,,,,,,,,,,,,,,,,,,,,,
,,,,,,,,,,,,,,,,,,,,,,,,,,,,,,,,,287659,001,2024-02-20_16h22.30.686,experiment,2023.2.3,Win32,59.52380952,63d00e3cea3280c3ed8a340c,65d4ce4bfe04d08c28397785,65d4d1a3bf805f04e491a04b,,,,,,,,,,,,,,,,,,,,,,,,,,,,,,,,,,,,,,,,,,,,,,,,,,,1,,,,,,,,,,,,,,,,,,,,,s,0.4403,,space,0.3262,,1,purple_gnome,1,2,bright_forest,red_basket,green_gnome,1,3,dark_forest,yellow_basket,2,0,0,1,purple_gnome,bright_forest,red_basket,933,0,3,84,0,168,0,1,,,,,,,,,,,,,,,,,,,,,,,,,,,,,,,,,,,,,,,,,,,,,,,,,,,,,,,,,,,,,,,,,,,,,,,,,,,,,,,,,,,,,,,,,,,,,,,,,,,,,,,,,,,,,
,,,,,,,,,,,,,,,,,,,,,,,,,,,,,,,,,287659,001,2024-02-20_16h22.30.686,experiment,2023.2.3,Win32,59.52380952,63d00e3cea3280c3ed8a340c,65d4ce4bfe04d08c28397785,65d4d1a3bf805f04e491a04b,,,,,,,,,,,,,,,,,,,,,,,,,,,,,,,,,,,,,,,,,,,,,,,,,,,2,,,,,,,,,,,,,,,,,,,,,s,0.4993,,space,0.5872,,2,red_gnome,2,6,dark_forest,yellow_basket,brown_gnomes,2,2,bright_forest,red_basket,6,0,0,1,red_gnome,dark_forest,yellow_basket,939,-3,0,84,1,169,1,1,,,,,,,,,,,,,,,,,,,,,,,,,,,,,,,,,,,,,,,,,,,,,,,,,,,,,,,,,,,,,,,,,,,,,,,,,,,,,,,,,,,,,,,,,,,,,,,,,,,,,,,,,,,,,
,,,,,,,,,,,,,,,,,,,,,,,,,,,,,,,,,287659,001,2024-02-20_16h22.30.686,experiment,2023.2.3,Win32,59.52380952,63d00e3cea3280c3ed8a340c,65d4ce4bfe04d08c28397785,65d4d1a3bf805f04e491a04b,,,,,,,,,,,,,,,,,,,,,,,,,,,,,,,,,,,,,,,,,,,,,,,,,,,1,,,,,,,,,,,,,,,,,,,,,k,0.4715,,space,0.3069,,1,purple_gnome,1,1,bright_forest,red_basket,green_gnome,1,6,dark_forest,yellow_basket,6,0,0,1,green_gnome,dark_forest,yellow_basket,945,2,4,85,0,170,0,1,,,,,,,,,,,,,,,,,,,,,,,,,,,,,,,,,,,,,,,,,,,,,,,,,,,,,,,,,,,,,,,,,,,,,,,,,,,,,,,,,,,,,,,,,,,,,,,,,,,,,,,,,,,,,
,,,,,,,,,,,,,,,,,,,,,,,,,,,,,,,,,287659,001,2024-02-20_16h22.30.686,experiment,2023.2.3,Win32,59.52380952,63d00e3cea3280c3ed8a340c,65d4ce4bfe04d08c28397785,65d4d1a3bf805f04e491a04b,,,,,,,,,,,,,,,,,,,,,,,,,,,,,,,,,,,,,,,,,,,,,,,,,,,2,,,,,,,,,,,,,,,,,,,,,s,0.5062,,space,0.6792,,2,brown_gnomes,2,3,bright_forest,red_basket,red_gnome,2,8,dark_forest,yellow_basket,3,0,0,1,brown_gnomes,bright_forest,red_basket,948,0,2,85,1,171,1,1,,,,,,,,,,,,,,,,,,,,,,,,,,,,,,,,,,,,,,,,,,,,,,,,,,,,,,,,,,,,,,,,,,,,,,,,,,,,,,,,,,,,,,,,,,,,,,,,,,,,,,,,,,,,,
,,,,,,,,,,,,,,,,,,,,,,,,,,,,,,,,,287659,001,2024-02-20_16h22.30.686,experiment,2023.2.3,Win32,59.52380952,63d00e3cea3280c3ed8a340c,65d4ce4bfe04d08c28397785,65d4d1a3bf805f04e491a04b,,,,,,,,,,,,,,,,,,,,,,,,,,,,,,,,,,,,,,,,,,,,,,,,,,,1,,,,,,,,,,,,,,,,,,,,,k,0.1587,,space,0.5156,,1,green_gnome,1,8,dark_forest,yellow_basket,purple_gnome,1,3,bright_forest,red_basket,3,0,0,1,purple_gnome,bright_forest,red_basket,951,-2,2,86,0,172,0,1,,,,,,,,,,,,,,,,,,,,,,,,,,,,,,,,,,,,,,,,,,,,,,,,,,,,,,,,,,,,,,,,,,,,,,,,,,,,,,,,,,,,,,,,,,,,,,,,,,,,,,,,,,,,,
,,,,,,,,,,,,,,,,,,,,,,,,,,,,,,,,,287659,001,2024-02-20_16h22.30.686,experiment,2023.2.3,Win32,59.52380952,63d00e3cea3280c3ed8a340c,65d4ce4bfe04d08c28397785,65d4d1a3bf805f04e491a04b,,,,,,,,,,,,,,,,,,,,,,,,,,,,,,,,,,,,,,,,,,,,,,,,,,,1,,,,,,,,,,,,,,,,,,,,,k,0.2727,,space,0.0537,,1,purple_gnome,1,1,bright_forest,red_basket,green_gnome,1,8,dark_forest,yellow_basket,8,0,0,1,green_gnome,dark_forest,yellow_basket,959,2,1,86,1,173,0,1,,,,,,,,,,,,,,,,,,,,,,,,,,,,,,,,,,,,,,,,,,,,,,,,,,,,,,,,,,,,,,,,,,,,,,,,,,,,,,,,,,,,,,,,,,,,,,,,,,,,,,,,,,,,,
,,,,,,,,,,,,,,,,,,,,,,,,,,,,,,,,,287659,001,2024-02-20_16h22.30.686,experiment,2023.2.3,Win32,59.52380952,63d00e3cea3280c3ed8a340c,65d4ce4bfe04d08c28397785,65d4d1a3bf805f04e491a04b,,,,,,,,,,,,,,,,,,,,,,,,,,,,,,,,,,,,,,,,,,,,,,,,,,,2,,,,,,,,,,,,,,,,,,,,,k,0.4225,,space,0.2898,,2,red_gnome,2,9,dark_forest,yellow_basket,brown_gnomes,2,3,bright_forest,red_basket,3,0,0,1,brown_gnomes,bright_forest,red_basket,962,0,-1,87,0,174,1,1,,,,,,,,,,,,,,,,,,,,,,,,,,,,,,,,,,,,,,,,,,,,,,,,,,,,,,,,,,,,,,,,,,,,,,,,,,,,,,,,,,,,,,,,,,,,,,,,,,,,,,,,,,,,,
,,,,,,,,,,,,,,,,,,,,,,,,,,,,,,,,,287659,001,2024-02-20_16h22.30.686,experiment,2023.2.3,Win32,59.52380952,63d00e3cea3280c3ed8a340c,65d4ce4bfe04d08c28397785,65d4d1a3bf805f04e491a04b,,,,,,,,,,,,,,,,,,,,,,,,,,,,,,,,,,,,,,,,,,,,,,,,,,,2,,,,,,,,,,,,,,,,,,,,,k,0.2875,,space,0.3899,,2,brown_gnomes,2,3,bright_forest,red_basket,red_gnome,2,8,dark_forest,yellow_basket,8,0,0,1,red_gnome,dark_forest,yellow_basket,970,-2,-3,87,1,175,1,1,,,,,,,,,,,,,,,,,,,,,,,,,,,,,,,,,,,,,,,,,,,,,,,,,,,,,,,,,,,,,,,,,,,,,,,,,,,,,,,,,,,,,,,,,,,,,,,,,,,,,,,,,,,,,
,,,,,,,,,,,,,,,,,,,,,,,,,,,,,,,,,287659,001,2024-02-20_16h22.30.686,experiment,2023.2.3,Win32,59.52380952,63d00e3cea3280c3ed8a340c,65d4ce4bfe04d08c28397785,65d4d1a3bf805f04e491a04b,,,,,,,,,,,,,,,,,,,,,,,,,,,,,,,,,,,,,,,,,,,,,,,,,,,1,,,,,,,,,,,,,,,,,,,,,k,0.4125,,space,0.3483,,1,green_gnome,1,5,dark_forest,yellow_basket,purple_gnome,1,1,bright_forest,red_basket,1,0,0,1,purple_gnome,bright_forest,red_basket,971,-1,-2,88,0,176,0,1,,,,,,,,,,,,,,,,,,,,,,,,,,,,,,,,,,,,,,,,,,,,,,,,,,,,,,,,,,,,,,,,,,,,,,,,,,,,,,,,,,,,,,,,,,,,,,,,,,,,,,,,,,,,,
,,,,,,,,,,,,,,,,,,,,,,,,,,,,,,,,,287659,001,2024-02-20_16h22.30.686,experiment,2023.2.3,Win32,59.52380952,63d00e3cea3280c3ed8a340c,65d4ce4bfe04d08c28397785,65d4d1a3bf805f04e491a04b,,,,,,,,,,,,,,,,,,,,,,,,,,,,,,,,,,,,,,,,,,,,,,,,,,,2,,,,,,,,,,,,,,,,,,,,,s,0.3109,,space,0.3003,,2,red_gnome,2,3,dark_forest,yellow_basket,brown_gnomes,2,0,bright_forest,red_basket,3,0,0,1,red_gnome,dark_forest,yellow_basket,974,2,3,88,1,177,1,1,,,,,,,,,,,,,,,,,,,,,,,,,,,,,,,,,,,,,,,,,,,,,,,,,,,,,,,,,,,,,,,,,,,,,,,,,,,,,,,,,,,,,,,,,,,,,,,,,,,,,,,,,,,,,
,,,,,,,,,,,,,,,,,,,,,,,,,,,,,,,,,287659,001,2024-02-20_16h22.30.686,experiment,2023.2.3,Win32,59.52380952,63d00e3cea3280c3ed8a340c,65d4ce4bfe04d08c28397785,65d4d1a3bf805f04e491a04b,,,,,,,,,,,,,,,,,,,,,,,,,,,,,,,,,,,,,,,,,,,,,,,,,,,2,,,,,,,,,,,,,,,,,,,,,s,0.5631,,space,0.5682,,2,brown_gnomes,2,2,bright_forest,red_basket,red_gnome,2,6,dark_forest,yellow_basket,2,0,0,1,brown_gnomes,bright_forest,red_basket,976,1,0,89,0,178,1,1,,,,,,,,,,,,,,,,,,,,,,,,,,,,,,,,,,,,,,,,,,,,,,,,,,,,,,,,,,,,,,,,,,,,,,,,,,,,,,,,,,,,,,,,,,,,,,,,,,,,,,,,,,,,,
,,,,,,,,,,,,,,,,,,,,,,,,,,,,,,,,,287659,001,2024-02-20_16h22.30.686,experiment,2023.2.3,Win32,59.52380952,63d00e3cea3280c3ed8a340c,65d4ce4bfe04d08c28397785,65d4d1a3bf805f04e491a04b,,,,,,,,,,,,,,,,,,,,,,,,,,,,,,,,,,,,,,,,,,,,,,,,,,,1,,,,,,,,,,,,,,,,,,,,,k,0.4945,,space,0.2867,,1,green_gnome,1,6,dark_forest,yellow_basket,purple_gnome,1,3,bright_forest,red_basket,3,0,0,1,purple_gnome,bright_forest,red_basket,979,-2,-2,89,1,179,0,1,,,,,,,,,,,,,,,,,,,,,,,,,,,,,,,,,,,,,,,,,,,,,,,,,,,,,,,,,,,,,,,,,,,,,,,,,,,,,,,,,,,,,,,,,,,,,,,,,,,,,,,,,,,,,
,,,,,,,,,,,,,,,,,,,,,,,,,,,,,,,,,287659,001,2024-02-20_16h22.30.686,experiment,2023.2.3,Win32,59.52380952,63d00e3cea3280c3ed8a340c,65d4ce4bfe04d08c28397785,65d4d1a3bf805f04e491a04b,,,,,,,,,,,,,,,,,,,,,,,,,,,,,,,,,,,,,,,,,,,,,,,,,,,2,,,,,,,,,,,,,,,,,,,,,k,0.5632,,space,0.4227,,2,brown_gnomes,2,1,bright_forest,red_basket,red_gnome,2,4,dark_forest,yellow_basket,4,0,0,1,red_gnome,dark_forest,yellow_basket,983,-4,-1,90,0,180,1,1,,,,,,,,,,,,,,,,,,,,,,,,,,,,,,,,,,,,,,,,,,,,,,,,,,,,,,,,,,,,,,,,,,,,,,,,,,,,,,,,,,,,,,,,,,,,,,,,,,,,,,,,,,,,,
,,,,,,,,,,,,,,,,,,,,,,,,,,,,,,,,,287659,001,2024-02-20_16h22.30.686,experiment,2023.2.3,Win32,59.52380952,63d00e3cea3280c3ed8a340c,65d4ce4bfe04d08c28397785,65d4d1a3bf805f04e491a04b,,,,,,,,,,,,,,,,,,,,,,,,,,,,,,,,,,,,,,,,,,,,,,,,,,,2,,,,,,,,,,,,,,,,,,,,,s,0.3653,,space,0.4514,,2,red_gnome,2,3,dark_forest,yellow_basket,brown_gnomes,2,3,bright_forest,red_basket,3,0,0,1,red_gnome,dark_forest,yellow_basket,986,-1,0,90,1,181,1,1,,,,,,,,,,,,,,,,,,,,,,,,,,,,,,,,,,,,,,,,,,,,,,,,,,,,,,,,,,,,,,,,,,,,,,,,,,,,,,,,,,,,,,,,,,,,,,,,,,,,,,,,,,,,,
,,,,,,,,,,,,,,,,,,,,,,,,,,,,,,,,,287659,001,2024-02-20_16h22.30.686,experiment,2023.2.3,Win32,59.52380952,63d00e3cea3280c3ed8a340c,65d4ce4bfe04d08c28397785,65d4d1a3bf805f04e491a04b,,,,,,,,,,,,,,,,,,,,,,,,,,,,,,,,,,,,,,,,,,,,,,,,,,,1,,,,,,,,,,,,,,,,,,,,,k,0.4337,,space,0.6825,,1,green_gnome,1,3,dark_forest,yellow_basket,purple_gnome,1,2,bright_forest,red_basket,2,0,0,1,purple_gnome,bright_forest,red_basket,988,3,-2,91,0,182,0,1,,,,,,,,,,,,,,,,,,,,,,,,,,,,,,,,,,,,,,,,,,,,,,,,,,,,,,,,,,,,,,,,,,,,,,,,,,,,,,,,,,,,,,,,,,,,,,,,,,,,,,,,,,,,,
,,,,,,,,,,,,,,,,,,,,,,,,,,,,,,,,,287659,001,2024-02-20_16h22.30.686,experiment,2023.2.3,Win32,59.52380952,63d00e3cea3280c3ed8a340c,65d4ce4bfe04d08c28397785,65d4d1a3bf805f04e491a04b,,,,,,,,,,,,,,,,,,,,,,,,,,,,,,,,,,,,,,,,,,,,,,,,,,,1,,,,,,,,,,,,,,,,,,,,,k,0.4276,,space,0.0761,,1,purple_gnome,1,5,bright_forest,red_basket,green_gnome,1,1,dark_forest,yellow_basket,1,0,0,1,green_gnome,dark_forest,yellow_basket,989,-1,-1,91,1,183,0,1,,,,,,,,,,,,,,,,,,,,,,,,,,,,,,,,,,,,,,,,,,,,,,,,,,,,,,,,,,,,,,,,,,,,,,,,,,,,,,,,,,,,,,,,,,,,,,,,,,,,,,,,,,,,,
,,,,,,,,,,,,,,,,,,,,,,,,,,,,,,,,,287659,001,2024-02-20_16h22.30.686,experiment,2023.2.3,Win32,59.52380952,63d00e3cea3280c3ed8a340c,65d4ce4bfe04d08c28397785,65d4d1a3bf805f04e491a04b,,,,,,,,,,,,,,,,,,,,,,,,,,,,,,,,,,,,,,,,,,,,,,,,,,,2,,,,,,,,,,,,,,,,,,,,,k,0.5121,,space,0.3598,,2,brown_gnomes,2,4,bright_forest,red_basket,red_gnome,2,0,dark_forest,yellow_basket,0,0,0,1,red_gnome,dark_forest,yellow_basket,989,3,0,92,0,184,1,1,,,,,,,,,,,,,,,,,,,,,,,,,,,,,,,,,,,,,,,,,,,,,,,,,,,,,,,,,,,,,,,,,,,,,,,,,,,,,,,,,,,,,,,,,,,,,,,,,,,,,,,,,,,,,
,,,,,,,,,,,,,,,,,,,,,,,,,,,,,,,,,287659,001,2024-02-20_16h22.30.686,experiment,2023.2.3,Win32,59.52380952,63d00e3cea3280c3ed8a340c,65d4ce4bfe04d08c28397785,65d4d1a3bf805f04e491a04b,,,,,,,,,,,,,,,,,,,,,,,,,,,,,,,,,,,,,,,,,,,,,,,,,,,2,,,,,,,,,,,,,,,,,,,,,s,0.6364,,space,0.4193,,2,brown_gnomes,2,7,bright_forest,red_basket,red_gnome,2,0,dark_forest,yellow_basket,7,0,0,1,brown_gnomes,bright_forest,red_basket,996,3,2,92,1,185,1,1,,,,,,,,,,,,,,,,,,,,,,,,,,,,,,,,,,,,,,,,,,,,,,,,,,,,,,,,,,,,,,,,,,,,,,,,,,,,,,,,,,,,,,,,,,,,,,,,,,,,,,,,,,,,,
,,,,,,,,,,,,,,,,,,,,,,,,,,,,,,,,,287659,001,2024-02-20_16h22.30.686,experiment,2023.2.3,Win32,59.52380952,63d00e3cea3280c3ed8a340c,65d4ce4bfe04d08c28397785,65d4d1a3bf805f04e491a04b,,,,,,,,,,,,,,,,,,,,,,,,,,,,,,,,,,,,,,,,,,,,,,,,,,,2,,,,,,,,,,,,,,,,,,,,,s,0.4391,,space,0.8462,,2,brown_gnomes,2,8,bright_forest,red_basket,red_gnome,2,2,dark_forest,yellow_basket,8,0,0,1,brown_gnomes,bright_forest,red_basket,1004,1,-1,93,0,186,1,1,,,,,,,,,,,,,,,,,,,,,,,,,,,,,,,,,,,,,,,,,,,,,,,,,,,,,,,,,,,,,,,,,,,,,,,,,,,,,,,,,,,,,,,,,,,,,,,,,,,,,,,,,,,,,
,,,,,,,,,,,,,,,,,,,,,,,,,,,,,,,,,287659,001,2024-02-20_16h22.30.686,experiment,2023.2.3,Win32,59.52380952,63d00e3cea3280c3ed8a340c,65d4ce4bfe04d08c28397785,65d4d1a3bf805f04e491a04b,,,,,,,,,,,,,,,,,,,,,,,,,,,,,,,,,,,,,,,,,,,,,,,,,,,2,,,,,,,,,,,,,,,,,,,,,k,0.25,,space,0.399,,2,red_gnome,2,1,dark_forest,yellow_basket,brown_gnomes,2,9,bright_forest,red_basket,9,0,0,1,brown_gnomes,bright_forest,red_basket,1013,-1,1,93,1,187,1,1,,,,,,,,,,,,,,,,,,,,,,,,,,,,,,,,,,,,,,,,,,,,,,,,,,,,,,,,,,,,,,,,,,,,,,,,,,,,,,,,,,,,,,,,,,,,,,,,,,,,,,,,,,,,,
,,,,,,,,,,,,,,,,,,,,,,,,,,,,,,,,,287659,001,2024-02-20_16h22.30.686,experiment,2023.2.3,Win32,59.52380952,63d00e3cea3280c3ed8a340c,65d4ce4bfe04d08c28397785,65d4d1a3bf805f04e491a04b,,,,,,,,,,,,,,,,,,,,,,,,,,,,,,,,,,,,,,,,,,,,,,,,,,,2,,,,,,,,,,,,,,,,,,,,,k,0.4441,,space,0.3658,,2,red_gnome,2,2,dark_forest,yellow_basket,brown_gnomes,2,8,bright_forest,red_basket,8,0,0,1,brown_gnomes,bright_forest,red_basket,1021,3,0,94,0,188,1,1,,,,,,,,,,,,,,,,,,,,,,,,,,,,,,,,,,,,,,,,,,,,,,,,,,,,,,,,,,,,,,,,,,,,,,,,,,,,,,,,,,,,,,,,,,,,,,,,,,,,,,,,,,,,,
,,,,,,,,,,,,,,,,,,,,,,,,,,,,,,,,,287659,001,2024-02-20_16h22.30.686,experiment,2023.2.3,Win32,59.52380952,63d00e3cea3280c3ed8a340c,65d4ce4bfe04d08c28397785,65d4d1a3bf805f04e491a04b,,,,,,,,,,,,,,,,,,,,,,,,,,,,,,,,,,,,,,,,,,,,,,,,,,,1,,,,,,,,,,,,,,,,,,,,,s,0.4328,,space,0.044,,1,purple_gnome,1,7,bright_forest,red_basket,green_gnome,1,2,dark_forest,yellow_basket,7,0,0,1,purple_gnome,bright_forest,red_basket,1028,0,1,94,1,189,0,1,,,,,,,,,,,,,,,,,,,,,,,,,,,,,,,,,,,,,,,,,,,,,,,,,,,,,,,,,,,,,,,,,,,,,,,,,,,,,,,,,,,,,,,,,,,,,,,,,,,,,,,,,,,,,
,,,,,,,,,,,,,,,,,,,,,,,,,,,,,,,,,287659,001,2024-02-20_16h22.30.686,experiment,2023.2.3,Win32,59.52380952,63d00e3cea3280c3ed8a340c,65d4ce4bfe04d08c28397785,65d4d1a3bf805f04e491a04b,,,,,,,,,,,,,,,,,,,,,,,,,,,,,,,,,,,,,,,,,,,,,,,,,,,1,,,,,,,,,,,,,,,,,,,,,s,0.5889,,space,0.3532,,1,purple_gnome,1,7,bright_forest,red_basket,green_gnome,1,3,dark_forest,yellow_basket,7,0,0,1,purple_gnome,bright_forest,red_basket,1035,-1,1,95,0,190,0,1,,,,,,,,,,,,,,,,,,,,,,,,,,,,,,,,,,,,,,,,,,,,,,,,,,,,,,,,,,,,,,,,,,,,,,,,,,,,,,,,,,,,,,,,,,,,,,,,,,,,,,,,,,,,,
,,,,,,,,,,,,,,,,,,,,,,,,,,,,,,,,,287659,001,2024-02-20_16h22.30.686,experiment,2023.2.3,Win32,59.52380952,63d00e3cea3280c3ed8a340c,65d4ce4bfe04d08c28397785,65d4d1a3bf805f04e491a04b,,,,,,,,,,,,,,,,,,,,,,,,,,,,,,,,,,,,,,,,,,,,,,,,,,,1,,,,,,,,,,,,,,,,,,,,,k,0.4551,,space,0.2366,,1,green_gnome,1,4,dark_forest,yellow_basket,purple_gnome,1,6,bright_forest,red_basket,6,0,0,1,purple_gnome,bright_forest,red_basket,1041,0,1,95,1,191,0,1,,,,,,,,,,,,,,,,,,,,,,,,,,,,,,,,,,,,,,,,,,,,,,,,,,,,,,,,,,,,,,,,,,,,,,,,,,,,,,,,,,,,,,,,,,,,,,,,,,,,,,,,,,,,,
,,,,,,,,,,,,,,,,,,,,,,,,,,,,,,,,,287659,001,2024-02-20_16h22.30.686,experiment,2023.2.3,Win32,59.52380952,63d00e3cea3280c3ed8a340c,65d4ce4bfe04d08c28397785,65d4d1a3bf805f04e491a04b,,,,,,,,,,,,,,,,,,,,,,,,,,,,,,,,,,,,,,,,,,,,,,,,,,,2,,,,,,,,,,,,,,,,,,,,,k,0.6598,,space,0.6406,,2,red_gnome,2,5,dark_forest,yellow_basket,brown_gnomes,2,6,bright_forest,red_basket,6,0,0,1,brown_gnomes,bright_forest,red_basket,1047,0,0,96,0,192,1,1,,,,,,,,,,,,,,,,,,,,,,,,,,,,,,,,,,,,,,,,,,,,,,,,,,,,,,,,,,,,,,,,,,,,,,,,,,,,,,,,,,,,,,,,,,,,,,,,,,,,,,,,,,,,,
,,,,,,,,,,,,,,,,,,,,,,,,,,,,,,,,,287659,001,2024-02-20_16h22.30.686,experiment,2023.2.3,Win32,59.52380952,63d00e3cea3280c3ed8a340c,65d4ce4bfe04d08c28397785,65d4d1a3bf805f04e491a04b,,,,,,,,,,,,,,,,,,,,,,,,,,,,,,,,,,,,,,,,,,,,,,,,,,,2,,,,,,,,,,,,,,,,,,,,,s,0.4943,,space,0.9024,,2,brown_gnomes,2,6,bright_forest,red_basket,red_gnome,2,5,dark_forest,yellow_basket,6,0,0,1,brown_gnomes,bright_forest,red_basket,1053,-1,1,96,1,193,1,1,,,,,,,,,,,,,,,,,,,,,,,,,,,,,,,,,,,,,,,,,,,,,,,,,,,,,,,,,,,,,,,,,,,,,,,,,,,,,,,,,,,,,,,,,,,,,,,,,,,,,,,,,,,,,
,,,,,,,,,,,,,,,,,,,,,,,,,,,,,,,,,287659,001,2024-02-20_16h22.30.686,experiment,2023.2.3,Win32,59.52380952,63d00e3cea3280c3ed8a340c,65d4ce4bfe04d08c28397785,65d4d1a3bf805f04e491a04b,,,,,,,,,,,,,,,,,,,,,,,,,,,,,,,,,,,,,,,,,,,,,,,,,,,1,,,,,,,,,,,,,,,,,,,,,k,0.2691,,space,0.6145,,1,green_gnome,1,6,dark_forest,yellow_basket,purple_gnome,1,5,bright_forest,red_basket,5,0,0,1,purple_gnome,bright_forest,red_basket,1058,2,1,97,0,194,0,1,,,,,,,,,,,,,,,,,,,,,,,,,,,,,,,,,,,,,,,,,,,,,,,,,,,,,,,,,,,,,,,,,,,,,,,,,,,,,,,,,,,,,,,,,,,,,,,,,,,,,,,,,,,,,
,,,,,,,,,,,,,,,,,,,,,,,,,,,,,,,,,287659,001,2024-02-20_16h22.30.686,experiment,2023.2.3,Win32,59.52380952,63d00e3cea3280c3ed8a340c,65d4ce4bfe04d08c28397785,65d4d1a3bf805f04e491a04b,,,,,,,,,,,,,,,,,,,,,,,,,,,,,,,,,,,,,,,,,,,,,,,,,,,1,,,,,,,,,,,,,,,,,,,,,s,0.6451,,space,0.1494,,1,green_gnome,1,7,dark_forest,yellow_basket,purple_gnome,1,7,bright_forest,red_basket,7,0,0,1,green_gnome,dark_forest,yellow_basket,1065,2,-4,97,1,195,0,1,,,,,,,,,,,,,,,,,,,,,,,,,,,,,,,,,,,,,,,,,,,,,,,,,,,,,,,,,,,,,,,,,,,,,,,,,,,,,,,,,,,,,,,,,,,,,,,,,,,,,,,,,,,,,
,,,,,,,,,,,,,,,,,,,,,,,,,,,,,,,,,287659,001,2024-02-20_16h22.30.686,experiment,2023.2.3,Win32,59.52380952,63d00e3cea3280c3ed8a340c,65d4ce4bfe04d08c28397785,65d4d1a3bf805f04e491a04b,,,,,,,,,,,,,,,,,,,,,,,,,,,,,,,,,,,,,,,,,,,,,,,,,,,2,,,,,,,,,,,,,,,,,,,,,k,0.2284,,space,0.6004,,2,brown_gnomes,2,9,bright_forest,red_basket,red_gnome,2,3,dark_forest,yellow_basket,3,0,0,1,red_gnome,dark_forest,yellow_basket,1068,3,0,98,0,196,1,1,,,,,,,,,,,,,,,,,,,,,,,,,,,,,,,,,,,,,,,,,,,,,,,,,,,,,,,,,,,,,,,,,,,,,,,,,,,,,,,,,,,,,,,,,,,,,,,,,,,,,,,,,,,,,
,,,,,,,,,,,,,,,,,,,,,,,,,,,,,,,,,287659,001,2024-02-20_16h22.30.686,experiment,2023.2.3,Win32,59.52380952,63d00e3cea3280c3ed8a340c,65d4ce4bfe04d08c28397785,65d4d1a3bf805f04e491a04b,,,,,,,,,,,,,,,,,,,,,,,,,,,,,,,,,,,,,,,,,,,,,,,,,,,1,,,,,,,,,,,,,,,,,,,,,s,0.7717,,space,1.0443,,1,green_gnome,1,3,dark_forest,yellow_basket,purple_gnome,1,6,bright_forest,red_basket,3,0,0,1,green_gnome,dark_forest,yellow_basket,1071,2,-2,98,1,197,0,1,,,,,,,,,,,,,,,,,,,,,,,,,,,,,,,,,,,,,,,,,,,,,,,,,,,,,,,,,,,,,,,,,,,,,,,,,,,,,,,,,,,,,,,,,,,,,,,,,,,,,,,,,,,,,
,,,,,,,,,,,,,,,,,,,,,,,,,,,,,,,,,287659,001,2024-02-20_16h22.30.686,experiment,2023.2.3,Win32,59.52380952,63d00e3cea3280c3ed8a340c,65d4ce4bfe04d08c28397785,65d4d1a3bf805f04e491a04b,,,,,,,,,,,,,,,,,,,,,,,,,,,,,,,,,,,,,,,,,,,,,,,,,,,2,,,,,,,,,,,,,,,,,,,,,k,0.4969,,space,0.4875,,2,red_gnome,2,1,dark_forest,yellow_basket,brown_gnomes,2,8,bright_forest,red_basket,8,0,0,1,brown_gnomes,bright_forest,red_basket,1079,-4,2,99,0,198,1,1,,,,,,,,,,,,,,,,,,,,,,,,,,,,,,,,,,,,,,,,,,,,,,,,,,,,,,,,,,,,,,,,,,,,,,,,,,,,,,,,,,,,,,,,,,,,,,,,,,,,,,,,,,,,,
,,,,,,,,,,,,,,,,,,,,,,,,,,,,,,,,,287659,001,2024-02-20_16h22.30.686,experiment,2023.2.3,Win32,59.52380952,63d00e3cea3280c3ed8a340c,65d4ce4bfe04d08c28397785,65d4d1a3bf805f04e491a04b,,,,,,,,,,,,,,,,,,,,,,,,,,,,,,,,,,,,,,,,,,,,,,,,,,,1,,,,,,,,,,,,,,,,,,,,,k,0.347,,space,0.4012,,1,green_gnome,1,3,dark_forest,yellow_basket,purple_gnome,1,4,bright_forest,red_basket,4,0,0,1,purple_gnome,bright_forest,red_basket,1083,0,0,99,1,199,0,1,,,,,,,,,,,,,,,,,,,,,,,,,,,,,,,,,,,,,,,,,,,,,,,,,,,,,,,,,,,,,,,,,,,,,,,,,,,,,,,,,,,,,,,,,,,,,,,,,,,,,,,,,,,,,
,,,,,,,,,,,,,,,,,,,,,,,,,,,,,,,,,287659,001,2024-02-20_16h22.30.686,experiment,2023.2.3,Win32,59.52380952,63d00e3cea3280c3ed8a340c,65d4ce4bfe04d08c28397785,65d4d1a3bf805f04e491a04b,,,,,,,,,,,,,,,,,,,,,,,,,,,,,,,,,,,,,,,,,,,,,,,,,,,,,,,,,,1292.0128,1299.4798,0.674074074,-0.314814815,1,0,0,7.4617,t_advice_finished_typing_rect,,,,,,,,,,,,,,,,,,,,,,,,,,,,,,,,,,,,,,space,4.8848,,space,22.0855,,space,2.7982,,"I picked the dark purple and brown gnome quite often, and they usually earned me 5-9 mushrooms. HOWEVER, at some stage their number goes down, then you need to pick the other gnome for a few rounds. At least that seemed to work for me. The other ones only sometimes gave large numbers of mushrooms, especially when the purple and brown gnome maybe needed a rest. That's my theory - but towards the latter part of the game, it didn't seem to work as reliable any longer.",0.716666667,-0.387962963,1,0,0,124.7223,vb_finished_typing_rect,space,3.0395,,space,13.7322,,space,3.3652,,space,3.0487,,0,4.6709,100,7.4074,space,7.2929,,red_gnome,purple_gnome,0,0,0,3,1,1,2,,,,,,,,,,,,,,,,,,,,,,,,,,,,,,,,,,,,,,,,,,,,,,,,,,,,,,,,,,,,,,,,
,,,,,,,,,,,,,,,,,,,,,,,,,,,,,,,,,287659,001,2024-02-20_16h22.30.686,experiment,2023.2.3,Win32,59.52380952,63d00e3cea3280c3ed8a340c,65d4ce4bfe04d08c28397785,65d4d1a3bf805f04e491a04b,,,,,,,,,,,,,,,,,,,,,,,,,,,,,,,,,,,,,,,,,,,,,,,,,,,,,,,,,,,,,,,,,,,,,,,,,,,,,,,,,,,,,,,,,,,,,,,,,,,,,,,,,,,,,,,,,,,,,,,,,,,,,,,,,,,,,100,4.3896,77.22222222,5.6055,space,5.289,,brown_gnomes,red_gnome,0,1,1,1,1,0,2,,,,,,,,,,,,,,,,,,,,,,,,,,,,,,,,,,,,,,,,,,,,,,,,,,,,,,,,,,,,,,,,
,,,,,,,,,,,,,,,,,,,,,,,,,,,,,,,,,287659,001,2024-02-20_16h22.30.686,experiment,2023.2.3,Win32,59.52380952,63d00e3cea3280c3ed8a340c,65d4ce4bfe04d08c28397785,65d4d1a3bf805f04e491a04b,,,,,,,,,,,,,,,,,,,,,,,,,,,,,,,,,,,,,,,,,,,,,,,,,,,,,,,,,,,,,,,,,,,,,,,,,,,,,,,,,,,,,,,,,,,,,,,,,,,,,,,,,,,,,,,,,,,,,,,,,,,,,,,,,,,,,0,4.4304,82.96296296,5.7827,space,5.4416,,green_gnome,brown_gnomes,0,2,2,2,1,0,3,,,,,,,,,,,,,,,,,,,,,,,,,,,,,,,,,,,,,,,,,,,,,,,,,,,,,,,,,,,,,,,,
,,,,,,,,,,,,,,,,,,,,,,,,,,,,,,,,,287659,001,2024-02-20_16h22.30.686,experiment,2023.2.3,Win32,59.52380952,63d00e3cea3280c3ed8a340c,65d4ce4bfe04d08c28397785,65d4d1a3bf805f04e491a04b,,,,,,,,,,,,,,,,,,,,,,,,,,,,,,,,,,,,,,,,,,,,,,,,,,,,,,,,,,,,,,,,,,,,,,,,,,,,,,,,,,,,,,,,,,,,,,,,,,,,,,,,,,,,,,,,,,,,,,,,,,,,,,,,,,,,,2.5,2.4322,100,3.9854,space,3.7391,,green_gnome,red_gnome,0,3,3,5,1,2,3,,,,,,,,,,,,,,,,,,,,,,,,,,,,,,,,,,,,,,,,,,,,,,,,,,,,,,,,,,,,,,,,
,,,,,,,,,,,,,,,,,,,,,,,,,,,,,,,,,287659,001,2024-02-20_16h22.30.686,experiment,2023.2.3,Win32,59.52380952,63d00e3cea3280c3ed8a340c,65d4ce4bfe04d08c28397785,65d4d1a3bf805f04e491a04b,,,,,,,,,,,,,,,,,,,,,,,,,,,,,,,,,,,,,,,,,,,,,,,,,,,,,,,,,,,,,,,,,,,,,,,,,,,,,,,,,,,,,,,,,,,,,,,,,,,,,,,,,,,,,,,,,,,,,,,,,,,,,,,,,,,,,97.5,4.0629,73.51851852,5.3527,space,5.0189,,purple_gnome,green_gnome,0,4,4,4,1,1,3,,,,,,,,,,,,,,,,,,,,,,,,,,,,,,,,,,,,,,,,,,,,,,,,,,,,,,,,,,,,,,,,
,,,,,,,,,,,,,,,,,,,,,,,,,,,,,,,,,287659,001,2024-02-20_16h22.30.686,experiment,2023.2.3,Win32,59.52380952,63d00e3cea3280c3ed8a340c,65d4ce4bfe04d08c28397785,65d4d1a3bf805f04e491a04b,,,,,,,,,,,,,,,,,,,,,,,,,,,,,,,,,,,,,,,,,,,,,,,,,,,,,,,,,,,,,,,,,,,,,,,,,,,,,,,,,,,,,,,,,,,,,,,,,,,,,,,,,,,,,,,,,,,,,,,,,,,,,,,,,,,,,0,2.2969,100,3.8253,space,3.6538,,brown_gnomes,purple_gnome,0,5,5,0,1,0,1,,,,,,,,,,,,,,,,,,,,,,,,,,,,,,,,,,,,,,,,,,,,,,,,,,,,,,,,,,,,,,,,
,,,,,,,,,,,,,,,,,,,,,,,,,,,,,,,,,287659,001,2024-02-20_16h22.30.686,experiment,2023.2.3,Win32,59.52380952,63d00e3cea3280c3ed8a340c,65d4ce4bfe04d08c28397785,65d4d1a3bf805f04e491a04b,,,,,,,,,,,,,,,,,,,,,,,,,,,,,,,,,,,,,,,,,,,,,,,,,,,,,,,,,,,,,,,,,,,,,,,,,,,,,,,,,,,,,,,,,,,,,,,,,,,,,,,,,,,,,,,,,,,,,,,,,,,,,,,,,,,,,,,,,,,,,,,,,,,,,space,6.4515,,60,7.2822,40.74074074,8.4604,space,8.1686,,green_gnome,dark_forest,yellow_basket,0,0,0,7,1,3,1,,,,,,,,,,,,,,,,,,,,,,,,,,,,,,,,,,,,,,,,,,,,
,,,,,,,,,,,,,,,,,,,,,,,,,,,,,,,,,287659,001,2024-02-20_16h22.30.686,experiment,2023.2.3,Win32,59.52380952,63d00e3cea3280c3ed8a340c,65d4ce4bfe04d08c28397785,65d4d1a3bf805f04e491a04b,,,,,,,,,,,,,,,,,,,,,,,,,,,,,,,,,,,,,,,,,,,,,,,,,,,,,,,,,,,,,,,,,,,,,,,,,,,,,,,,,,,,,,,,,,,,,,,,,,,,,,,,,,,,,,,,,,,,,,,,,,,,,,,,,,,,,,,,,,,,,,,,,,,,,,,,66.11111111,2.6814,89.81481481,3.8815,space,3.5834,,red_gnome,dark_forest,yellow_basket,0,1,1,5,1,2,1,,,,,,,,,,,,,,,,,,,,,,,,,,,,,,,,,,,,,,,,,,,,
,,,,,,,,,,,,,,,,,,,,,,,,,,,,,,,,,287659,001,2024-02-20_16h22.30.686,experiment,2023.2.3,Win32,59.52380952,63d00e3cea3280c3ed8a340c,65d4ce4bfe04d08c28397785,65d4d1a3bf805f04e491a04b,,,,,,,,,,,,,,,,,,,,,,,,,,,,,,,,,,,,,,,,,,,,,,,,,,,,,,,,,,,,,,,,,,,,,,,,,,,,,,,,,,,,,,,,,,,,,,,,,,,,,,,,,,,,,,,,,,,,,,,,,,,,,,,,,,,,,,,,,,,,,,,,,,,,,,,,27.31481481,5.6987,,,space,5.8506,,brown_gnomes,dark_forest,yellow_basket,0,2,2,1,1,0,1,,,,,,,,,,,,,,,,,,,,,,,,,,,,,,,,,,,,,,,,,,,,
,,,,,,,,,,,,,,,,,,,,,,,,,,,,,,,,,287659,001,2024-02-20_16h22.30.686,experiment,2023.2.3,Win32,59.52380952,63d00e3cea3280c3ed8a340c,65d4ce4bfe04d08c28397785,65d4d1a3bf805f04e491a04b,,,,,,,,,,,,,,,,,,,,,,,,,,,,,,,,,,,,,,,,,,,,,,,,,,,,,,,,,,,,,,,,,,,,,,,,,,,,,,,,,,,,,,,,,,,,,,,,,,,,,,,,,,,,,,,,,,,,,,,,,,,,,,,,,,,,,,,,,,,,,,,,,,,,,,,,0,3.416,100,4.4491,space,4.0832,,green_gnome,bright_forest,red_basket,0,3,3,6,1,3,0,,,,,,,,,,,,,,,,,,,,,,,,,,,,,,,,,,,,,,,,,,,,
,,,,,,,,,,,,,,,,,,,,,,,,,,,,,,,,,287659,001,2024-02-20_16h22.30.686,experiment,2023.2.3,Win32,59.52380952,63d00e3cea3280c3ed8a340c,65d4ce4bfe04d08c28397785,65d4d1a3bf805f04e491a04b,,,,,,,,,,,,,,,,,,,,,,,,,,,,,,,,,,,,,,,,,,,,,,,,,,,,,,,,,,,,,,,,,,,,,,,,,,,,,,,,,,,,,,,,,,,,,,,,,,,,,,,,,,,,,,,,,,,,,,,,,,,,,,,,,,,,,,,,,,,,,,,,,,,,,,,,0,2.4759,76.57407407,3.6442,space,3.3365,,purple_gnome,dark_forest,yellow_basket,0,4,4,3,1,1,1,,,,,,,,,,,,,,,,,,,,,,,,,,,,,,,,,,,,,,,,,,,,
,,,,,,,,,,,,,,,,,,,,,,,,,,,,,,,,,287659,001,2024-02-20_16h22.30.686,experiment,2023.2.3,Win32,59.52380952,63d00e3cea3280c3ed8a340c,65d4ce4bfe04d08c28397785,65d4d1a3bf805f04e491a04b,,,,,,,,,,,,,,,,,,,,,,,,,,,,,,,,,,,,,,,,,,,,,,,,,,,,,,,,,,,,,,,,,,,,,,,,,,,,,,,,,,,,,,,,,,,,,,,,,,,,,,,,,,,,,,,,,,,,,,,,,,,,,,,,,,,,,,,,,,,,,,,,,,,,,,,,0,2.5362,78.7962963,3.7245,space,3.4028,,red_gnome,bright_forest,red_basket,0,5,5,4,1,2,0,,,,,,,,,,,,,,,,,,,,,,,,,,,,,,,,,,,,,,,,,,,,
,,,,,,,,,,,,,,,,,,,,,,,,,,,,,,,,,287659,001,2024-02-20_16h22.30.686,experiment,2023.2.3,Win32,59.52380952,63d00e3cea3280c3ed8a340c,65d4ce4bfe04d08c28397785,65d4d1a3bf805f04e491a04b,,,,,,,,,,,,,,,,,,,,,,,,,,,,,,,,,,,,,,,,,,,,,,,,,,,,,,,,,,,,,,,,,,,,,,,,,,,,,,,,,,,,,,,,,,,,,,,,,,,,,,,,,,,,,,,,,,,,,,,,,,,,,,,,,,,,,,,,,,,,,,,,,,,,,,,,100,2.3765,100,3.6242,space,3.4365,,purple_gnome,bright_forest,red_basket,0,6,6,2,1,1,0,,,,,,,,,,,,,,,,,,,,,,,,,,,,,,,,,,,,,,,,,,,,
,,,,,,,,,,,,,,,,,,,,,,,,,,,,,,,,,287659,001,2024-02-20_16h22.30.686,experiment,2023.2.3,Win32,59.52380952,63d00e3cea3280c3ed8a340c,65d4ce4bfe04d08c28397785,65d4d1a3bf805f04e491a04b,,,,,,,,,,,,,,,,,,,,,,,,,,,,,,,,,,,,,,,,,,,,,,,,,,,,,,,,,,,,,,,,,,,,,,,,,,,,,,,,,,,,,,,,,,,,,,,,,,,,,,,,,,,,,,,,,,,,,,,,,,,,,,,,,,,,,,,,,,,,,,,,,,,,,,,,100,2.3698,100,3.4525,space,3.2696,,brown_gnomes,bright_forest,red_basket,0,7,7,0,1,0,0,,,,,,,,,,,,,,,,,,,,,,,,,,,,,,,,,,,,,,,,,,,,
,,,,,,,,,,,,,,,,,,,,,,,,,,,,,,,,,287659,001,2024-02-20_16h22.30.686,experiment,2023.2.3,Win32,59.52380952,63d00e3cea3280c3ed8a340c,65d4ce4bfe04d08c28397785,65d4d1a3bf805f04e491a04b,,,,,,,,,,,,,,,,,,,,,,,,,,,,,,,,,,,,,,,,,,,,,,,,,,,,,,,,,,,,,,,,,,,,,,,,,,,,,,,,,,,,,,,,,,,,,,,,,,,,,,,,,,,,,,,,,,,,,,,,,,,,,,,,,,,,,,,,,,,,,,,,,,,,,,,,,,,,,,,,,,,,,,,,,space,8.7882,,100,3.4556,space,5.9256,,73.05555556,6.0865,dark_forest,bright_forest,yellow_basket,red_basket,0,0,0,0,1,,,,,,,,,,,,,,,,,,,,,,,,,
,,,,,,,,,,,,,,,,,,,,,,,,,,,,,,,,,287659,001,2024-02-20_16h22.30.686,experiment,2023.2.3,Win32,59.52380952,63d00e3cea3280c3ed8a340c,65d4ce4bfe04d08c28397785,65d4d1a3bf805f04e491a04b,,,,,,,,,,,,,,,,,,,,,,,,,,,,,,,,,,,,,,,,,,,,,,,,,,,,,,,,,,,,,,,,,,,,,,,,,,,,,,,,,,,,,,,,,,,,,,,,,,,,,,,,,,,,,,,,,,,,,,,,,,,,,,,,,,,,,,,,,,,,,,,,,,,1,3,,,,,,,,,,,,,,,,,,,,,,,,,,,,,,,,,,,,,,,,space,2.0263,,82.96296296,2.167,space,3.7194,,100,3.96,green_gnome,purple_gnome,0,0,0,4,1,,,,,,,,
,,,,,,,,,,,,,,,,,,,,,,,,,,,,,,,,,287659,001,2024-02-20_16h22.30.686,experiment,2023.2.3,Win32,59.52380952,63d00e3cea3280c3ed8a340c,65d4ce4bfe04d08c28397785,65d4d1a3bf805f04e491a04b,,,,,,,,,,,,,,,,,,,,,,,,,,,,,,,,,,,,,,,,,,,,,,,,,,,,,,,,,,,,,,,,,,,,,,,,,,,,,,,,,,,,,,,,,,,,,,,,,,,,,,,,,,,,,,,,,,,,,,,,,,,,,,,,,,,,,,,,,,,,,,,,,,,0,2,,,,,,,,,,,,,,,,,,,,,,,,,,,,,,,,,,,,,,,,,,,2.87037037,2.0509,space,3.152,,100,3.4011,brown_gnomes,red_gnome,0,1,1,1,1,,,,,,,,
,,,,,,,,,,,,,,,,,,,,,,,,,,,,,,,,,287659,001,2024-02-20_16h22.30.686,experiment,2023.2.3,Win32,59.52380952,63d00e3cea3280c3ed8a340c,65d4ce4bfe04d08c28397785,65d4d1a3bf805f04e491a04b,,,,,,,,,,,,,,,,,,,,,,,,,,,,,,,,,,,,,,,,,,,,,,,,,,,,,,,,,,,,,,,,,,,,,,,,,,,,,,,,,,,,,,,,,,,,,,,,,,,,,,,,,,,,,,,,,,,,,,,,,,,,,,,,,,,,,,,,,,,,,,,,,,,0,3,,,,,,,,,,,,,,,,,,,,,,,,,,,,,,,,,,,,,,,,,,,100,2.7235,space,3.6677,,68.42592593,3.9872,green_gnome,brown_gnomes,0,2,2,2,1,,,,,,,,
,,,,,,,,,,,,,,,,,,,,,,,,,,,,,,,,,287659,001,2024-02-20_16h22.30.686,experiment,2023.2.3,Win32,59.52380952,63d00e3cea3280c3ed8a340c,65d4ce4bfe04d08c28397785,65d4d1a3bf805f04e491a04b,,,,,,,,,,,,,,,,,,,,,,,,,,,,,,,,,,,,,,,,,,,,,,,,,,,,,,,,,,,,,,,,,,,,,,,,,,,,,,,,,,,,,,,,,,,,,,,,,,,,,,,,,,,,,,,,,,,,,,,,,,,,,,,,,,,,,,,,,,,,,,,,,,,1,2,,,,,,,,,,,,,,,,,,,,,,,,,,,,,,,,,,,,,,,,,,,100,1.9911,space,3.2197,,77.96296296,3.463,red_gnome,purple_gnome,0,3,3,3,1,,,,,,,,
,,,,,,,,,,,,,,,,,,,,,,,,,,,,,,,,,287659,001,2024-02-20_16h22.30.686,experiment,2023.2.3,Win32,59.52380952,63d00e3cea3280c3ed8a340c,65d4ce4bfe04d08c28397785,65d4d1a3bf805f04e491a04b,,,,,,,,,,,,,,,,,,,,,,,,,,,,,,,,,,,,,,,,,,,,,,,,,,,,,,,,,,,,,,,,,,,,,,,,,,,,,,,,,,,,,,,,,,,,,,,,,,,,,,,,,,,,,,,,,,,,,,,,,,,,,,,,,,,,,,,,,,,,,,,,,,,2,3,,,,,,,,,,,,,,,,,,,,,,,,,,,,,,,,,,,,,,,,,,,31.11111111,4.6852,space,4.5529,,,,green_gnome,red_gnome,0,4,4,5,1,,,,,,,,
,,,,,,,,,,,,,,,,,,,,,,,,,,,,,,,,,287659,001,2024-02-20_16h22.30.686,experiment,2023.2.3,Win32,59.52380952,63d00e3cea3280c3ed8a340c,65d4ce4bfe04d08c28397785,65d4d1a3bf805f04e491a04b,,,,,,,,,,,,,,,,,,,,,,,,,,,,,,,,,,,,,,,,,,,,,,,,,,,,,,,,,,,,,,,,,,,,,,,,,,,,,,,,,,,,,,,,,,,,,,,,,,,,,,,,,,,,,,,,,,,,,,,,,,,,,,,,,,,,,,,,,,,,,,,,,,,0,1,,,,,,,,,,,,,,,,,,,,,,,,,,,,,,,,,,,,,,,,,,,70.46296296,3.2512,space,4.0526,,43.7962963,4.3972,brown_gnomes,purple_gnome,0,5,5,0,1,,,,,,,,
,,,,,,,,,,,,,,,,,,,,,,,,,,,,,,,,,287659,001,2024-02-20_16h22.30.686,experiment,2023.2.3,Win32,59.52380952,63d00e3cea3280c3ed8a340c,65d4ce4bfe04d08c28397785,65d4d1a3bf805f04e491a04b,,,,,,,,,,,,,,,,,,,,,,,,,,,,,,,,,,,,,,,,,,,,,,,,,,,,,,,,,,,,,,,,,,,,,,,,,,,,,,,,,,,,,,,,,,,,,,,,,,,,,,,,,,,,,,,,,,,,,,,,,,,,,,,,,,,,,,,,,,,,,,,,,,,,,,,,,,,,,,,,,,,,,,,,,,,,,,,,,,,,,,,,,,,,,,,,,,,,,,,,,,,,,space,18.1204,,0,0,0,0,1